/*--------------------------------*- C++ -*----------------------------------*\
| =========                 |                                                 |
| \\      /  F ield         | foam-extend: Open Source CFD                    |
|  \\    /   O peration     | Version:     3.2                                |
|   \\  /    A nd           | Web:         http://www.foam-extend.org         |
|    \\/     M anipulation  | For copyright notice see file Copyright         |
\*---------------------------------------------------------------------------*/
FoamFile
{
    version     2.0;
    format      ascii;
    class       volScalarField;
    location    "200";
    object      nut;
}
// * * * * * * * * * * * * * * * * * * * * * * * * * * * * * * * * * * * * * //

dimensions      [0 2 -1 0 0 0 0];

internalField   nonuniform List<scalar> 
2400
(
2.54252e-05
2.82205e-05
2.22516e-05
1.85033e-05
1.72749e-05
1.67683e-05
1.66555e-05
1.69701e-05
1.74159e-05
1.78816e-05
1.82859e-05
1.86384e-05
1.89181e-05
1.91894e-05
1.94121e-05
1.9614e-05
1.98041e-05
1.99717e-05
2.01225e-05
2.02622e-05
2.03883e-05
2.05099e-05
2.06386e-05
2.07757e-05
2.0909e-05
2.10302e-05
2.11378e-05
2.12297e-05
2.13066e-05
2.13698e-05
2.14216e-05
2.14636e-05
2.14963e-05
2.15212e-05
2.15397e-05
2.15539e-05
2.1565e-05
2.15737e-05
2.15806e-05
2.15863e-05
2.15909e-05
2.15948e-05
2.15981e-05
2.16008e-05
2.16031e-05
2.16051e-05
2.16067e-05
2.16081e-05
2.16093e-05
2.16103e-05
2.16111e-05
2.16119e-05
2.16125e-05
2.1613e-05
2.16135e-05
2.16138e-05
2.16142e-05
2.16145e-05
2.16147e-05
2.16149e-05
2.16151e-05
2.16153e-05
2.16154e-05
2.16155e-05
2.16156e-05
2.16157e-05
2.16158e-05
2.16159e-05
2.16159e-05
2.1616e-05
2.1616e-05
2.16161e-05
2.16161e-05
2.16161e-05
2.16162e-05
2.16162e-05
2.16162e-05
2.16162e-05
2.16162e-05
2.16162e-05
2.16162e-05
2.16162e-05
2.16163e-05
2.16163e-05
2.16163e-05
2.16163e-05
2.16162e-05
2.16162e-05
2.16162e-05
2.16162e-05
2.16163e-05
2.16163e-05
2.16163e-05
2.16163e-05
2.16163e-05
2.16163e-05
2.16163e-05
2.16163e-05
2.16163e-05
2.16163e-05
2.16163e-05
2.16163e-05
2.16163e-05
2.16163e-05
2.16163e-05
2.16163e-05
2.16163e-05
2.16163e-05
2.16163e-05
2.16163e-05
2.16163e-05
2.16163e-05
2.16163e-05
2.16163e-05
2.16163e-05
2.16163e-05
2.16163e-05
2.16163e-05
2.16163e-05
2.16163e-05
2.16163e-05
2.16163e-05
2.16163e-05
2.16163e-05
2.16163e-05
2.16163e-05
2.16163e-05
2.16163e-05
2.16163e-05
2.16163e-05
2.16163e-05
2.16163e-05
2.16163e-05
2.16163e-05
2.16163e-05
2.16163e-05
2.16163e-05
2.16163e-05
2.16163e-05
2.16163e-05
2.16163e-05
2.16163e-05
2.16163e-05
2.16163e-05
2.16163e-05
2.16163e-05
2.16163e-05
2.16163e-05
2.16163e-05
2.16163e-05
2.16163e-05
2.16163e-05
2.16163e-05
2.16163e-05
2.16163e-05
2.16163e-05
2.16163e-05
2.16163e-05
2.16163e-05
2.16163e-05
2.16163e-05
2.16163e-05
2.16163e-05
2.16163e-05
2.16163e-05
2.16163e-05
2.16163e-05
2.16163e-05
2.16163e-05
2.16163e-05
2.16163e-05
2.16163e-05
2.16163e-05
2.16163e-05
2.16163e-05
2.16163e-05
2.16163e-05
2.16163e-05
2.16163e-05
2.16163e-05
2.16163e-05
2.16163e-05
2.16163e-05
2.16163e-05
2.16163e-05
2.16163e-05
2.16163e-05
2.16163e-05
2.16163e-05
2.16163e-05
2.16163e-05
2.16163e-05
2.16163e-05
2.16163e-05
2.16163e-05
2.16163e-05
2.16163e-05
2.16163e-05
2.16163e-05
2.16163e-05
2.16163e-05
2.16163e-05
2.16163e-05
2.16163e-05
2.16163e-05
2.16163e-05
2.16163e-05
2.16163e-05
2.16163e-05
2.16163e-05
2.16163e-05
2.16163e-05
2.16163e-05
2.16163e-05
2.16163e-05
2.16163e-05
2.16163e-05
2.16163e-05
2.16163e-05
2.16163e-05
2.16163e-05
2.16163e-05
2.16163e-05
2.16163e-05
2.16163e-05
2.16163e-05
2.16163e-05
2.16163e-05
2.16163e-05
2.16163e-05
2.16163e-05
2.16163e-05
2.16163e-05
2.16163e-05
2.16163e-05
2.16163e-05
2.16163e-05
2.16163e-05
2.16163e-05
2.16163e-05
2.16163e-05
2.16163e-05
2.16163e-05
2.16163e-05
2.16163e-05
2.16163e-05
2.16163e-05
2.16163e-05
2.16163e-05
2.16163e-05
2.16163e-05
2.16163e-05
2.16163e-05
2.16163e-05
2.16163e-05
2.16163e-05
2.16163e-05
2.16163e-05
2.16163e-05
2.16163e-05
2.16163e-05
2.16163e-05
2.16163e-05
2.16163e-05
2.16163e-05
2.16163e-05
2.16163e-05
2.16163e-05
2.16163e-05
2.16163e-05
2.16163e-05
2.16163e-05
2.16163e-05
2.16163e-05
2.16163e-05
2.16163e-05
2.16163e-05
2.16163e-05
2.16163e-05
2.16163e-05
2.16163e-05
2.16163e-05
2.16163e-05
2.16163e-05
2.16163e-05
2.16163e-05
2.16163e-05
2.16163e-05
2.16163e-05
2.16163e-05
2.16163e-05
2.16163e-05
2.16163e-05
2.16163e-05
2.16163e-05
2.16163e-05
2.16163e-05
2.16163e-05
2.16208e-05
2.16146e-05
1.72065e-05
2.00976e-05
2.70347e-05
3.04511e-05
3.30133e-05
3.54603e-05
3.76698e-05
3.95466e-05
4.11586e-05
4.25608e-05
4.37324e-05
4.47444e-05
4.56023e-05
4.63803e-05
4.70298e-05
4.76303e-05
4.81736e-05
4.86591e-05
4.9106e-05
4.95211e-05
4.9901e-05
5.02564e-05
5.05882e-05
5.08894e-05
5.11488e-05
5.13636e-05
5.15366e-05
5.16714e-05
5.1774e-05
5.18501e-05
5.19053e-05
5.19443e-05
5.19704e-05
5.1987e-05
5.19969e-05
5.20023e-05
5.2005e-05
5.20061e-05
5.20063e-05
5.2006e-05
5.20056e-05
5.20051e-05
5.20045e-05
5.20039e-05
5.20033e-05
5.20028e-05
5.20023e-05
5.20018e-05
5.20015e-05
5.20011e-05
5.20008e-05
5.20006e-05
5.20004e-05
5.20002e-05
5.20001e-05
5.2e-05
5.19999e-05
5.19999e-05
5.19998e-05
5.19998e-05
5.19997e-05
5.19997e-05
5.19997e-05
5.19997e-05
5.19997e-05
5.19997e-05
5.19997e-05
5.19997e-05
5.19997e-05
5.19997e-05
5.19997e-05
5.19997e-05
5.19997e-05
5.19997e-05
5.19997e-05
5.19997e-05
5.19997e-05
5.19997e-05
5.19997e-05
5.19997e-05
5.19997e-05
5.19997e-05
5.19997e-05
5.19997e-05
5.19997e-05
5.19996e-05
5.19996e-05
5.19996e-05
5.19996e-05
5.19996e-05
5.19996e-05
5.19996e-05
5.19996e-05
5.19996e-05
5.19996e-05
5.19996e-05
5.19996e-05
5.19996e-05
5.19996e-05
5.19996e-05
5.19996e-05
5.19996e-05
5.19996e-05
5.19996e-05
5.19996e-05
5.19996e-05
5.19996e-05
5.19996e-05
5.19996e-05
5.19996e-05
5.19996e-05
5.19996e-05
5.19996e-05
5.19996e-05
5.19996e-05
5.19996e-05
5.19996e-05
5.19996e-05
5.19996e-05
5.19996e-05
5.19996e-05
5.19996e-05
5.19996e-05
5.19996e-05
5.19996e-05
5.19996e-05
5.19996e-05
5.19996e-05
5.19996e-05
5.19996e-05
5.19996e-05
5.19996e-05
5.19996e-05
5.19996e-05
5.19996e-05
5.19996e-05
5.19996e-05
5.19996e-05
5.19996e-05
5.19996e-05
5.19996e-05
5.19996e-05
5.19996e-05
5.19996e-05
5.19996e-05
5.19996e-05
5.19996e-05
5.19996e-05
5.19996e-05
5.19996e-05
5.19996e-05
5.19996e-05
5.19996e-05
5.19996e-05
5.19996e-05
5.19996e-05
5.19996e-05
5.19996e-05
5.19996e-05
5.19996e-05
5.19996e-05
5.19996e-05
5.19996e-05
5.19996e-05
5.19996e-05
5.19996e-05
5.19996e-05
5.19996e-05
5.19996e-05
5.19996e-05
5.19996e-05
5.19996e-05
5.19996e-05
5.19996e-05
5.19996e-05
5.19996e-05
5.19996e-05
5.19996e-05
5.19996e-05
5.19996e-05
5.19996e-05
5.19996e-05
5.19996e-05
5.19996e-05
5.19996e-05
5.19996e-05
5.19996e-05
5.19996e-05
5.19996e-05
5.19996e-05
5.19996e-05
5.19996e-05
5.19996e-05
5.19996e-05
5.19996e-05
5.19996e-05
5.19996e-05
5.19996e-05
5.19996e-05
5.19996e-05
5.19996e-05
5.19996e-05
5.19996e-05
5.19996e-05
5.19996e-05
5.19996e-05
5.19996e-05
5.19996e-05
5.19996e-05
5.19996e-05
5.19996e-05
5.19996e-05
5.19996e-05
5.19996e-05
5.19996e-05
5.19996e-05
5.19996e-05
5.19996e-05
5.19996e-05
5.19996e-05
5.19996e-05
5.19996e-05
5.19996e-05
5.19996e-05
5.19996e-05
5.19996e-05
5.19996e-05
5.19996e-05
5.19996e-05
5.19996e-05
5.19996e-05
5.19996e-05
5.19996e-05
5.19996e-05
5.19996e-05
5.19996e-05
5.19996e-05
5.19996e-05
5.19996e-05
5.19996e-05
5.19996e-05
5.19996e-05
5.19996e-05
5.19996e-05
5.19996e-05
5.19996e-05
5.19996e-05
5.19996e-05
5.19996e-05
5.19996e-05
5.19996e-05
5.19996e-05
5.19996e-05
5.19996e-05
5.19996e-05
5.19996e-05
5.19996e-05
5.19996e-05
5.19996e-05
5.19996e-05
5.19996e-05
5.19996e-05
5.19996e-05
5.19996e-05
5.19996e-05
5.19996e-05
5.19996e-05
5.19996e-05
5.19996e-05
5.19996e-05
5.19996e-05
5.19996e-05
5.19996e-05
5.19996e-05
5.19996e-05
5.19996e-05
5.19996e-05
5.19996e-05
5.19996e-05
5.19996e-05
5.19996e-05
5.19996e-05
5.19996e-05
5.19996e-05
5.19996e-05
5.19996e-05
5.19996e-05
5.19996e-05
5.19996e-05
5.19996e-05
5.19996e-05
5.19996e-05
5.19996e-05
5.19996e-05
5.19996e-05
5.19996e-05
5.19996e-05
5.19997e-05
5.20041e-05
5.19977e-05
1.81398e-05
1.56872e-05
1.87648e-05
2.3494e-05
2.90047e-05
3.47546e-05
3.9522e-05
4.41258e-05
4.83174e-05
5.20497e-05
5.54044e-05
5.83732e-05
6.10185e-05
6.3326e-05
6.50677e-05
6.66025e-05
6.79919e-05
6.92501e-05
7.04042e-05
7.14587e-05
7.24223e-05
7.32814e-05
7.40244e-05
7.46442e-05
7.51465e-05
7.55452e-05
7.58551e-05
7.60929e-05
7.62725e-05
7.64078e-05
7.6509e-05
7.65832e-05
7.66365e-05
7.66744e-05
7.67028e-05
7.67254e-05
7.67441e-05
7.67598e-05
7.6773e-05
7.67842e-05
7.67936e-05
7.68016e-05
7.68083e-05
7.68139e-05
7.68187e-05
7.68229e-05
7.68263e-05
7.68294e-05
7.6832e-05
7.68342e-05
7.68362e-05
7.68378e-05
7.68393e-05
7.68406e-05
7.68417e-05
7.68427e-05
7.68435e-05
7.68442e-05
7.68449e-05
7.68454e-05
7.68459e-05
7.68463e-05
7.68467e-05
7.6847e-05
7.68473e-05
7.68475e-05
7.68477e-05
7.68479e-05
7.68481e-05
7.68482e-05
7.68483e-05
7.68484e-05
7.68485e-05
7.68486e-05
7.68486e-05
7.68487e-05
7.68487e-05
7.68487e-05
7.68488e-05
7.68488e-05
7.68488e-05
7.68489e-05
7.68489e-05
7.68489e-05
7.68489e-05
7.68489e-05
7.68489e-05
7.68489e-05
7.68489e-05
7.68489e-05
7.6849e-05
7.6849e-05
7.68489e-05
7.68489e-05
7.68489e-05
7.68489e-05
7.68489e-05
7.68489e-05
7.68489e-05
7.68489e-05
7.68489e-05
7.68489e-05
7.68489e-05
7.68489e-05
7.68489e-05
7.68489e-05
7.68489e-05
7.68489e-05
7.68489e-05
7.68489e-05
7.68489e-05
7.68489e-05
7.68489e-05
7.68489e-05
7.68489e-05
7.68489e-05
7.68489e-05
7.68489e-05
7.68489e-05
7.68489e-05
7.68489e-05
7.68489e-05
7.68489e-05
7.68489e-05
7.68489e-05
7.68489e-05
7.68489e-05
7.68489e-05
7.68489e-05
7.68489e-05
7.68489e-05
7.68489e-05
7.68489e-05
7.68489e-05
7.68489e-05
7.68489e-05
7.68489e-05
7.68489e-05
7.68489e-05
7.68489e-05
7.68489e-05
7.68489e-05
7.68489e-05
7.68489e-05
7.68489e-05
7.68489e-05
7.68489e-05
7.68489e-05
7.68489e-05
7.68489e-05
7.68489e-05
7.68489e-05
7.68489e-05
7.68489e-05
7.68489e-05
7.68489e-05
7.68489e-05
7.68489e-05
7.68489e-05
7.68489e-05
7.68489e-05
7.68489e-05
7.68489e-05
7.68489e-05
7.68489e-05
7.68489e-05
7.68489e-05
7.68489e-05
7.68489e-05
7.68489e-05
7.68489e-05
7.68489e-05
7.68489e-05
7.68489e-05
7.68489e-05
7.68489e-05
7.68489e-05
7.68489e-05
7.68489e-05
7.68489e-05
7.68489e-05
7.68489e-05
7.68489e-05
7.68489e-05
7.68489e-05
7.68489e-05
7.68489e-05
7.68489e-05
7.68489e-05
7.68489e-05
7.68489e-05
7.68489e-05
7.68489e-05
7.68489e-05
7.68489e-05
7.68489e-05
7.68489e-05
7.68489e-05
7.68489e-05
7.68489e-05
7.68489e-05
7.68489e-05
7.68489e-05
7.68489e-05
7.68489e-05
7.68489e-05
7.68489e-05
7.68489e-05
7.68489e-05
7.68489e-05
7.68489e-05
7.68489e-05
7.68489e-05
7.68489e-05
7.68489e-05
7.68489e-05
7.68489e-05
7.68489e-05
7.68489e-05
7.68489e-05
7.68489e-05
7.68489e-05
7.68489e-05
7.68488e-05
7.68488e-05
7.68488e-05
7.68488e-05
7.68488e-05
7.68488e-05
7.68488e-05
7.68488e-05
7.68488e-05
7.68488e-05
7.68488e-05
7.68488e-05
7.68488e-05
7.68488e-05
7.68488e-05
7.68488e-05
7.68488e-05
7.68488e-05
7.68488e-05
7.68488e-05
7.68488e-05
7.68488e-05
7.68488e-05
7.68488e-05
7.68488e-05
7.68488e-05
7.68488e-05
7.68488e-05
7.68488e-05
7.68488e-05
7.68488e-05
7.68488e-05
7.68488e-05
7.68488e-05
7.68488e-05
7.68488e-05
7.68488e-05
7.68488e-05
7.68488e-05
7.68488e-05
7.68488e-05
7.68488e-05
7.68488e-05
7.68488e-05
7.68488e-05
7.68488e-05
7.68488e-05
7.68488e-05
7.68488e-05
7.68488e-05
7.68488e-05
7.68488e-05
7.68488e-05
7.68488e-05
7.68488e-05
7.68488e-05
7.68488e-05
7.68488e-05
7.68488e-05
7.68488e-05
7.68488e-05
7.68488e-05
7.68488e-05
7.68488e-05
7.68488e-05
7.68488e-05
7.68488e-05
7.68488e-05
7.68488e-05
7.68488e-05
7.68488e-05
7.68488e-05
7.68488e-05
7.68489e-05
7.68489e-05
7.68486e-05
7.68468e-05
3.40667e-05
2.01993e-05
1.75681e-05
1.78791e-05
2.05105e-05
2.47477e-05
3.01157e-05
3.59215e-05
4.05788e-05
4.54701e-05
5.04248e-05
5.51036e-05
5.95005e-05
6.36077e-05
6.75051e-05
7.09836e-05
7.40593e-05
7.68927e-05
7.94487e-05
8.18548e-05
8.40417e-05
8.57796e-05
8.72673e-05
8.85463e-05
8.96255e-05
9.05279e-05
9.12781e-05
9.19015e-05
9.24184e-05
9.28486e-05
9.32065e-05
9.35025e-05
9.37468e-05
9.39494e-05
9.41207e-05
9.42674e-05
9.43935e-05
9.45017e-05
9.45946e-05
9.46742e-05
9.47425e-05
9.48008e-05
9.48508e-05
9.48936e-05
9.49303e-05
9.49618e-05
9.49887e-05
9.50118e-05
9.50317e-05
9.50487e-05
9.50634e-05
9.50759e-05
9.50867e-05
9.5096e-05
9.5104e-05
9.51109e-05
9.51168e-05
9.51219e-05
9.51263e-05
9.513e-05
9.51332e-05
9.5136e-05
9.51384e-05
9.51404e-05
9.51422e-05
9.51437e-05
9.5145e-05
9.51462e-05
9.51471e-05
9.5148e-05
9.51487e-05
9.51493e-05
9.51498e-05
9.51502e-05
9.51506e-05
9.51509e-05
9.51512e-05
9.51514e-05
9.51516e-05
9.51518e-05
9.51519e-05
9.51521e-05
9.51522e-05
9.51522e-05
9.51523e-05
9.51523e-05
9.51524e-05
9.51524e-05
9.51525e-05
9.51526e-05
9.51526e-05
9.51527e-05
9.51527e-05
9.51527e-05
9.51527e-05
9.51527e-05
9.51527e-05
9.51527e-05
9.51527e-05
9.51527e-05
9.51527e-05
9.51527e-05
9.51527e-05
9.51527e-05
9.51527e-05
9.51527e-05
9.51527e-05
9.51527e-05
9.51527e-05
9.51527e-05
9.51527e-05
9.51527e-05
9.51527e-05
9.51527e-05
9.51527e-05
9.51527e-05
9.51527e-05
9.51527e-05
9.51527e-05
9.51527e-05
9.51527e-05
9.51527e-05
9.51527e-05
9.51527e-05
9.51527e-05
9.51527e-05
9.51527e-05
9.51527e-05
9.51527e-05
9.51527e-05
9.51527e-05
9.51527e-05
9.51527e-05
9.51527e-05
9.51527e-05
9.51527e-05
9.51527e-05
9.51528e-05
9.51528e-05
9.51528e-05
9.51528e-05
9.51528e-05
9.51528e-05
9.51528e-05
9.51528e-05
9.51528e-05
9.51528e-05
9.51528e-05
9.51528e-05
9.51528e-05
9.51528e-05
9.51528e-05
9.51528e-05
9.51528e-05
9.51528e-05
9.51528e-05
9.51528e-05
9.51528e-05
9.51528e-05
9.51528e-05
9.51528e-05
9.51528e-05
9.51528e-05
9.51528e-05
9.51528e-05
9.51528e-05
9.51528e-05
9.51528e-05
9.51528e-05
9.51528e-05
9.51528e-05
9.51528e-05
9.51528e-05
9.51528e-05
9.51528e-05
9.51528e-05
9.51528e-05
9.51528e-05
9.51528e-05
9.51528e-05
9.51528e-05
9.51528e-05
9.51528e-05
9.51528e-05
9.51528e-05
9.51528e-05
9.51528e-05
9.51528e-05
9.51528e-05
9.51528e-05
9.51528e-05
9.51528e-05
9.51528e-05
9.51528e-05
9.51528e-05
9.51528e-05
9.51528e-05
9.51528e-05
9.51528e-05
9.51528e-05
9.51527e-05
9.51527e-05
9.51527e-05
9.51527e-05
9.51527e-05
9.51527e-05
9.51527e-05
9.51527e-05
9.51527e-05
9.51527e-05
9.51527e-05
9.51527e-05
9.51527e-05
9.51527e-05
9.51527e-05
9.51527e-05
9.51527e-05
9.51527e-05
9.51527e-05
9.51527e-05
9.51527e-05
9.51527e-05
9.51527e-05
9.51526e-05
9.51526e-05
9.51526e-05
9.51526e-05
9.51526e-05
9.51526e-05
9.51526e-05
9.51526e-05
9.51526e-05
9.51526e-05
9.51526e-05
9.51526e-05
9.51526e-05
9.51526e-05
9.51526e-05
9.51526e-05
9.51526e-05
9.51526e-05
9.51526e-05
9.51526e-05
9.51526e-05
9.51526e-05
9.51526e-05
9.51526e-05
9.51526e-05
9.51526e-05
9.51526e-05
9.51526e-05
9.51526e-05
9.51526e-05
9.51526e-05
9.51526e-05
9.51526e-05
9.51526e-05
9.51526e-05
9.51526e-05
9.51526e-05
9.51526e-05
9.51526e-05
9.51526e-05
9.51526e-05
9.51526e-05
9.51526e-05
9.51526e-05
9.51526e-05
9.51526e-05
9.51526e-05
9.51526e-05
9.51526e-05
9.51526e-05
9.51526e-05
9.51526e-05
9.51526e-05
9.51526e-05
9.51526e-05
9.51526e-05
9.51526e-05
9.51526e-05
9.51526e-05
9.51526e-05
9.51526e-05
9.51526e-05
9.51526e-05
9.51526e-05
9.51526e-05
9.51526e-05
9.51526e-05
9.51526e-05
9.51526e-05
9.51526e-05
9.51526e-05
9.51526e-05
9.51526e-05
9.51527e-05
9.51527e-05
9.51527e-05
9.51513e-05
8.47461e-05
4.13542e-05
2.82674e-05
2.30352e-05
2.08281e-05
2.05441e-05
2.2389e-05
2.57339e-05
3.01994e-05
3.55678e-05
4.01842e-05
4.45235e-05
4.91247e-05
5.3885e-05
5.87046e-05
6.33885e-05
6.78662e-05
7.21581e-05
7.64079e-05
8.06124e-05
8.48077e-05
8.89802e-05
9.21113e-05
9.43795e-05
9.63637e-05
9.81023e-05
9.9626e-05
0.000100961
0.000102127
0.000103142
0.000104022
0.000104779
0.000105428
0.000105986
0.000106468
0.000106885
0.000107245
0.000107556
0.000107823
0.000108053
0.00010825
0.00010842
0.000108565
0.00010869
0.000108797
0.000108889
0.000108968
0.000109035
0.000109093
0.000109143
0.000109185
0.000109222
0.000109253
0.00010928
0.000109303
0.000109323
0.00010934
0.000109355
0.000109367
0.000109378
0.000109387
0.000109395
0.000109402
0.000109408
0.000109413
0.000109417
0.000109421
0.000109424
0.000109427
0.000109429
0.000109431
0.000109433
0.000109434
0.000109435
0.000109436
0.000109437
0.000109438
0.000109439
0.000109439
0.00010944
0.00010944
0.00010944
0.000109441
0.000109441
0.000109441
0.000109441
0.000109442
0.000109442
0.000109442
0.000109442
0.000109442
0.000109442
0.000109442
0.000109442
0.000109442
0.000109442
0.000109442
0.000109442
0.000109442
0.000109442
0.000109442
0.000109442
0.000109442
0.000109443
0.000109443
0.000109443
0.000109443
0.000109443
0.000109443
0.000109443
0.000109443
0.000109443
0.000109443
0.000109443
0.000109443
0.000109443
0.000109443
0.000109443
0.000109443
0.000109443
0.000109443
0.000109443
0.000109442
0.000109442
0.000109442
0.000109442
0.000109442
0.000109442
0.000109442
0.000109442
0.000109442
0.000109442
0.000109442
0.000109442
0.000109442
0.000109443
0.000109443
0.000109443
0.000109443
0.000109443
0.000109443
0.000109443
0.000109443
0.000109443
0.000109443
0.000109443
0.000109443
0.000109443
0.000109443
0.000109443
0.000109443
0.000109443
0.000109443
0.000109443
0.000109443
0.000109443
0.000109443
0.000109443
0.000109443
0.000109443
0.000109443
0.000109443
0.000109443
0.000109443
0.000109443
0.000109443
0.000109443
0.000109443
0.000109443
0.000109443
0.000109443
0.000109443
0.000109443
0.000109443
0.000109443
0.000109443
0.000109443
0.000109443
0.000109443
0.000109443
0.000109443
0.000109443
0.000109443
0.000109443
0.000109443
0.000109443
0.000109443
0.000109443
0.000109443
0.000109443
0.000109443
0.000109443
0.000109443
0.000109443
0.000109443
0.000109443
0.000109443
0.000109443
0.000109443
0.000109443
0.000109443
0.000109443
0.000109443
0.000109443
0.000109443
0.000109443
0.000109443
0.000109443
0.000109443
0.000109443
0.000109443
0.000109443
0.000109442
0.000109442
0.000109442
0.000109442
0.000109442
0.000109442
0.000109442
0.000109442
0.000109442
0.000109442
0.000109442
0.000109442
0.000109442
0.000109442
0.000109442
0.000109442
0.000109442
0.000109442
0.000109442
0.000109442
0.000109442
0.000109442
0.000109442
0.000109442
0.000109442
0.000109442
0.000109442
0.000109442
0.000109442
0.000109442
0.000109442
0.000109442
0.000109442
0.000109442
0.000109442
0.000109442
0.000109442
0.000109442
0.000109442
0.000109442
0.000109442
0.000109442
0.000109442
0.000109442
0.000109442
0.000109442
0.000109442
0.000109442
0.000109442
0.000109442
0.000109442
0.000109442
0.000109442
0.000109442
0.000109442
0.000109442
0.000109442
0.000109442
0.000109442
0.000109442
0.000109442
0.000109442
0.000109442
0.000109442
0.000109442
0.000109442
0.000109442
0.000109442
0.000109442
0.000109442
0.000109442
0.000109442
0.000109442
0.000109442
0.000109442
0.000109442
0.000109442
0.000109442
0.000109442
0.000109442
0.000109442
0.000109442
0.000109442
0.000109442
0.000109442
0.000109442
0.000109442
0.000109442
0.000104367
9.51727e-05
6.32588e-05
4.54289e-05
3.53219e-05
2.93537e-05
2.6132e-05
2.46142e-05
2.4996e-05
2.70399e-05
3.02932e-05
3.44706e-05
3.93657e-05
4.39986e-05
4.81298e-05
5.25979e-05
5.74443e-05
6.27085e-05
6.83525e-05
7.42847e-05
8.07352e-05
8.54671e-05
8.94913e-05
9.30989e-05
9.63583e-05
9.93187e-05
0.000102
0.000104406
0.000106542
0.000108425
0.000110071
0.000111501
0.000112739
0.000113811
0.000114741
0.000115546
0.000116242
0.000116842
0.000117359
0.000117803
0.000118186
0.000118514
0.000118797
0.000119039
0.000119247
0.000119425
0.000119578
0.000119709
0.000119822
0.000119918
0.000120001
0.000120072
0.000120133
0.000120185
0.00012023
0.000120268
0.000120301
0.000120329
0.000120353
0.000120374
0.000120392
0.000120407
0.00012042
0.000120431
0.000120441
0.000120449
0.000120456
0.000120462
0.000120467
0.000120472
0.000120475
0.000120479
0.000120482
0.000120484
0.000120486
0.000120488
0.000120489
0.00012049
0.000120491
0.000120492
0.000120493
0.000120494
0.000120494
0.000120495
0.000120495
0.000120496
0.000120496
0.000120496
0.000120496
0.000120497
0.000120497
0.000120497
0.000120497
0.000120497
0.000120497
0.000120498
0.000120498
0.000120498
0.000120498
0.000120498
0.000120498
0.000120498
0.000120498
0.000120498
0.000120498
0.000120498
0.000120498
0.000120498
0.000120498
0.000120498
0.000120498
0.000120498
0.000120498
0.000120498
0.000120498
0.000120498
0.000120498
0.000120498
0.000120498
0.000120498
0.000120498
0.000120498
0.000120498
0.000120498
0.000120498
0.000120498
0.000120498
0.000120498
0.000120498
0.000120498
0.000120498
0.000120498
0.000120498
0.000120498
0.000120498
0.000120498
0.000120498
0.000120498
0.000120498
0.000120498
0.000120498
0.000120498
0.000120498
0.000120498
0.000120498
0.000120498
0.000120498
0.000120498
0.000120498
0.000120498
0.000120498
0.000120498
0.000120498
0.000120498
0.000120498
0.000120498
0.000120498
0.000120498
0.000120498
0.000120498
0.000120498
0.000120498
0.000120498
0.000120498
0.000120498
0.000120498
0.000120498
0.000120498
0.000120498
0.000120498
0.000120498
0.000120498
0.000120498
0.000120498
0.000120498
0.000120498
0.000120498
0.000120498
0.000120498
0.000120498
0.000120498
0.000120498
0.000120498
0.000120498
0.000120498
0.000120498
0.000120498
0.000120498
0.000120498
0.000120498
0.000120498
0.000120498
0.000120498
0.000120498
0.000120498
0.000120498
0.000120498
0.000120498
0.000120498
0.000120498
0.000120498
0.000120498
0.000120498
0.000120498
0.000120498
0.000120498
0.000120498
0.000120498
0.000120498
0.000120498
0.000120498
0.000120498
0.000120498
0.000120498
0.000120498
0.000120498
0.000120498
0.000120498
0.000120498
0.000120498
0.000120498
0.000120498
0.000120498
0.000120498
0.000120498
0.000120498
0.000120498
0.000120498
0.000120498
0.000120498
0.000120498
0.000120498
0.000120498
0.000120498
0.000120498
0.000120498
0.000120498
0.000120498
0.000120498
0.000120498
0.000120498
0.000120498
0.000120498
0.000120498
0.000120498
0.000120498
0.000120498
0.000120498
0.000120498
0.000120498
0.000120498
0.000120498
0.000120498
0.000120498
0.000120498
0.000120498
0.000120498
0.000120498
0.000120498
0.000120498
0.000120498
0.000120498
0.000120498
0.000120498
0.000120498
0.000120498
0.000120498
0.000120498
0.000120498
0.000120498
0.000120498
0.000120498
0.000120498
0.000120498
0.000120498
0.000120498
0.000120498
0.000120498
0.000120498
0.000120498
0.000120498
0.000120498
0.000120498
0.000120498
0.000120498
0.000120498
0.000120498
0.000120498
0.000120498
0.000120498
0.000120498
0.000120498
0.000120498
0.000120498
0.000120498
0.000120498
0.000120498
0.000120498
0.000120498
0.000120497
0.000107716
0.000104935
0.000125231
8.96082e-05
6.89156e-05
5.53372e-05
4.40806e-05
3.65832e-05
3.17015e-05
2.90116e-05
2.81353e-05
2.8833e-05
3.08826e-05
3.3982e-05
3.78846e-05
4.23456e-05
4.72101e-05
5.23632e-05
5.77505e-05
6.33672e-05
6.91968e-05
7.50682e-05
8.08661e-05
8.64518e-05
9.16692e-05
9.63989e-05
0.000100598
0.000104295
0.00010754
0.000110379
0.000112853
0.000115001
0.00011686
0.000118469
0.000119863
0.000121068
0.000122109
0.000123007
0.00012378
0.000124446
0.000125018
0.00012551
0.000125932
0.000126295
0.000126606
0.000126873
0.000127102
0.000127298
0.000127467
0.000127611
0.000127735
0.000127841
0.000127932
0.00012801
0.000128076
0.000128134
0.000128183
0.000128225
0.000128261
0.000128292
0.000128318
0.000128341
0.00012836
0.000128377
0.000128391
0.000128403
0.000128414
0.000128423
0.00012843
0.000128437
0.000128443
0.000128447
0.000128452
0.000128455
0.000128458
0.000128461
0.000128463
0.000128465
0.000128466
0.000128468
0.000128469
0.00012847
0.000128471
0.000128472
0.000128472
0.000128473
0.000128473
0.000128474
0.000128474
0.000128474
0.000128475
0.000128475
0.000128475
0.000128475
0.000128475
0.000128475
0.000128476
0.000128476
0.000128476
0.000128476
0.000128476
0.000128476
0.000128476
0.000128476
0.000128476
0.000128476
0.000128476
0.000128476
0.000128476
0.000128476
0.000128476
0.000128476
0.000128476
0.000128476
0.000128476
0.000128476
0.000128476
0.000128476
0.000128476
0.000128476
0.000128476
0.000128476
0.000128476
0.000128476
0.000128476
0.000128476
0.000128476
0.000128476
0.000128476
0.000128476
0.000128476
0.000128476
0.000128476
0.000128476
0.000128476
0.000128476
0.000128476
0.000128476
0.000128476
0.000128476
0.000128476
0.000128476
0.000128476
0.000128476
0.000128476
0.000128476
0.000128476
0.000128476
0.000128476
0.000128476
0.000128476
0.000128476
0.000128476
0.000128476
0.000128476
0.000128476
0.000128476
0.000128476
0.000128476
0.000128476
0.000128476
0.000128476
0.000128476
0.000128476
0.000128476
0.000128476
0.000128476
0.000128476
0.000128476
0.000128476
0.000128476
0.000128476
0.000128476
0.000128476
0.000128476
0.000128476
0.000128476
0.000128476
0.000128476
0.000128476
0.000128476
0.000128476
0.000128476
0.000128476
0.000128476
0.000128476
0.000128476
0.000128476
0.000128476
0.000128476
0.000128476
0.000128476
0.000128476
0.000128476
0.000128476
0.000128476
0.000128476
0.000128476
0.000128476
0.000128476
0.000128476
0.000128476
0.000128476
0.000128476
0.000128476
0.000128476
0.000128476
0.000128476
0.000128476
0.000128476
0.000128476
0.000128476
0.000128476
0.000128476
0.000128476
0.000128476
0.000128476
0.000128476
0.000128476
0.000128476
0.000128476
0.000128476
0.000128476
0.000128476
0.000128476
0.000128476
0.000128476
0.000128476
0.000128476
0.000128476
0.000128476
0.000128476
0.000128476
0.000128476
0.000128476
0.000128476
0.000128476
0.000128476
0.000128476
0.000128476
0.000128476
0.000128476
0.000128476
0.000128476
0.000128476
0.000128476
0.000128476
0.000128476
0.000128476
0.000128476
0.000128476
0.000128476
0.000128476
0.000128476
0.000128476
0.000128476
0.000128476
0.000128476
0.000128476
0.000128476
0.000128476
0.000128476
0.000128476
0.000128476
0.000128476
0.000128476
0.000128476
0.000128476
0.000128476
0.000128476
0.000128476
0.000128476
0.000128476
0.000128476
0.000128476
0.000128476
0.000128476
0.000128476
0.000128476
0.000128476
0.000128476
0.000128476
0.000128476
0.000128476
0.000128476
0.000128476
0.000128476
0.000128476
0.000128476
0.000128476
0.000128476
0.000128476
0.000128476
0.000128476
0.000128476
0.000128476
0.000128476
0.000128476
0.000128476
0.000128476
9.75753e-05
0.000102726
0.000133862
0.000133134
0.000102521
8.26389e-05
6.66139e-05
5.53531e-05
4.73417e-05
4.11361e-05
3.62391e-05
3.32723e-05
3.20755e-05
3.24116e-05
3.38736e-05
3.64553e-05
4.00784e-05
4.46605e-05
4.99847e-05
5.58036e-05
6.20086e-05
6.8474e-05
7.50587e-05
8.15734e-05
8.77662e-05
9.34955e-05
9.86567e-05
0.000103228
0.000107241
0.000110741
0.000113785
0.000116418
0.000118691
0.000120654
0.00012235
0.000123817
0.000125083
0.000126174
0.000127114
0.000127922
0.000128617
0.000129214
0.000129727
0.000130167
0.000130545
0.000130869
0.000131147
0.000131385
0.000131589
0.000131764
0.000131914
0.000132043
0.000132153
0.000132248
0.000132328
0.000132398
0.000132457
0.000132508
0.000132552
0.000132589
0.000132621
0.000132649
0.000132672
0.000132692
0.000132709
0.000132724
0.000132737
0.000132748
0.000132757
0.000132765
0.000132772
0.000132778
0.000132783
0.000132787
0.000132791
0.000132794
0.000132797
0.000132799
0.000132801
0.000132803
0.000132804
0.000132805
0.000132806
0.000132807
0.000132808
0.000132808
0.000132809
0.00013281
0.00013281
0.00013281
0.000132811
0.000132811
0.000132811
0.000132811
0.000132812
0.000132812
0.000132812
0.000132812
0.000132812
0.000132812
0.000132812
0.000132812
0.000132812
0.000132813
0.000132813
0.000132813
0.000132813
0.000132813
0.000132813
0.000132813
0.000132813
0.000132813
0.000132813
0.000132813
0.000132813
0.000132813
0.000132813
0.000132813
0.000132813
0.000132813
0.000132813
0.000132813
0.000132813
0.000132813
0.000132813
0.000132813
0.000132813
0.000132813
0.000132813
0.000132813
0.000132813
0.000132813
0.000132813
0.000132813
0.000132813
0.000132813
0.000132813
0.000132813
0.000132813
0.000132813
0.000132813
0.000132813
0.000132813
0.000132813
0.000132813
0.000132813
0.000132813
0.000132813
0.000132813
0.000132813
0.000132813
0.000132813
0.000132813
0.000132813
0.000132813
0.000132813
0.000132813
0.000132813
0.000132813
0.000132813
0.000132813
0.000132813
0.000132813
0.000132813
0.000132813
0.000132813
0.000132813
0.000132813
0.000132813
0.000132813
0.000132813
0.000132813
0.000132813
0.000132813
0.000132813
0.000132813
0.000132813
0.000132813
0.000132813
0.000132813
0.000132813
0.000132813
0.000132813
0.000132813
0.000132813
0.000132813
0.000132813
0.000132813
0.000132813
0.000132813
0.000132813
0.000132813
0.000132813
0.000132813
0.000132813
0.000132813
0.000132813
0.000132813
0.000132813
0.000132813
0.000132813
0.000132813
0.000132813
0.000132813
0.000132813
0.000132813
0.000132813
0.000132813
0.000132813
0.000132813
0.000132813
0.000132813
0.000132813
0.000132813
0.000132813
0.000132813
0.000132813
0.000132813
0.000132813
0.000132813
0.000132813
0.000132812
0.000132812
0.000132812
0.000132812
0.000132812
0.000132812
0.000132812
0.000132812
0.000132812
0.000132812
0.000132812
0.000132812
0.000132812
0.000132812
0.000132812
0.000132812
0.000132812
0.000132812
0.000132812
0.000132812
0.000132812
0.000132812
0.000132812
0.000132812
0.000132812
0.000132812
0.000132812
0.000132812
0.000132812
0.000132812
0.000132812
0.000132812
0.000132812
0.000132812
0.000132812
0.000132812
0.000132812
0.000132812
0.000132812
0.000132812
0.000132812
0.000132812
0.000132812
0.000132812
0.000132812
0.000132812
0.000132812
0.000132812
0.000132812
0.000132812
0.000132812
0.000132812
0.000132812
0.000132812
0.000132812
0.000132812
0.000132812
0.000132812
0.000132812
0.000132812
0.000132812
0.000132812
0.000132812
0.000132812
0.000132812
0.000132812
0.000132812
0.000132812
0.000132812
0.000132812
0.000132812
0.000132812
0.000132812
0.000132812
0.000132812
0.000132812
0.000132812
0.000132812
0.000132812
)
;

boundaryField
{
    inlet
    {
        type            calculated;
        value           nonuniform List<scalar> 8(1.69335e-06 1.12513e-05 3.23553e-05 7.71149e-05 0.000100572 0.000100062 0.000104788 9.50559e-05);
    }
    outlet
    {
        type            calculated;
        value           nonuniform List<scalar> 8(2.3792e-05 5.33724e-05 7.68468e-05 9.51513e-05 0.000109442 0.000120497 0.000128476 0.000132812);
    }
    sideWall
    {
        type            empty;
    }
    bed
    {
        type            nutRoughWallFunction;
        Cmu             0.09;
        kappa           0.41;
        E               9.8;
        Cs              uniform 0.5;
        Ks              uniform 0.005;
        value           nonuniform List<scalar> 
300
(
1.19794e-05
1.33661e-05
1.22451e-05
1.11347e-05
1.04983e-05
1.02029e-05
1.00962e-05
1.00823e-05
1.01016e-05
1.01398e-05
1.01865e-05
1.02326e-05
1.0278e-05
1.03247e-05
1.03699e-05
1.04155e-05
1.04631e-05
1.05109e-05
1.05593e-05
1.06079e-05
1.06564e-05
1.07049e-05
1.07546e-05
1.08055e-05
1.08547e-05
1.08998e-05
1.09404e-05
1.0976e-05
1.10069e-05
1.10332e-05
1.10557e-05
1.10749e-05
1.10909e-05
1.1104e-05
1.11145e-05
1.11231e-05
1.11303e-05
1.11364e-05
1.11414e-05
1.11457e-05
1.11494e-05
1.11525e-05
1.11552e-05
1.11575e-05
1.11594e-05
1.1161e-05
1.11624e-05
1.11636e-05
1.11647e-05
1.11655e-05
1.11663e-05
1.11669e-05
1.11674e-05
1.11679e-05
1.11683e-05
1.11686e-05
1.11689e-05
1.11692e-05
1.11694e-05
1.11696e-05
1.11697e-05
1.11699e-05
1.117e-05
1.11701e-05
1.11702e-05
1.11703e-05
1.11703e-05
1.11704e-05
1.11704e-05
1.11705e-05
1.11705e-05
1.11705e-05
1.11706e-05
1.11706e-05
1.11706e-05
1.11706e-05
1.11706e-05
1.11706e-05
1.11706e-05
1.11706e-05
1.11707e-05
1.11707e-05
1.11707e-05
1.11707e-05
1.11707e-05
1.11707e-05
1.11707e-05
1.11707e-05
1.11707e-05
1.11707e-05
1.11707e-05
1.11707e-05
1.11707e-05
1.11707e-05
1.11707e-05
1.11707e-05
1.11707e-05
1.11707e-05
1.11707e-05
1.11707e-05
1.11707e-05
1.11707e-05
1.11707e-05
1.11707e-05
1.11707e-05
1.11707e-05
1.11707e-05
1.11707e-05
1.11707e-05
1.11707e-05
1.11707e-05
1.11707e-05
1.11707e-05
1.11707e-05
1.11707e-05
1.11707e-05
1.11707e-05
1.11707e-05
1.11707e-05
1.11707e-05
1.11707e-05
1.11707e-05
1.11707e-05
1.11707e-05
1.11707e-05
1.11707e-05
1.11707e-05
1.11707e-05
1.11707e-05
1.11707e-05
1.11707e-05
1.11707e-05
1.11707e-05
1.11707e-05
1.11707e-05
1.11707e-05
1.11707e-05
1.11707e-05
1.11707e-05
1.11707e-05
1.11707e-05
1.11707e-05
1.11707e-05
1.11707e-05
1.11707e-05
1.11707e-05
1.11707e-05
1.11707e-05
1.11707e-05
1.11707e-05
1.11707e-05
1.11707e-05
1.11707e-05
1.11707e-05
1.11707e-05
1.11707e-05
1.11707e-05
1.11707e-05
1.11707e-05
1.11707e-05
1.11707e-05
1.11707e-05
1.11707e-05
1.11707e-05
1.11707e-05
1.11707e-05
1.11707e-05
1.11707e-05
1.11707e-05
1.11707e-05
1.11707e-05
1.11707e-05
1.11707e-05
1.11707e-05
1.11707e-05
1.11707e-05
1.11707e-05
1.11707e-05
1.11707e-05
1.11707e-05
1.11707e-05
1.11707e-05
1.11707e-05
1.11707e-05
1.11707e-05
1.11707e-05
1.11707e-05
1.11707e-05
1.11707e-05
1.11707e-05
1.11707e-05
1.11707e-05
1.11707e-05
1.11707e-05
1.11707e-05
1.11707e-05
1.11707e-05
1.11707e-05
1.11707e-05
1.11707e-05
1.11707e-05
1.11707e-05
1.11707e-05
1.11707e-05
1.11707e-05
1.11707e-05
1.11707e-05
1.11707e-05
1.11707e-05
1.11707e-05
1.11707e-05
1.11707e-05
1.11707e-05
1.11707e-05
1.11707e-05
1.11707e-05
1.11707e-05
1.11707e-05
1.11707e-05
1.11707e-05
1.11707e-05
1.11707e-05
1.11707e-05
1.11707e-05
1.11707e-05
1.11707e-05
1.11707e-05
1.11707e-05
1.11707e-05
1.11707e-05
1.11707e-05
1.11707e-05
1.11707e-05
1.11707e-05
1.11707e-05
1.11707e-05
1.11707e-05
1.11707e-05
1.11707e-05
1.11707e-05
1.11707e-05
1.11707e-05
1.11707e-05
1.11707e-05
1.11707e-05
1.11707e-05
1.11707e-05
1.11707e-05
1.11707e-05
1.11707e-05
1.11707e-05
1.11707e-05
1.11707e-05
1.11707e-05
1.11707e-05
1.11707e-05
1.11707e-05
1.11707e-05
1.11707e-05
1.11707e-05
1.11707e-05
1.11707e-05
1.11707e-05
1.11707e-05
1.11707e-05
1.11707e-05
1.11707e-05
1.11707e-05
1.11707e-05
1.11707e-05
1.11707e-05
1.11707e-05
1.11707e-05
1.11707e-05
1.11707e-05
1.11707e-05
1.11707e-05
1.11707e-05
1.11707e-05
1.11707e-05
1.11707e-05
1.11707e-05
1.11707e-05
1.11707e-05
1.11707e-05
1.11707e-05
1.11707e-05
1.11707e-05
1.11707e-05
1.11707e-05
1.11707e-05
1.11707e-05
1.11707e-05
1.11707e-05
1.11707e-05
1.11707e-05
1.11707e-05
1.11707e-05
1.11711e-05
1.11706e-05
)
;
    }
    topWall
    {
        type            slip;
        value           nonuniform List<scalar> 
300
(
9.75753e-05
0.000102726
0.000133862
0.000133134
0.000102521
8.26389e-05
6.66139e-05
5.53531e-05
4.73417e-05
4.11361e-05
3.62391e-05
3.32723e-05
3.20755e-05
3.24116e-05
3.38736e-05
3.64553e-05
4.00784e-05
4.46605e-05
4.99847e-05
5.58036e-05
6.20086e-05
6.8474e-05
7.50587e-05
8.15734e-05
8.77662e-05
9.34955e-05
9.86567e-05
0.000103228
0.000107241
0.000110741
0.000113785
0.000116418
0.000118691
0.000120654
0.00012235
0.000123817
0.000125083
0.000126174
0.000127114
0.000127922
0.000128617
0.000129214
0.000129727
0.000130167
0.000130545
0.000130869
0.000131147
0.000131385
0.000131589
0.000131764
0.000131914
0.000132043
0.000132153
0.000132248
0.000132328
0.000132398
0.000132457
0.000132508
0.000132552
0.000132589
0.000132621
0.000132649
0.000132672
0.000132692
0.000132709
0.000132724
0.000132737
0.000132748
0.000132757
0.000132765
0.000132772
0.000132778
0.000132783
0.000132787
0.000132791
0.000132794
0.000132797
0.000132799
0.000132801
0.000132803
0.000132804
0.000132805
0.000132806
0.000132807
0.000132808
0.000132808
0.000132809
0.00013281
0.00013281
0.00013281
0.000132811
0.000132811
0.000132811
0.000132811
0.000132812
0.000132812
0.000132812
0.000132812
0.000132812
0.000132812
0.000132812
0.000132812
0.000132812
0.000132813
0.000132813
0.000132813
0.000132813
0.000132813
0.000132813
0.000132813
0.000132813
0.000132813
0.000132813
0.000132813
0.000132813
0.000132813
0.000132813
0.000132813
0.000132813
0.000132813
0.000132813
0.000132813
0.000132813
0.000132813
0.000132813
0.000132813
0.000132813
0.000132813
0.000132813
0.000132813
0.000132813
0.000132813
0.000132813
0.000132813
0.000132813
0.000132813
0.000132813
0.000132813
0.000132813
0.000132813
0.000132813
0.000132813
0.000132813
0.000132813
0.000132813
0.000132813
0.000132813
0.000132813
0.000132813
0.000132813
0.000132813
0.000132813
0.000132813
0.000132813
0.000132813
0.000132813
0.000132813
0.000132813
0.000132813
0.000132813
0.000132813
0.000132813
0.000132813
0.000132813
0.000132813
0.000132813
0.000132813
0.000132813
0.000132813
0.000132813
0.000132813
0.000132813
0.000132813
0.000132813
0.000132813
0.000132813
0.000132813
0.000132813
0.000132813
0.000132813
0.000132813
0.000132813
0.000132813
0.000132813
0.000132813
0.000132813
0.000132813
0.000132813
0.000132813
0.000132813
0.000132813
0.000132813
0.000132813
0.000132813
0.000132813
0.000132813
0.000132813
0.000132813
0.000132813
0.000132813
0.000132813
0.000132813
0.000132813
0.000132813
0.000132813
0.000132813
0.000132813
0.000132813
0.000132813
0.000132813
0.000132813
0.000132813
0.000132813
0.000132813
0.000132813
0.000132813
0.000132813
0.000132813
0.000132813
0.000132813
0.000132813
0.000132812
0.000132812
0.000132812
0.000132812
0.000132812
0.000132812
0.000132812
0.000132812
0.000132812
0.000132812
0.000132812
0.000132812
0.000132812
0.000132812
0.000132812
0.000132812
0.000132812
0.000132812
0.000132812
0.000132812
0.000132812
0.000132812
0.000132812
0.000132812
0.000132812
0.000132812
0.000132812
0.000132812
0.000132812
0.000132812
0.000132812
0.000132812
0.000132812
0.000132812
0.000132812
0.000132812
0.000132812
0.000132812
0.000132812
0.000132812
0.000132812
0.000132812
0.000132812
0.000132812
0.000132812
0.000132812
0.000132812
0.000132812
0.000132812
0.000132812
0.000132812
0.000132812
0.000132812
0.000132812
0.000132812
0.000132812
0.000132812
0.000132812
0.000132812
0.000132812
0.000132812
0.000132812
0.000132812
0.000132812
0.000132812
0.000132812
0.000132812
0.000132812
0.000132812
0.000132812
0.000132812
0.000132812
0.000132812
0.000132812
0.000132812
0.000132812
0.000132812
0.000132812
0.000132812
)
;
    }
}


// ************************************************************************* //
