/*--------------------------------*- C++ -*----------------------------------*\
| =========                 |                                                 |
| \\      /  F ield         | foam-extend: Open Source CFD                    |
|  \\    /   O peration     | Version:     3.2                                |
|   \\  /    A nd           | Web:         http://www.foam-extend.org         |
|    \\/     M anipulation  | For copyright notice see file Copyright         |
\*---------------------------------------------------------------------------*/
FoamFile
{
    version     2.0;
    format      ascii;
    class       volScalarField;
    location    "200";
    object      nut;
}
// * * * * * * * * * * * * * * * * * * * * * * * * * * * * * * * * * * * * * //

dimensions      [0 2 -1 0 0 0 0];

internalField   nonuniform List<scalar> 
5400
(
3.40279e-05
2.72829e-05
2.37407e-05
2.33881e-05
2.31452e-05
2.30114e-05
2.28905e-05
2.2832e-05
2.27976e-05
2.27991e-05
2.28181e-05
2.28534e-05
2.29032e-05
2.29644e-05
2.30339e-05
2.31106e-05
2.31953e-05
2.32855e-05
2.33774e-05
2.34761e-05
2.3581e-05
2.36884e-05
2.37991e-05
2.39109e-05
2.40235e-05
2.4138e-05
2.42451e-05
2.4339e-05
2.44181e-05
2.44844e-05
2.45395e-05
2.45854e-05
2.46234e-05
2.4655e-05
2.46812e-05
2.4703e-05
2.47211e-05
2.47363e-05
2.47489e-05
2.47596e-05
2.47686e-05
2.47762e-05
2.47827e-05
2.47883e-05
2.47931e-05
2.47971e-05
2.48005e-05
2.48034e-05
2.48059e-05
2.48081e-05
2.481e-05
2.48116e-05
2.48131e-05
2.48143e-05
2.48154e-05
2.48164e-05
2.48172e-05
2.4818e-05
2.48186e-05
2.48191e-05
2.48196e-05
2.482e-05
2.48204e-05
2.48207e-05
2.4821e-05
2.48212e-05
2.48214e-05
2.48216e-05
2.48217e-05
2.48219e-05
2.4822e-05
2.48221e-05
2.48221e-05
2.48222e-05
2.48223e-05
2.48223e-05
2.48224e-05
2.48224e-05
2.48225e-05
2.48225e-05
2.48225e-05
2.48225e-05
2.48225e-05
2.48226e-05
2.48226e-05
2.48226e-05
2.48226e-05
2.48226e-05
2.48226e-05
2.48226e-05
2.48226e-05
2.48226e-05
2.48226e-05
2.48226e-05
2.48226e-05
2.48226e-05
2.48226e-05
2.48226e-05
2.48226e-05
2.48226e-05
2.48226e-05
2.48226e-05
2.48226e-05
2.48226e-05
2.48226e-05
2.48226e-05
2.48226e-05
2.48226e-05
2.48226e-05
2.48226e-05
2.48226e-05
2.48226e-05
2.48226e-05
2.48226e-05
2.48226e-05
2.48226e-05
2.48226e-05
2.48226e-05
2.48226e-05
2.48226e-05
2.48226e-05
2.48226e-05
2.48226e-05
2.48226e-05
2.48226e-05
2.48226e-05
2.48226e-05
2.48226e-05
2.48226e-05
2.48226e-05
2.48226e-05
2.48226e-05
2.48226e-05
2.48226e-05
2.48226e-05
2.48226e-05
2.48226e-05
2.48226e-05
2.48226e-05
2.48226e-05
2.48226e-05
2.48226e-05
2.48226e-05
2.48226e-05
2.48226e-05
2.48226e-05
2.48226e-05
2.48226e-05
2.48226e-05
2.48226e-05
2.48226e-05
2.48226e-05
2.48226e-05
2.48226e-05
2.48226e-05
2.48226e-05
2.48226e-05
2.48226e-05
2.48226e-05
2.48226e-05
2.48226e-05
2.48226e-05
2.48226e-05
2.48226e-05
2.48226e-05
2.48226e-05
2.48226e-05
2.48226e-05
2.48226e-05
2.48226e-05
2.48226e-05
2.48226e-05
2.48226e-05
2.48226e-05
2.48226e-05
2.48226e-05
2.48226e-05
2.48226e-05
2.48226e-05
2.48226e-05
2.48226e-05
2.48226e-05
2.48226e-05
2.48226e-05
2.48226e-05
2.48226e-05
2.48226e-05
2.48226e-05
2.48226e-05
2.48226e-05
2.48226e-05
2.48226e-05
2.48226e-05
2.48226e-05
2.48226e-05
2.48226e-05
2.48226e-05
2.48226e-05
2.48226e-05
2.48226e-05
2.48226e-05
2.48226e-05
2.48226e-05
2.48226e-05
2.48226e-05
2.48226e-05
2.48226e-05
2.48226e-05
2.48226e-05
2.48226e-05
2.48226e-05
2.48226e-05
2.48226e-05
2.48226e-05
2.48226e-05
2.48226e-05
2.48226e-05
2.48226e-05
2.48226e-05
2.48226e-05
2.48226e-05
2.48226e-05
2.48226e-05
2.48226e-05
2.48226e-05
2.48226e-05
2.48226e-05
2.48226e-05
2.48226e-05
2.48226e-05
2.48226e-05
2.48226e-05
2.48226e-05
2.48226e-05
2.48226e-05
2.48226e-05
2.48226e-05
2.48226e-05
2.48226e-05
2.48226e-05
2.48226e-05
2.48226e-05
2.48226e-05
2.48226e-05
2.48226e-05
2.48226e-05
2.48226e-05
2.48226e-05
2.48226e-05
2.48226e-05
2.48226e-05
2.48226e-05
2.48226e-05
2.48226e-05
2.48226e-05
2.48226e-05
2.48226e-05
2.48226e-05
2.48226e-05
2.48226e-05
2.48226e-05
2.48226e-05
2.48226e-05
2.48226e-05
2.48226e-05
2.48226e-05
2.48226e-05
2.48226e-05
2.48226e-05
2.48226e-05
2.48226e-05
2.48226e-05
2.48226e-05
2.48226e-05
2.48226e-05
2.48226e-05
2.48226e-05
2.48226e-05
2.48226e-05
2.48226e-05
2.48226e-05
2.48226e-05
2.48226e-05
2.48226e-05
2.48226e-05
2.48226e-05
2.48226e-05
2.48226e-05
2.48226e-05
2.48226e-05
2.48226e-05
2.48226e-05
2.48226e-05
2.48226e-05
2.48226e-05
2.48226e-05
2.48226e-05
2.48226e-05
2.48227e-05
2.48226e-05
3.21334e-05
4.32947e-05
4.71187e-05
5.01392e-05
5.19547e-05
5.28582e-05
5.34321e-05
5.38779e-05
5.42572e-05
5.46021e-05
5.49252e-05
5.52382e-05
5.55623e-05
5.58785e-05
5.61913e-05
5.65059e-05
5.68219e-05
5.71382e-05
5.74571e-05
5.77754e-05
5.80898e-05
5.84014e-05
5.87071e-05
5.90047e-05
5.92935e-05
5.95593e-05
5.97873e-05
5.99691e-05
6.01104e-05
6.02194e-05
6.03039e-05
6.03697e-05
6.04214e-05
6.04621e-05
6.04944e-05
6.05204e-05
6.05415e-05
6.05588e-05
6.05731e-05
6.05851e-05
6.05952e-05
6.06039e-05
6.06114e-05
6.06179e-05
6.06235e-05
6.06284e-05
6.06327e-05
6.06364e-05
6.06396e-05
6.06425e-05
6.06451e-05
6.06474e-05
6.06494e-05
6.06512e-05
6.06528e-05
6.06542e-05
6.06554e-05
6.06565e-05
6.06574e-05
6.06582e-05
6.06589e-05
6.06595e-05
6.06601e-05
6.06605e-05
6.06609e-05
6.06613e-05
6.06616e-05
6.06619e-05
6.06621e-05
6.06623e-05
6.06625e-05
6.06626e-05
6.06627e-05
6.06628e-05
6.06629e-05
6.0663e-05
6.06631e-05
6.06631e-05
6.06632e-05
6.06632e-05
6.06632e-05
6.06633e-05
6.06633e-05
6.06633e-05
6.06633e-05
6.06633e-05
6.06633e-05
6.06634e-05
6.06634e-05
6.06634e-05
6.06634e-05
6.06634e-05
6.06634e-05
6.06634e-05
6.06634e-05
6.06634e-05
6.06634e-05
6.06634e-05
6.06634e-05
6.06634e-05
6.06634e-05
6.06634e-05
6.06634e-05
6.06634e-05
6.06634e-05
6.06634e-05
6.06634e-05
6.06634e-05
6.06634e-05
6.06634e-05
6.06634e-05
6.06634e-05
6.06634e-05
6.06634e-05
6.06634e-05
6.06634e-05
6.06634e-05
6.06634e-05
6.06634e-05
6.06634e-05
6.06634e-05
6.06634e-05
6.06634e-05
6.06634e-05
6.06634e-05
6.06634e-05
6.06634e-05
6.06634e-05
6.06634e-05
6.06634e-05
6.06634e-05
6.06634e-05
6.06634e-05
6.06634e-05
6.06634e-05
6.06634e-05
6.06634e-05
6.06634e-05
6.06634e-05
6.06634e-05
6.06634e-05
6.06634e-05
6.06634e-05
6.06634e-05
6.06634e-05
6.06634e-05
6.06634e-05
6.06634e-05
6.06634e-05
6.06634e-05
6.06634e-05
6.06634e-05
6.06634e-05
6.06634e-05
6.06634e-05
6.06634e-05
6.06634e-05
6.06634e-05
6.06634e-05
6.06634e-05
6.06634e-05
6.06634e-05
6.06634e-05
6.06634e-05
6.06634e-05
6.06634e-05
6.06634e-05
6.06634e-05
6.06634e-05
6.06634e-05
6.06634e-05
6.06634e-05
6.06634e-05
6.06634e-05
6.06634e-05
6.06634e-05
6.06634e-05
6.06634e-05
6.06634e-05
6.06634e-05
6.06634e-05
6.06634e-05
6.06634e-05
6.06634e-05
6.06634e-05
6.06634e-05
6.06634e-05
6.06634e-05
6.06634e-05
6.06634e-05
6.06634e-05
6.06634e-05
6.06634e-05
6.06634e-05
6.06634e-05
6.06634e-05
6.06634e-05
6.06634e-05
6.06634e-05
6.06634e-05
6.06634e-05
6.06634e-05
6.06634e-05
6.06634e-05
6.06634e-05
6.06634e-05
6.06634e-05
6.06634e-05
6.06634e-05
6.06634e-05
6.06634e-05
6.06634e-05
6.06634e-05
6.06634e-05
6.06634e-05
6.06634e-05
6.06634e-05
6.06634e-05
6.06634e-05
6.06634e-05
6.06634e-05
6.06634e-05
6.06634e-05
6.06634e-05
6.06634e-05
6.06634e-05
6.06634e-05
6.06634e-05
6.06634e-05
6.06634e-05
6.06634e-05
6.06634e-05
6.06634e-05
6.06634e-05
6.06634e-05
6.06634e-05
6.06634e-05
6.06634e-05
6.06634e-05
6.06634e-05
6.06634e-05
6.06634e-05
6.06634e-05
6.06634e-05
6.06634e-05
6.06634e-05
6.06634e-05
6.06634e-05
6.06634e-05
6.06634e-05
6.06634e-05
6.06634e-05
6.06634e-05
6.06634e-05
6.06634e-05
6.06634e-05
6.06634e-05
6.06634e-05
6.06634e-05
6.06634e-05
6.06634e-05
6.06634e-05
6.06634e-05
6.06634e-05
6.06634e-05
6.06634e-05
6.06634e-05
6.06634e-05
6.06634e-05
6.06634e-05
6.06634e-05
6.06634e-05
6.06634e-05
6.06634e-05
6.06634e-05
6.06634e-05
6.06634e-05
6.06634e-05
6.06634e-05
6.06634e-05
6.06634e-05
6.06634e-05
6.06634e-05
6.06634e-05
6.06634e-05
6.06634e-05
6.06634e-05
6.06634e-05
6.06634e-05
6.06634e-05
6.06634e-05
6.06634e-05
6.06634e-05
6.06634e-05
6.06634e-05
6.06634e-05
6.06634e-05
6.06634e-05
6.06634e-05
6.06633e-05
2.90642e-05
4.67669e-05
5.54107e-05
6.51766e-05
7.20697e-05
7.54933e-05
7.79477e-05
7.97877e-05
8.1279e-05
8.25383e-05
8.36164e-05
8.45791e-05
8.54757e-05
8.63043e-05
8.70817e-05
8.7821e-05
8.8532e-05
8.92205e-05
8.9887e-05
9.0531e-05
9.11514e-05
9.17481e-05
9.23172e-05
9.28549e-05
9.33612e-05
9.38073e-05
9.41439e-05
9.43826e-05
9.45491e-05
9.4665e-05
9.47452e-05
9.48005e-05
9.48384e-05
9.48644e-05
9.48823e-05
9.48948e-05
9.49038e-05
9.49105e-05
9.49159e-05
9.49205e-05
9.49245e-05
9.49282e-05
9.49317e-05
9.4935e-05
9.49381e-05
9.49409e-05
9.49435e-05
9.4946e-05
9.49483e-05
9.49506e-05
9.49528e-05
9.49548e-05
9.49567e-05
9.49583e-05
9.49599e-05
9.49612e-05
9.49624e-05
9.49635e-05
9.49644e-05
9.49652e-05
9.49659e-05
9.49666e-05
9.49671e-05
9.49676e-05
9.4968e-05
9.49684e-05
9.49687e-05
9.4969e-05
9.49692e-05
9.49694e-05
9.49696e-05
9.49697e-05
9.49698e-05
9.49699e-05
9.497e-05
9.49701e-05
9.49702e-05
9.49702e-05
9.49703e-05
9.49703e-05
9.49703e-05
9.49703e-05
9.49704e-05
9.49704e-05
9.49704e-05
9.49704e-05
9.49704e-05
9.49704e-05
9.49704e-05
9.49704e-05
9.49704e-05
9.49705e-05
9.49705e-05
9.49705e-05
9.49705e-05
9.49705e-05
9.49705e-05
9.49705e-05
9.49705e-05
9.49705e-05
9.49705e-05
9.49705e-05
9.49705e-05
9.49705e-05
9.49705e-05
9.49705e-05
9.49705e-05
9.49705e-05
9.49705e-05
9.49705e-05
9.49705e-05
9.49705e-05
9.49705e-05
9.49705e-05
9.49705e-05
9.49705e-05
9.49705e-05
9.49705e-05
9.49705e-05
9.49705e-05
9.49705e-05
9.49705e-05
9.49705e-05
9.49705e-05
9.49705e-05
9.49705e-05
9.49705e-05
9.49705e-05
9.49705e-05
9.49705e-05
9.49705e-05
9.49705e-05
9.49705e-05
9.49705e-05
9.49705e-05
9.49705e-05
9.49705e-05
9.49705e-05
9.49705e-05
9.49705e-05
9.49705e-05
9.49705e-05
9.49705e-05
9.49705e-05
9.49705e-05
9.49705e-05
9.49705e-05
9.49705e-05
9.49705e-05
9.49705e-05
9.49705e-05
9.49705e-05
9.49705e-05
9.49705e-05
9.49705e-05
9.49705e-05
9.49705e-05
9.49705e-05
9.49705e-05
9.49705e-05
9.49705e-05
9.49705e-05
9.49705e-05
9.49705e-05
9.49705e-05
9.49705e-05
9.49705e-05
9.49705e-05
9.49705e-05
9.49705e-05
9.49705e-05
9.49705e-05
9.49705e-05
9.49705e-05
9.49705e-05
9.49705e-05
9.49705e-05
9.49705e-05
9.49705e-05
9.49705e-05
9.49705e-05
9.49705e-05
9.49705e-05
9.49705e-05
9.49705e-05
9.49705e-05
9.49705e-05
9.49705e-05
9.49705e-05
9.49705e-05
9.49705e-05
9.49705e-05
9.49705e-05
9.49705e-05
9.49705e-05
9.49705e-05
9.49705e-05
9.49705e-05
9.49705e-05
9.49705e-05
9.49705e-05
9.49705e-05
9.49705e-05
9.49705e-05
9.49705e-05
9.49705e-05
9.49705e-05
9.49705e-05
9.49705e-05
9.49705e-05
9.49705e-05
9.49705e-05
9.49705e-05
9.49705e-05
9.49705e-05
9.49705e-05
9.49705e-05
9.49705e-05
9.49705e-05
9.49705e-05
9.49705e-05
9.49705e-05
9.49705e-05
9.49705e-05
9.49705e-05
9.49705e-05
9.49705e-05
9.49705e-05
9.49705e-05
9.49705e-05
9.49705e-05
9.49705e-05
9.49705e-05
9.49705e-05
9.49705e-05
9.49705e-05
9.49705e-05
9.49705e-05
9.49705e-05
9.49705e-05
9.49705e-05
9.49705e-05
9.49705e-05
9.49705e-05
9.49705e-05
9.49705e-05
9.49705e-05
9.49705e-05
9.49705e-05
9.49705e-05
9.49705e-05
9.49705e-05
9.49705e-05
9.49705e-05
9.49705e-05
9.49705e-05
9.49705e-05
9.49705e-05
9.49705e-05
9.49705e-05
9.49705e-05
9.49705e-05
9.49705e-05
9.49705e-05
9.49705e-05
9.49705e-05
9.49705e-05
9.49705e-05
9.49705e-05
9.49705e-05
9.49705e-05
9.49705e-05
9.49705e-05
9.49705e-05
9.49705e-05
9.49705e-05
9.49705e-05
9.49705e-05
9.49705e-05
9.49705e-05
9.49705e-05
9.49705e-05
9.49705e-05
9.49705e-05
9.49705e-05
9.49705e-05
9.49705e-05
9.49705e-05
9.49705e-05
9.49705e-05
9.49705e-05
9.49705e-05
9.49705e-05
9.49705e-05
9.49705e-05
9.49705e-05
9.49705e-05
9.49705e-05
9.49704e-05
9.49704e-05
2.73117e-05
4.06757e-05
5.21324e-05
6.56284e-05
7.70632e-05
8.59336e-05
9.26583e-05
9.68787e-05
0.00010032
0.000103206
0.000105643
0.000107751
0.000109647
0.000111359
0.000112916
0.000114357
0.000115704
0.000116974
0.000118175
0.00011931
0.000120381
0.000121388
0.000122326
0.000123193
0.000123985
0.000124651
0.000125128
0.000125446
0.00012565
0.000125775
0.000125847
0.000125884
0.000125898
0.000125898
0.00012589
0.000125879
0.000125866
0.000125854
0.000125843
0.000125834
0.000125827
0.000125821
0.000125817
0.000125814
0.000125812
0.000125811
0.00012581
0.00012581
0.000125811
0.000125811
0.000125813
0.000125814
0.000125815
0.000125817
0.000125818
0.000125819
0.00012582
0.000125821
0.000125822
0.000125823
0.000125823
0.000125824
0.000125824
0.000125825
0.000125825
0.000125826
0.000125826
0.000125826
0.000125826
0.000125827
0.000125827
0.000125827
0.000125827
0.000125827
0.000125827
0.000125827
0.000125827
0.000125827
0.000125827
0.000125827
0.000125827
0.000125827
0.000125827
0.000125827
0.000125827
0.000125827
0.000125827
0.000125827
0.000125827
0.000125827
0.000125827
0.000125827
0.000125827
0.000125827
0.000125827
0.000125827
0.000125827
0.000125827
0.000125827
0.000125828
0.000125828
0.000125828
0.000125828
0.000125828
0.000125828
0.000125828
0.000125828
0.000125828
0.000125828
0.000125828
0.000125828
0.000125828
0.000125828
0.000125828
0.000125828
0.000125828
0.000125828
0.000125828
0.000125828
0.000125828
0.000125828
0.000125828
0.000125828
0.000125828
0.000125828
0.000125828
0.000125828
0.000125828
0.000125828
0.000125828
0.000125828
0.000125828
0.000125828
0.000125828
0.000125828
0.000125828
0.000125828
0.000125828
0.000125828
0.000125828
0.000125828
0.000125828
0.000125828
0.000125828
0.000125828
0.000125828
0.000125828
0.000125828
0.000125828
0.000125828
0.000125828
0.000125828
0.000125828
0.000125828
0.000125828
0.000125828
0.000125828
0.000125828
0.000125828
0.000125828
0.000125828
0.000125828
0.000125828
0.000125828
0.000125828
0.000125828
0.000125828
0.000125828
0.000125828
0.000125828
0.000125828
0.000125828
0.000125828
0.000125828
0.000125828
0.000125828
0.000125828
0.000125828
0.000125828
0.000125828
0.000125828
0.000125828
0.000125828
0.000125828
0.000125828
0.000125827
0.000125827
0.000125827
0.000125827
0.000125827
0.000125827
0.000125827
0.000125827
0.000125827
0.000125827
0.000125827
0.000125827
0.000125827
0.000125827
0.000125827
0.000125827
0.000125827
0.000125827
0.000125827
0.000125827
0.000125827
0.000125827
0.000125827
0.000125827
0.000125827
0.000125827
0.000125827
0.000125827
0.000125827
0.000125827
0.000125827
0.000125827
0.000125827
0.000125827
0.000125827
0.000125827
0.000125827
0.000125827
0.000125827
0.000125827
0.000125827
0.000125827
0.000125827
0.000125827
0.000125827
0.000125827
0.000125827
0.000125827
0.000125827
0.000125827
0.000125827
0.000125827
0.000125827
0.000125827
0.000125827
0.000125827
0.000125827
0.000125827
0.000125827
0.000125827
0.000125827
0.000125827
0.000125827
0.000125827
0.000125827
0.000125827
0.000125827
0.000125827
0.000125827
0.000125827
0.000125827
0.000125827
0.000125827
0.000125827
0.000125827
0.000125827
0.000125827
0.000125827
0.000125827
0.000125827
0.000125827
0.000125827
0.000125827
0.000125827
0.000125827
0.000125827
0.000125827
0.000125827
0.000125827
0.000125827
0.000125827
0.000125827
0.000125827
0.000125827
0.000125827
0.000125827
0.000125827
0.000125827
0.000125827
0.000125827
0.000125827
0.000125827
0.000125827
0.000125827
0.000125827
0.000125827
0.000125827
0.000125827
0.000125827
0.000125827
0.000125827
0.000125827
0.000125827
0.000125827
0.000125827
2.84471e-05
3.4577e-05
4.89668e-05
5.98359e-05
7.16007e-05
8.38169e-05
9.44943e-05
0.000103197
0.000110304
0.000116208
0.000120469
0.000124166
0.00012745
0.000130395
0.000133044
0.000135458
0.000137685
0.000139755
0.000141686
0.000143487
0.000145161
0.000146716
0.000148145
0.000149444
0.000150611
0.000151572
0.00015226
0.000152727
0.000153033
0.000153223
0.000153335
0.000153394
0.000153418
0.000153421
0.000153412
0.000153397
0.000153381
0.000153364
0.00015335
0.000153338
0.000153328
0.000153321
0.000153316
0.000153313
0.000153311
0.00015331
0.00015331
0.000153311
0.000153313
0.000153315
0.000153317
0.00015332
0.000153322
0.000153325
0.000153327
0.000153329
0.000153331
0.000153333
0.000153334
0.000153336
0.000153337
0.000153338
0.000153339
0.00015334
0.000153341
0.000153341
0.000153342
0.000153342
0.000153343
0.000153343
0.000153343
0.000153344
0.000153344
0.000153344
0.000153344
0.000153344
0.000153344
0.000153344
0.000153344
0.000153344
0.000153345
0.000153345
0.000153345
0.000153345
0.000153345
0.000153345
0.000153345
0.000153345
0.000153345
0.000153345
0.000153345
0.000153345
0.000153345
0.000153345
0.000153345
0.000153345
0.000153345
0.000153345
0.000153345
0.000153345
0.000153345
0.000153345
0.000153345
0.000153345
0.000153345
0.000153345
0.000153345
0.000153345
0.000153345
0.000153345
0.000153345
0.000153345
0.000153345
0.000153345
0.000153345
0.000153345
0.000153345
0.000153345
0.000153345
0.000153345
0.000153345
0.000153345
0.000153345
0.000153345
0.000153345
0.000153345
0.000153345
0.000153345
0.000153345
0.000153345
0.000153345
0.000153345
0.000153345
0.000153345
0.000153345
0.000153345
0.000153345
0.000153345
0.000153345
0.000153345
0.000153345
0.000153345
0.000153345
0.000153345
0.000153345
0.000153345
0.000153345
0.000153345
0.000153345
0.000153345
0.000153345
0.000153345
0.000153345
0.000153345
0.000153345
0.000153345
0.000153345
0.000153345
0.000153345
0.000153345
0.000153345
0.000153345
0.000153345
0.000153345
0.000153345
0.000153345
0.000153345
0.000153345
0.000153345
0.000153345
0.000153345
0.000153345
0.000153345
0.000153345
0.000153345
0.000153345
0.000153345
0.000153345
0.000153345
0.000153345
0.000153345
0.000153345
0.000153345
0.000153345
0.000153345
0.000153345
0.000153345
0.000153345
0.000153345
0.000153345
0.000153345
0.000153345
0.000153345
0.000153345
0.000153345
0.000153345
0.000153345
0.000153345
0.000153345
0.000153345
0.000153345
0.000153345
0.000153345
0.000153345
0.000153345
0.000153345
0.000153345
0.000153345
0.000153345
0.000153345
0.000153345
0.000153345
0.000153345
0.000153345
0.000153345
0.000153345
0.000153345
0.000153345
0.000153345
0.000153345
0.000153345
0.000153345
0.000153345
0.000153345
0.000153345
0.000153345
0.000153345
0.000153345
0.000153345
0.000153345
0.000153345
0.000153345
0.000153345
0.000153345
0.000153345
0.000153345
0.000153345
0.000153345
0.000153345
0.000153345
0.000153345
0.000153345
0.000153345
0.000153345
0.000153345
0.000153345
0.000153345
0.000153345
0.000153345
0.000153345
0.000153345
0.000153345
0.000153345
0.000153345
0.000153345
0.000153345
0.000153345
0.000153345
0.000153345
0.000153345
0.000153345
0.000153345
0.000153345
0.000153345
0.000153345
0.000153345
0.000153345
0.000153345
0.000153345
0.000153345
0.000153345
0.000153345
0.000153345
0.000153345
0.000153345
0.000153345
0.000153345
0.000153345
0.000153345
0.000153345
0.000153345
0.000153345
0.000153345
0.000153345
0.000153345
0.000153345
0.000153345
0.000153345
0.000153345
0.000153345
0.000153345
0.000153345
0.000153345
0.000153345
0.000153345
0.000153345
0.000153345
0.000153345
0.000153345
0.000153345
3.4658e-05
3.17166e-05
3.9528e-05
5.37252e-05
6.30359e-05
7.49768e-05
8.73806e-05
9.90439e-05
0.000109383
0.000118393
0.000125997
0.00013255
0.000138287
0.000143121
0.000147127
0.000150765
0.000154102
0.000157186
0.000160042
0.000162681
0.000165117
0.000167363
0.00016941
0.00017126
0.000172909
0.000174277
0.000175293
0.000176022
0.000176535
0.000176888
0.000177127
0.000177286
0.000177389
0.000177455
0.000177497
0.000177525
0.000177543
0.000177556
0.000177567
0.000177576
0.000177586
0.000177595
0.000177605
0.000177616
0.000177625
0.000177634
0.000177643
0.000177653
0.000177662
0.000177671
0.000177679
0.000177687
0.000177694
0.000177701
0.000177707
0.000177712
0.000177717
0.000177721
0.000177725
0.000177728
0.000177731
0.000177734
0.000177736
0.000177738
0.00017774
0.000177741
0.000177743
0.000177744
0.000177745
0.000177745
0.000177746
0.000177747
0.000177747
0.000177748
0.000177748
0.000177748
0.000177749
0.000177749
0.000177749
0.000177749
0.000177749
0.000177749
0.000177749
0.000177749
0.00017775
0.00017775
0.00017775
0.00017775
0.00017775
0.00017775
0.00017775
0.00017775
0.00017775
0.00017775
0.00017775
0.00017775
0.00017775
0.00017775
0.00017775
0.00017775
0.00017775
0.00017775
0.00017775
0.00017775
0.00017775
0.00017775
0.00017775
0.00017775
0.00017775
0.00017775
0.00017775
0.00017775
0.00017775
0.00017775
0.00017775
0.00017775
0.00017775
0.00017775
0.00017775
0.00017775
0.00017775
0.00017775
0.00017775
0.00017775
0.00017775
0.00017775
0.00017775
0.00017775
0.00017775
0.00017775
0.00017775
0.00017775
0.00017775
0.00017775
0.00017775
0.00017775
0.00017775
0.00017775
0.00017775
0.00017775
0.00017775
0.00017775
0.00017775
0.00017775
0.00017775
0.00017775
0.00017775
0.00017775
0.00017775
0.00017775
0.00017775
0.00017775
0.00017775
0.00017775
0.00017775
0.00017775
0.00017775
0.00017775
0.00017775
0.00017775
0.00017775
0.00017775
0.00017775
0.00017775
0.00017775
0.00017775
0.00017775
0.00017775
0.00017775
0.00017775
0.00017775
0.00017775
0.00017775
0.00017775
0.00017775
0.00017775
0.00017775
0.00017775
0.00017775
0.00017775
0.00017775
0.00017775
0.00017775
0.00017775
0.00017775
0.00017775
0.00017775
0.00017775
0.00017775
0.00017775
0.00017775
0.00017775
0.00017775
0.00017775
0.00017775
0.00017775
0.00017775
0.00017775
0.00017775
0.00017775
0.00017775
0.00017775
0.00017775
0.00017775
0.00017775
0.00017775
0.00017775
0.00017775
0.00017775
0.00017775
0.00017775
0.00017775
0.00017775
0.00017775
0.00017775
0.00017775
0.00017775
0.00017775
0.00017775
0.00017775
0.00017775
0.00017775
0.00017775
0.00017775
0.00017775
0.00017775
0.00017775
0.00017775
0.00017775
0.00017775
0.00017775
0.00017775
0.00017775
0.00017775
0.00017775
0.00017775
0.00017775
0.00017775
0.00017775
0.00017775
0.00017775
0.00017775
0.00017775
0.00017775
0.00017775
0.00017775
0.00017775
0.00017775
0.00017775
0.00017775
0.00017775
0.00017775
0.00017775
0.00017775
0.00017775
0.00017775
0.00017775
0.00017775
0.00017775
0.00017775
0.00017775
0.00017775
0.00017775
0.00017775
0.00017775
0.00017775
0.00017775
0.00017775
0.00017775
0.00017775
0.00017775
0.00017775
0.00017775
0.00017775
0.00017775
0.00017775
0.00017775
0.00017775
0.00017775
0.00017775
0.00017775
0.00017775
0.00017775
0.00017775
0.00017775
0.00017775
0.00017775
0.00017775
0.00017775
0.00017775
0.00017775
0.00017775
0.00017775
0.00017775
0.00017775
0.00017775
0.00017775
0.00017775
0.00017775
0.00017775
4.95496e-05
3.37888e-05
3.4099e-05
4.33565e-05
5.67897e-05
6.59722e-05
7.68223e-05
8.88625e-05
0.000100977
0.000112177
0.000122515
0.000131686
0.000139874
0.000147147
0.000153459
0.000159011
0.000164122
0.000168921
0.000173121
0.000176756
0.000180103
0.000183177
0.000185972
0.000188494
0.000190761
0.000192704
0.000194203
0.000195341
0.000196197
0.00019684
0.000197323
0.000197687
0.000197964
0.000198177
0.000198345
0.000198478
0.000198588
0.000198679
0.000198757
0.000198825
0.000198885
0.000198938
0.000198986
0.000199029
0.000199068
0.000199102
0.000199132
0.000199161
0.000199186
0.00019921
0.000199231
0.000199251
0.000199268
0.000199283
0.000199296
0.000199308
0.000199319
0.000199328
0.000199336
0.000199344
0.00019935
0.000199355
0.00019936
0.000199364
0.000199368
0.000199371
0.000199373
0.000199376
0.000199378
0.000199379
0.000199381
0.000199382
0.000199383
0.000199384
0.000199385
0.000199386
0.000199386
0.000199387
0.000199387
0.000199387
0.000199388
0.000199388
0.000199388
0.000199388
0.000199388
0.000199388
0.000199389
0.000199389
0.000199389
0.000199389
0.000199389
0.000199389
0.000199389
0.000199389
0.000199389
0.000199389
0.000199389
0.000199389
0.000199389
0.000199389
0.000199389
0.000199389
0.000199389
0.000199389
0.000199389
0.000199389
0.000199389
0.000199389
0.000199389
0.000199389
0.00019939
0.00019939
0.00019939
0.00019939
0.00019939
0.00019939
0.00019939
0.00019939
0.00019939
0.00019939
0.00019939
0.00019939
0.00019939
0.00019939
0.00019939
0.00019939
0.00019939
0.00019939
0.00019939
0.00019939
0.00019939
0.00019939
0.00019939
0.00019939
0.00019939
0.00019939
0.00019939
0.00019939
0.00019939
0.00019939
0.00019939
0.00019939
0.00019939
0.00019939
0.00019939
0.00019939
0.00019939
0.00019939
0.00019939
0.00019939
0.00019939
0.00019939
0.00019939
0.00019939
0.00019939
0.00019939
0.00019939
0.00019939
0.00019939
0.00019939
0.00019939
0.00019939
0.00019939
0.00019939
0.00019939
0.00019939
0.00019939
0.00019939
0.00019939
0.00019939
0.00019939
0.00019939
0.00019939
0.00019939
0.00019939
0.00019939
0.00019939
0.00019939
0.00019939
0.00019939
0.00019939
0.00019939
0.000199389
0.000199389
0.000199389
0.000199389
0.000199389
0.000199389
0.000199389
0.000199389
0.000199389
0.000199389
0.000199389
0.000199389
0.000199389
0.000199389
0.000199389
0.000199389
0.000199389
0.000199389
0.000199389
0.000199389
0.000199389
0.000199389
0.000199389
0.000199389
0.000199389
0.000199389
0.000199389
0.000199389
0.000199389
0.000199389
0.000199389
0.000199389
0.000199389
0.000199389
0.000199389
0.000199389
0.000199389
0.000199389
0.000199389
0.000199389
0.000199389
0.000199389
0.000199389
0.000199389
0.000199389
0.000199389
0.000199389
0.000199389
0.000199389
0.000199389
0.000199389
0.000199389
0.000199389
0.000199389
0.000199389
0.000199389
0.000199389
0.000199389
0.000199389
0.000199389
0.000199389
0.000199389
0.000199389
0.000199389
0.000199389
0.000199389
0.000199389
0.000199389
0.000199389
0.000199389
0.000199389
0.000199389
0.000199389
0.000199389
0.000199389
0.000199389
0.000199389
0.000199389
0.000199389
0.000199389
0.000199389
0.000199389
0.000199389
0.000199389
0.000199389
0.000199389
0.000199389
0.000199389
0.000199389
0.000199389
0.000199389
0.000199389
0.000199389
0.000199389
0.000199389
0.000199389
0.000199389
0.000199389
0.000199389
0.000199389
0.000199389
0.000199389
0.000199389
0.000199389
0.000199389
0.000199389
0.000199389
0.000199389
0.000199389
0.000199389
0.000199389
0.000199389
0.000199389
0.000199389
0.000199389
0.000199389
0.000199389
0.000199389
7.74843e-05
4.43654e-05
3.58532e-05
3.75567e-05
4.65608e-05
5.95095e-05
6.79033e-05
7.80126e-05
8.92518e-05
0.000100899
0.000112782
0.000123817
0.000134136
0.000143556
0.000152123
0.00015979
0.000166569
0.000172979
0.000178819
0.000184083
0.000188866
0.000192996
0.000196645
0.00019963
0.000202898
0.00020696
0.000209112
0.000210817
0.000212169
0.000213244
0.000214105
0.000214797
0.00021536
0.00021582
0.000216201
0.00021652
0.000216789
0.000217018
0.000217215
0.000217385
0.000217534
0.000217664
0.000217778
0.000217878
0.000217966
0.000218043
0.000218111
0.000218171
0.000218226
0.000218274
0.000218316
0.000218354
0.000218387
0.000218417
0.000218442
0.000218465
0.000218485
0.000218502
0.000218517
0.00021853
0.000218542
0.000218552
0.00021856
0.000218568
0.000218574
0.00021858
0.000218585
0.000218589
0.000218593
0.000218596
0.000218599
0.000218601
0.000218603
0.000218605
0.000218606
0.000218607
0.000218608
0.000218609
0.00021861
0.000218611
0.000218611
0.000218612
0.000218612
0.000218612
0.000218612
0.000218613
0.000218613
0.000218613
0.000218613
0.000218613
0.000218613
0.000218613
0.000218614
0.000218614
0.000218614
0.000218614
0.000218614
0.000218614
0.000218614
0.000218614
0.000218614
0.000218614
0.000218614
0.000218614
0.000218614
0.000218614
0.000218614
0.000218615
0.000218615
0.000218615
0.000218615
0.000218615
0.000218615
0.000218615
0.000218615
0.000218615
0.000218615
0.000218615
0.000218615
0.000218615
0.000218615
0.000218615
0.000218615
0.000218615
0.000218615
0.000218615
0.000218615
0.000218615
0.000218615
0.000218615
0.000218615
0.000218615
0.000218615
0.000218615
0.000218615
0.000218615
0.000218615
0.000218615
0.000218615
0.000218615
0.000218615
0.000218615
0.000218615
0.000218615
0.000218615
0.000218615
0.000218615
0.000218615
0.000218615
0.000218615
0.000218615
0.000218615
0.000218615
0.000218615
0.000218615
0.000218615
0.000218615
0.000218615
0.000218615
0.000218615
0.000218615
0.000218615
0.000218615
0.000218615
0.000218615
0.000218615
0.000218615
0.000218615
0.000218615
0.000218615
0.000218615
0.000218615
0.000218615
0.000218615
0.000218615
0.000218615
0.000218615
0.000218615
0.000218615
0.000218615
0.000218615
0.000218615
0.000218615
0.000218615
0.000218615
0.000218615
0.000218615
0.000218615
0.000218615
0.000218615
0.000218614
0.000218614
0.000218614
0.000218614
0.000218614
0.000218614
0.000218614
0.000218614
0.000218614
0.000218614
0.000218614
0.000218614
0.000218614
0.000218614
0.000218614
0.000218614
0.000218614
0.000218614
0.000218614
0.000218614
0.000218614
0.000218614
0.000218614
0.000218614
0.000218614
0.000218614
0.000218614
0.000218614
0.000218614
0.000218614
0.000218614
0.000218614
0.000218614
0.000218614
0.000218614
0.000218614
0.000218614
0.000218614
0.000218614
0.000218614
0.000218614
0.000218614
0.000218614
0.000218614
0.000218614
0.000218614
0.000218614
0.000218614
0.000218614
0.000218614
0.000218614
0.000218614
0.000218614
0.000218614
0.000218614
0.000218614
0.000218614
0.000218614
0.000218614
0.000218614
0.000218614
0.000218614
0.000218614
0.000218614
0.000218614
0.000218614
0.000218614
0.000218614
0.000218614
0.000218614
0.000218614
0.000218614
0.000218614
0.000218614
0.000218614
0.000218614
0.000218614
0.000218614
0.000218614
0.000218614
0.000218614
0.000218614
0.000218614
0.000218614
0.000218614
0.000218614
0.000218614
0.000218614
0.000218614
0.000218614
0.000218614
0.000218614
0.000218614
0.000218614
0.000218614
0.000218614
0.000218614
0.000218614
0.000218614
0.000218614
0.000218614
0.000218614
0.000218614
0.000218614
0.000218614
0.000218614
0.000218614
0.000218614
0.000218614
0.000218614
0.000129283
6.59336e-05
4.73227e-05
3.94714e-05
4.09348e-05
4.91663e-05
6.09722e-05
7.00941e-05
7.90184e-05
8.89879e-05
0.000100211
0.000111653
0.000123215
0.000134124
0.00014452
0.00015415
0.000162785
0.000170664
0.000177944
0.000184777
0.000190897
0.000196069
0.000200733
0.000205053
0.000210957
0.00021729
0.000220247
0.000222675
0.000224677
0.000226334
0.000227713
0.000228864
0.00022983
0.000230644
0.000231334
0.000231921
0.000232422
0.000232853
0.000233225
0.000233547
0.000233826
0.000234069
0.000234281
0.000234465
0.000234625
0.000234765
0.000234887
0.000234995
0.00023509
0.000235173
0.000235247
0.000235311
0.000235367
0.000235417
0.00023546
0.000235497
0.00023553
0.000235559
0.000235583
0.000235605
0.000235624
0.00023564
0.000235654
0.000235667
0.000235677
0.000235686
0.000235694
0.000235701
0.000235707
0.000235712
0.000235717
0.00023572
0.000235724
0.000235726
0.000235729
0.000235731
0.000235733
0.000235734
0.000235735
0.000235736
0.000235737
0.000235738
0.000235739
0.000235739
0.00023574
0.00023574
0.00023574
0.000235741
0.000235741
0.000235741
0.000235741
0.000235741
0.000235742
0.000235742
0.000235742
0.000235742
0.000235742
0.000235742
0.000235742
0.000235742
0.000235742
0.000235743
0.000235743
0.000235743
0.000235743
0.000235743
0.000235743
0.000235743
0.000235743
0.000235743
0.000235743
0.000235743
0.000235743
0.000235743
0.000235743
0.000235743
0.000235743
0.000235743
0.000235743
0.000235743
0.000235743
0.000235743
0.000235743
0.000235743
0.000235743
0.000235743
0.000235743
0.000235743
0.000235743
0.000235743
0.000235743
0.000235743
0.000235743
0.000235743
0.000235743
0.000235743
0.000235743
0.000235743
0.000235743
0.000235743
0.000235743
0.000235743
0.000235743
0.000235743
0.000235743
0.000235743
0.000235743
0.000235743
0.000235743
0.000235743
0.000235743
0.000235743
0.000235743
0.000235743
0.000235743
0.000235743
0.000235743
0.000235743
0.000235743
0.000235743
0.000235743
0.000235743
0.000235743
0.000235743
0.000235743
0.000235743
0.000235743
0.000235743
0.000235743
0.000235743
0.000235743
0.000235743
0.000235743
0.000235743
0.000235743
0.000235743
0.000235743
0.000235743
0.000235743
0.000235743
0.000235743
0.000235743
0.000235743
0.000235743
0.000235743
0.000235743
0.000235743
0.000235743
0.000235743
0.000235743
0.000235743
0.000235743
0.000235743
0.000235743
0.000235743
0.000235743
0.000235743
0.000235743
0.000235743
0.000235743
0.000235743
0.000235743
0.000235743
0.000235743
0.000235743
0.000235743
0.000235743
0.000235743
0.000235743
0.000235743
0.000235743
0.000235743
0.000235743
0.000235743
0.000235743
0.000235743
0.000235743
0.000235743
0.000235743
0.000235743
0.000235743
0.000235743
0.000235743
0.000235743
0.000235743
0.000235743
0.000235743
0.000235743
0.000235743
0.000235743
0.000235743
0.000235743
0.000235743
0.000235743
0.000235743
0.000235743
0.000235743
0.000235743
0.000235743
0.000235743
0.000235743
0.000235743
0.000235743
0.000235743
0.000235743
0.000235743
0.000235743
0.000235743
0.000235743
0.000235743
0.000235743
0.000235743
0.000235743
0.000235743
0.000235743
0.000235743
0.000235743
0.000235743
0.000235743
0.000235743
0.000235743
0.000235743
0.000235742
0.000235742
0.000235742
0.000235742
0.000235742
0.000235742
0.000235742
0.000235742
0.000235742
0.000235742
0.000235742
0.000235742
0.000235742
0.000235742
0.000235742
0.000235742
0.000235743
0.000235743
0.000235743
0.000235743
0.000235743
0.000235743
0.000235743
0.000235743
0.000235743
0.000235743
0.000235743
0.000235743
0.000235743
0.000235743
0.000235743
0.000235743
0.000235743
0.000235743
0.000235743
0.000235743
0.000235743
0.000235743
0.000192042
0.000106244
7.01569e-05
5.19171e-05
4.38e-05
4.44158e-05
5.1317e-05
6.18623e-05
7.21341e-05
8.02927e-05
8.91877e-05
9.91155e-05
0.000110014
0.000121154
0.000132503
0.000143354
0.000153605
0.000163005
0.000171679
0.000179602
0.00018708
0.000193669
0.000200195
0.000207614
0.000217335
0.000224021
0.000227912
0.000231208
0.000234008
0.000236393
0.000238427
0.000240164
0.00024165
0.000242922
0.000244014
0.000244952
0.000245759
0.000246455
0.000247057
0.000247578
0.000248029
0.000248421
0.000248761
0.000249057
0.000249312
0.000249535
0.000249729
0.000249898
0.000250047
0.000250177
0.00025029
0.000250389
0.000250475
0.000250551
0.000250616
0.000250673
0.000250723
0.000250766
0.000250803
0.000250836
0.000250864
0.000250888
0.00025091
0.000250928
0.000250944
0.000250958
0.000250969
0.00025098
0.000250989
0.000250996
0.000251003
0.000251008
0.000251013
0.000251017
0.000251021
0.000251024
0.000251027
0.000251029
0.000251031
0.000251032
0.000251034
0.000251035
0.000251036
0.000251037
0.000251037
0.000251038
0.000251038
0.000251039
0.000251039
0.00025104
0.00025104
0.00025104
0.00025104
0.000251041
0.000251041
0.000251041
0.000251041
0.000251041
0.000251042
0.000251042
0.000251042
0.000251042
0.000251042
0.000251042
0.000251042
0.000251042
0.000251042
0.000251042
0.000251043
0.000251043
0.000251043
0.000251043
0.000251043
0.000251043
0.000251043
0.000251043
0.000251043
0.000251043
0.000251043
0.000251043
0.000251043
0.000251043
0.000251043
0.000251043
0.000251043
0.000251043
0.000251043
0.000251043
0.000251043
0.000251043
0.000251043
0.000251043
0.000251043
0.000251043
0.000251043
0.000251043
0.000251043
0.000251043
0.000251043
0.000251043
0.000251043
0.000251043
0.000251043
0.000251043
0.000251043
0.000251043
0.000251043
0.000251043
0.000251043
0.000251043
0.000251043
0.000251043
0.000251043
0.000251043
0.000251043
0.000251043
0.000251043
0.000251043
0.000251043
0.000251043
0.000251043
0.000251043
0.000251043
0.000251043
0.000251043
0.000251043
0.000251043
0.000251043
0.000251043
0.000251043
0.000251043
0.000251043
0.000251043
0.000251043
0.000251043
0.000251043
0.000251043
0.000251043
0.000251043
0.000251043
0.000251043
0.000251043
0.000251043
0.000251043
0.000251043
0.000251043
0.000251043
0.000251043
0.000251043
0.000251043
0.000251043
0.000251043
0.000251043
0.000251043
0.000251043
0.000251043
0.000251042
0.000251042
0.000251042
0.000251042
0.000251042
0.000251042
0.000251042
0.000251042
0.000251042
0.000251042
0.000251042
0.000251042
0.000251042
0.000251042
0.000251042
0.000251042
0.000251042
0.000251042
0.000251042
0.000251042
0.000251042
0.000251042
0.000251042
0.000251042
0.000251042
0.000251042
0.000251042
0.000251042
0.000251042
0.000251042
0.000251042
0.000251042
0.000251042
0.000251042
0.000251042
0.000251042
0.000251042
0.000251042
0.000251042
0.000251042
0.000251042
0.000251042
0.000251042
0.000251042
0.000251042
0.000251042
0.000251042
0.000251042
0.000251042
0.000251042
0.000251042
0.000251042
0.000251042
0.000251042
0.000251042
0.000251042
0.000251042
0.000251042
0.000251042
0.000251042
0.000251042
0.000251042
0.000251042
0.000251042
0.000251042
0.000251042
0.000251042
0.000251042
0.000251042
0.000251042
0.000251042
0.000251042
0.000251042
0.000251042
0.000251042
0.000251042
0.000251042
0.000251042
0.000251042
0.000251042
0.000251042
0.000251042
0.000251042
0.000251042
0.000251042
0.000251042
0.000251042
0.000251042
0.000251042
0.000251042
0.000251042
0.000251042
0.000251042
0.000251042
0.000251042
0.000251042
0.000251042
0.000251042
0.000251042
0.000251042
0.000251042
0.000251042
0.000251042
0.000251042
0.000179245
0.000169481
0.000112138
7.57752e-05
5.74464e-05
4.84959e-05
4.7803e-05
5.3188e-05
6.25691e-05
7.4101e-05
8.172e-05
8.9884e-05
9.85777e-05
0.000108299
0.000118863
0.00012964
0.00014063
0.000151104
0.00016115
0.000170223
0.000178913
0.000188079
0.000198172
0.000210394
0.000221801
0.000227519
0.000232465
0.000236763
0.000240501
0.000243747
0.000246563
0.000249002
0.000251113
0.000252937
0.000254513
0.000255875
0.000257053
0.000258071
0.000258952
0.000259715
0.000260376
0.000260949
0.000261446
0.000261876
0.000262249
0.000262571
0.000262852
0.000263098
0.000263311
0.000263497
0.000263659
0.0002638
0.000263923
0.000264029
0.000264122
0.000264202
0.000264272
0.000264333
0.000264385
0.000264431
0.00026447
0.000264504
0.000264534
0.00026456
0.000264582
0.000264601
0.000264618
0.000264632
0.000264644
0.000264655
0.000264664
0.000264672
0.000264679
0.000264685
0.00026469
0.000264694
0.000264698
0.000264701
0.000264703
0.000264706
0.000264708
0.000264709
0.000264711
0.000264712
0.000264713
0.000264714
0.000264714
0.000264715
0.000264716
0.000264716
0.000264716
0.000264717
0.000264717
0.000264717
0.000264718
0.000264718
0.000264718
0.000264718
0.000264719
0.000264719
0.000264719
0.000264719
0.000264719
0.000264719
0.00026472
0.00026472
0.00026472
0.00026472
0.00026472
0.00026472
0.00026472
0.00026472
0.00026472
0.00026472
0.00026472
0.00026472
0.00026472
0.00026472
0.00026472
0.00026472
0.000264721
0.000264721
0.000264721
0.000264721
0.000264721
0.000264721
0.000264721
0.000264721
0.000264721
0.000264721
0.000264721
0.000264721
0.000264721
0.000264721
0.000264721
0.000264721
0.000264721
0.000264721
0.000264721
0.000264721
0.000264721
0.000264721
0.000264721
0.000264721
0.000264721
0.000264721
0.000264721
0.000264721
0.000264721
0.000264721
0.000264721
0.000264721
0.000264721
0.000264721
0.000264721
0.000264721
0.000264721
0.000264721
0.000264721
0.000264721
0.000264721
0.000264721
0.000264721
0.000264721
0.000264721
0.000264721
0.000264721
0.000264721
0.000264721
0.000264721
0.000264721
0.000264721
0.000264721
0.000264721
0.000264721
0.000264721
0.000264721
0.000264721
0.000264721
0.000264721
0.000264721
0.000264721
0.000264721
0.000264721
0.00026472
0.00026472
0.00026472
0.00026472
0.00026472
0.00026472
0.00026472
0.00026472
0.00026472
0.00026472
0.00026472
0.00026472
0.00026472
0.00026472
0.00026472
0.00026472
0.00026472
0.00026472
0.00026472
0.00026472
0.00026472
0.00026472
0.00026472
0.00026472
0.00026472
0.00026472
0.00026472
0.00026472
0.00026472
0.00026472
0.00026472
0.00026472
0.00026472
0.00026472
0.00026472
0.00026472
0.00026472
0.00026472
0.00026472
0.00026472
0.00026472
0.00026472
0.000264719
0.000264719
0.000264719
0.000264719
0.000264719
0.000264719
0.000264719
0.000264719
0.000264719
0.000264719
0.000264719
0.000264719
0.000264719
0.000264719
0.000264719
0.000264719
0.000264719
0.000264719
0.000264719
0.000264719
0.000264719
0.000264719
0.000264719
0.000264719
0.00026472
0.00026472
0.00026472
0.00026472
0.00026472
0.00026472
0.000264719
0.000264719
0.000264719
0.000264719
0.000264719
0.000264719
0.000264719
0.000264719
0.000264719
0.000264719
0.000264719
0.000264719
0.000264719
0.000264719
0.000264719
0.000264719
0.000264719
0.000264719
0.000264719
0.000264719
0.000264719
0.000264719
0.000264719
0.000264719
0.000264719
0.000264719
0.000264719
0.000264719
0.000264719
0.00026472
0.00026472
0.00026472
0.00026472
0.00026472
0.00026472
0.00026472
0.00026472
0.00026472
0.00026472
0.00026472
0.00026472
0.00026472
0.00026472
0.00026472
0.000158036
0.000246832
0.000174609
0.000117733
8.21221e-05
6.32718e-05
5.33425e-05
5.12052e-05
5.50678e-05
6.31312e-05
7.34702e-05
8.37183e-05
9.0928e-05
9.89549e-05
0.000107455
0.000116793
0.000127118
0.000137629
0.000148447
0.000159175
0.000169925
0.000182921
0.000198006
0.000213557
0.000221269
0.00022818
0.000234305
0.000239734
0.000244534
0.000248759
0.000252464
0.0002557
0.000258518
0.000260968
0.000263094
0.000264938
0.000266535
0.000267919
0.000269118
0.000270156
0.000271056
0.000271835
0.00027251
0.000273094
0.000273599
0.000274037
0.000274417
0.000274748
0.000275035
0.000275285
0.000275503
0.000275691
0.000275855
0.000275997
0.000276121
0.000276228
0.00027632
0.000276401
0.00027647
0.000276531
0.000276583
0.000276628
0.000276667
0.000276701
0.00027673
0.000276755
0.000276777
0.000276796
0.000276812
0.000276826
0.000276839
0.000276849
0.000276858
0.000276866
0.000276872
0.000276878
0.000276883
0.000276887
0.00027689
0.000276894
0.000276896
0.000276898
0.0002769
0.000276902
0.000276903
0.000276904
0.000276905
0.000276906
0.000276907
0.000276907
0.000276908
0.000276908
0.000276909
0.000276909
0.000276909
0.00027691
0.00027691
0.00027691
0.000276911
0.000276911
0.000276911
0.000276911
0.000276912
0.000276912
0.000276912
0.000276912
0.000276912
0.000276912
0.000276912
0.000276913
0.000276913
0.000276913
0.000276913
0.000276913
0.000276913
0.000276913
0.000276913
0.000276913
0.000276913
0.000276913
0.000276913
0.000276913
0.000276913
0.000276913
0.000276913
0.000276913
0.000276913
0.000276913
0.000276913
0.000276913
0.000276913
0.000276913
0.000276913
0.000276913
0.000276913
0.000276913
0.000276913
0.000276913
0.000276913
0.000276913
0.000276913
0.000276913
0.000276913
0.000276913
0.000276913
0.000276913
0.000276913
0.000276913
0.000276913
0.000276913
0.000276913
0.000276913
0.000276913
0.000276913
0.000276913
0.000276913
0.000276913
0.000276913
0.000276913
0.000276913
0.000276913
0.000276913
0.000276913
0.000276913
0.000276913
0.000276913
0.000276913
0.000276913
0.000276913
0.000276913
0.000276913
0.000276913
0.000276913
0.000276913
0.000276913
0.000276913
0.000276913
0.000276913
0.000276913
0.000276913
0.000276913
0.000276913
0.000276913
0.000276913
0.000276913
0.000276913
0.000276913
0.000276913
0.000276913
0.000276913
0.000276913
0.000276913
0.000276913
0.000276913
0.000276913
0.000276913
0.000276913
0.000276913
0.000276912
0.000276912
0.000276912
0.000276912
0.000276912
0.000276912
0.000276912
0.000276912
0.000276912
0.000276912
0.000276912
0.000276912
0.000276912
0.000276912
0.000276912
0.000276912
0.000276912
0.000276912
0.000276912
0.000276912
0.000276912
0.000276912
0.000276912
0.000276912
0.000276912
0.000276912
0.000276912
0.000276912
0.000276912
0.000276912
0.000276912
0.000276912
0.000276912
0.000276912
0.000276912
0.000276912
0.000276912
0.000276912
0.000276912
0.000276912
0.000276912
0.000276912
0.000276912
0.000276912
0.000276912
0.000276912
0.000276912
0.000276912
0.000276912
0.000276912
0.000276912
0.000276912
0.000276912
0.000276912
0.000276912
0.000276912
0.000276912
0.000276912
0.000276912
0.000276912
0.000276912
0.000276912
0.000276912
0.000276912
0.000276912
0.000276912
0.000276912
0.000276912
0.000276912
0.000276912
0.000276912
0.000276912
0.000276912
0.000276912
0.000276912
0.000276912
0.000276912
0.000276912
0.000276912
0.000276912
0.000276912
0.000276912
0.000276912
0.000276912
0.000276912
0.000276912
0.000276912
0.000276912
0.000276912
0.000276912
0.000276912
0.000276912
0.000276912
0.000276912
0.000276912
0.000276912
0.000276912
0.000276912
0.000276912
0.000276912
0.000276912
0.000276912
0.000131434
0.000260217
0.000248405
0.000177265
0.000122836
8.81158e-05
6.90661e-05
5.82692e-05
5.46841e-05
5.70287e-05
6.35305e-05
7.28208e-05
8.35917e-05
9.26745e-05
0.000100029
0.000108177
0.000117112
0.000126992
0.00013814
0.000150502
0.000164963
0.000181409
0.000199302
0.000209144
0.000218182
0.000226426
0.000233865
0.000240552
0.000246525
0.000251822
0.000256491
0.000260586
0.000264166
0.000267287
0.000270002
0.00027236
0.000274406
0.00027618
0.000277719
0.000279052
0.000280207
0.000281206
0.000282072
0.00028282
0.000283467
0.000284027
0.000284514
0.000284937
0.000285303
0.000285622
0.000285898
0.000286138
0.000286346
0.000286526
0.000286682
0.000286817
0.000286934
0.000287036
0.000287124
0.0002872
0.000287265
0.000287322
0.000287371
0.000287414
0.000287451
0.000287482
0.00028751
0.000287533
0.000287554
0.000287571
0.000287587
0.0002876
0.000287611
0.000287621
0.000287629
0.000287636
0.000287642
0.000287647
0.000287652
0.000287656
0.000287659
0.000287662
0.000287664
0.000287666
0.000287668
0.000287669
0.00028767
0.000287671
0.000287672
0.000287673
0.000287674
0.000287674
0.000287675
0.000287675
0.000287676
0.000287676
0.000287677
0.000287677
0.000287677
0.000287678
0.000287678
0.000287678
0.000287678
0.000287679
0.000287679
0.000287679
0.000287679
0.000287679
0.000287679
0.00028768
0.00028768
0.00028768
0.00028768
0.00028768
0.00028768
0.00028768
0.00028768
0.00028768
0.00028768
0.00028768
0.00028768
0.00028768
0.00028768
0.00028768
0.00028768
0.00028768
0.00028768
0.00028768
0.00028768
0.00028768
0.00028768
0.00028768
0.00028768
0.00028768
0.00028768
0.00028768
0.00028768
0.00028768
0.00028768
0.00028768
0.00028768
0.000287681
0.000287681
0.000287681
0.000287681
0.000287681
0.000287681
0.000287681
0.000287681
0.000287681
0.000287681
0.000287681
0.000287681
0.000287681
0.000287681
0.000287681
0.000287681
0.000287681
0.000287681
0.000287681
0.000287681
0.000287681
0.000287681
0.000287681
0.000287681
0.000287681
0.000287681
0.000287681
0.000287681
0.000287681
0.000287681
0.000287681
0.000287681
0.000287681
0.000287681
0.000287681
0.000287681
0.000287681
0.000287681
0.00028768
0.00028768
0.00028768
0.00028768
0.00028768
0.00028768
0.00028768
0.00028768
0.00028768
0.00028768
0.00028768
0.00028768
0.00028768
0.00028768
0.00028768
0.00028768
0.00028768
0.00028768
0.00028768
0.00028768
0.00028768
0.00028768
0.00028768
0.00028768
0.00028768
0.00028768
0.00028768
0.00028768
0.00028768
0.00028768
0.00028768
0.00028768
0.00028768
0.00028768
0.00028768
0.00028768
0.00028768
0.00028768
0.00028768
0.000287679
0.000287679
0.000287679
0.000287679
0.000287679
0.000287679
0.000287679
0.000287679
0.000287679
0.000287679
0.000287679
0.000287679
0.000287679
0.000287679
0.000287679
0.000287679
0.000287679
0.000287679
0.000287679
0.000287679
0.000287679
0.000287679
0.000287679
0.000287679
0.000287679
0.000287679
0.000287679
0.000287679
0.000287679
0.000287679
0.000287679
0.000287679
0.000287679
0.000287679
0.000287679
0.000287679
0.000287679
0.000287679
0.000287679
0.000287679
0.000287679
0.000287679
0.000287679
0.000287679
0.000287679
0.000287679
0.000287679
0.000287679
0.000287679
0.000287679
0.000287679
0.000287679
0.000287679
0.000287679
0.000287679
0.000287679
0.000287679
0.000287679
0.000287679
0.000287679
0.000287679
0.000287679
0.000287679
0.000287679
0.000287679
0.000287679
0.000287679
0.000287679
0.000287679
0.000287679
0.000287679
0.000287679
0.000287679
0.000287679
0.000287679
0.000287679
0.000287679
0.000287679
0.000287679
0.000287679
0.000287679
0.000287679
0.000132896
0.000256201
0.000328947
0.000242269
0.000177229
0.000126121
9.33609e-05
7.45166e-05
6.30876e-05
5.82597e-05
5.90191e-05
6.40935e-05
7.21202e-05
8.20139e-05
9.29754e-05
0.000102916
0.000111499
0.000121577
0.000133427
0.000147384
0.000165082
0.000178617
0.000190779
0.000202186
0.000212812
0.00022263
0.000231594
0.000239693
0.000246934
0.000253357
0.000259021
0.000263996
0.000268348
0.000272146
0.000275453
0.000278328
0.000280824
0.000282991
0.000284869
0.000286497
0.000287908
0.000289128
0.000290184
0.000291096
0.000291886
0.00029257
0.000293163
0.000293678
0.000294124
0.000294511
0.000294847
0.000295137
0.000295389
0.000295607
0.000295796
0.00029596
0.000296102
0.000296224
0.00029633
0.000296422
0.000296501
0.000296569
0.000296629
0.00029668
0.000296724
0.000296762
0.000296795
0.000296823
0.000296848
0.000296869
0.000296887
0.000296903
0.000296917
0.000296928
0.000296938
0.000296947
0.000296954
0.000296961
0.000296966
0.000296971
0.000296975
0.000296978
0.000296981
0.000296983
0.000296985
0.000296987
0.000296988
0.00029699
0.000296991
0.000296992
0.000296993
0.000296993
0.000296994
0.000296995
0.000296995
0.000296996
0.000296996
0.000296996
0.000296997
0.000296997
0.000296997
0.000296998
0.000296998
0.000296998
0.000296999
0.000296999
0.000296999
0.000296999
0.000296999
0.000296999
0.000297
0.000297
0.000297
0.000297
0.000297
0.000297
0.000297
0.000297
0.000297
0.000297
0.000297
0.000297
0.000297
0.000297
0.000297
0.000297
0.000297
0.000297
0.000297
0.000297
0.000297
0.000297
0.000297
0.000297
0.000297
0.000297
0.000297
0.000297
0.000297
0.000297
0.000297
0.000297001
0.000297001
0.000297001
0.000297001
0.000297001
0.000297001
0.000297001
0.000297001
0.000297001
0.000297001
0.000297001
0.000297001
0.000297001
0.000297001
0.000297001
0.000297001
0.000297001
0.000297001
0.000297001
0.000297001
0.000297001
0.000297001
0.000297001
0.000297001
0.000297001
0.000297001
0.000297001
0.000297001
0.000297001
0.000297001
0.000297001
0.000297001
0.000297001
0.000297001
0.000297001
0.000297001
0.000297001
0.000297001
0.000297001
0.000297001
0.000297
0.000297
0.000297
0.000297
0.000297
0.000297
0.000297
0.000297
0.000297
0.000297
0.000297
0.000297
0.000297
0.000297
0.000297
0.000297
0.000297
0.000297
0.000297
0.000297
0.000297
0.000297
0.000297
0.000297
0.000297
0.000297
0.000297
0.000297
0.000297
0.000297
0.000297
0.000297
0.000297
0.000297
0.000297
0.000297
0.000296999
0.000296999
0.000296999
0.000296999
0.000296999
0.000296999
0.000296999
0.000296999
0.000296999
0.000296999
0.000296999
0.000296999
0.000296999
0.000296999
0.000296999
0.000296999
0.000296999
0.000296999
0.000296999
0.000296999
0.000296999
0.000296999
0.000296999
0.000296999
0.000296999
0.000296999
0.000296999
0.000296999
0.000296999
0.000296999
0.000296999
0.000296999
0.000296999
0.000296999
0.000296999
0.000296999
0.000296999
0.000296999
0.000296999
0.000296999
0.000296999
0.000296999
0.000296999
0.000296999
0.000296999
0.000296999
0.000296999
0.000296999
0.000296999
0.000296999
0.000296999
0.000296999
0.000296999
0.000296999
0.000296999
0.000296999
0.000296999
0.000296999
0.000296999
0.000296999
0.000296999
0.000296999
0.000296999
0.000296999
0.000296999
0.000296999
0.000296999
0.000296999
0.000296999
0.000296999
0.000296999
0.000296999
0.000296999
0.000296999
0.000296999
0.000296999
0.000296999
0.000296999
0.000296999
0.000296999
0.000296999
0.000296999
0.000296999
0.000134602
0.000257215
0.000409199
0.00030595
0.000231971
0.000173705
0.000128015
9.74228e-05
7.92504e-05
6.75254e-05
6.17537e-05
6.11864e-05
6.4858e-05
7.16923e-05
8.0696e-05
9.11415e-05
0.000102409
0.000114378
0.000126972
0.000140041
0.000153562
0.000167122
0.000180613
0.00019362
0.000206002
0.000217625
0.000228254
0.0002378
0.000246295
0.000253813
0.000260436
0.000266248
0.000271331
0.000275766
0.000279628
0.000282986
0.000285902
0.000288433
0.000290627
0.00029253
0.000294178
0.000295603
0.000296835
0.000297901
0.000298823
0.000299622
0.000300314
0.000300914
0.000301435
0.000301886
0.000302276
0.000302614
0.000302907
0.000303161
0.00030338
0.00030357
0.000303734
0.000303876
0.000303999
0.000304105
0.000304197
0.000304276
0.000304345
0.000304404
0.000304455
0.000304499
0.000304537
0.00030457
0.000304598
0.000304623
0.000304644
0.000304662
0.000304678
0.000304691
0.000304703
0.000304713
0.000304721
0.000304728
0.000304735
0.00030474
0.000304744
0.000304748
0.000304752
0.000304754
0.000304757
0.000304759
0.000304761
0.000304762
0.000304763
0.000304765
0.000304766
0.000304766
0.000304767
0.000304768
0.000304768
0.000304769
0.000304769
0.00030477
0.00030477
0.000304771
0.000304771
0.000304771
0.000304772
0.000304772
0.000304772
0.000304772
0.000304773
0.000304773
0.000304773
0.000304773
0.000304773
0.000304774
0.000304774
0.000304774
0.000304774
0.000304774
0.000304774
0.000304774
0.000304774
0.000304774
0.000304774
0.000304774
0.000304774
0.000304774
0.000304774
0.000304774
0.000304774
0.000304774
0.000304774
0.000304774
0.000304774
0.000304774
0.000304774
0.000304774
0.000304774
0.000304774
0.000304774
0.000304774
0.000304774
0.000304774
0.000304774
0.000304774
0.000304774
0.000304774
0.000304774
0.000304774
0.000304775
0.000304775
0.000304775
0.000304775
0.000304775
0.000304775
0.000304775
0.000304775
0.000304775
0.000304775
0.000304775
0.000304775
0.000304775
0.000304775
0.000304775
0.000304775
0.000304775
0.000304775
0.000304775
0.000304775
0.000304775
0.000304775
0.000304775
0.000304775
0.000304775
0.000304775
0.000304775
0.000304775
0.000304775
0.000304775
0.000304775
0.000304775
0.000304774
0.000304774
0.000304774
0.000304774
0.000304774
0.000304774
0.000304774
0.000304774
0.000304774
0.000304774
0.000304774
0.000304774
0.000304774
0.000304774
0.000304774
0.000304774
0.000304774
0.000304774
0.000304774
0.000304774
0.000304774
0.000304774
0.000304774
0.000304774
0.000304773
0.000304773
0.000304773
0.000304773
0.000304773
0.000304773
0.000304773
0.000304773
0.000304773
0.000304773
0.000304773
0.000304773
0.000304773
0.000304773
0.000304773
0.000304773
0.000304773
0.000304773
0.000304773
0.000304773
0.000304773
0.000304773
0.000304773
0.000304773
0.000304773
0.000304773
0.000304773
0.000304773
0.000304773
0.000304773
0.000304773
0.000304773
0.000304773
0.000304773
0.000304773
0.000304773
0.000304773
0.000304773
0.000304773
0.000304773
0.000304773
0.000304773
0.000304773
0.000304773
0.000304773
0.000304773
0.000304773
0.000304773
0.000304773
0.000304773
0.000304773
0.000304773
0.000304773
0.000304773
0.000304773
0.000304773
0.000304773
0.000304773
0.000304773
0.000304773
0.000304773
0.000304773
0.000304773
0.000304773
0.000304772
0.000304772
0.000304772
0.000304772
0.000304772
0.000304772
0.000304772
0.000304772
0.000304772
0.000304772
0.000304772
0.000304772
0.000304773
0.000304773
0.000304773
0.000304773
0.000304773
0.000304773
0.000304773
0.000304773
0.000304773
0.000304773
0.000304773
0.000304773
0.000304773
0.000304773
0.000304773
0.000304773
0.000304773
0.000304773
0.000304773
0.000304773
0.000304773
0.000304773
0.000132078
0.000256132
0.000444652
0.000361875
0.00027974
0.000217481
0.000167736
0.000127924
0.000100014
8.2374e-05
7.11169e-05
6.49267e-05
6.34983e-05
6.61546e-05
7.20582e-05
8.0439e-05
9.04738e-05
0.000101823
0.000114332
0.00012767
0.000141696
0.00015614
0.000170897
0.000185518
0.000199595
0.000212737
0.000224756
0.000235554
0.000245154
0.000253637
0.000261098
0.000267636
0.000273349
0.000278329
0.000282663
0.00028643
0.000289701
0.000292539
0.000295001
0.000297135
0.000298982
0.000300579
0.000301961
0.000303156
0.000304189
0.000305084
0.00030586
0.000306533
0.000307115
0.00030762
0.000308057
0.000308435
0.000308763
0.000309046
0.000309291
0.000309503
0.000309687
0.000309845
0.000309982
0.0003101
0.000310202
0.000310291
0.000310367
0.000310433
0.000310489
0.000310539
0.000310581
0.000310617
0.000310649
0.000310676
0.0003107
0.00031072
0.000310737
0.000310752
0.000310765
0.000310776
0.000310785
0.000310794
0.000310801
0.000310807
0.000310812
0.000310816
0.00031082
0.000310823
0.000310826
0.000310828
0.00031083
0.000310831
0.000310833
0.000310834
0.000310835
0.000310836
0.000310837
0.000310838
0.000310838
0.000310839
0.000310839
0.00031084
0.00031084
0.000310841
0.000310841
0.000310842
0.000310842
0.000310842
0.000310842
0.000310843
0.000310843
0.000310843
0.000310843
0.000310844
0.000310844
0.000310844
0.000310844
0.000310844
0.000310844
0.000310844
0.000310844
0.000310844
0.000310845
0.000310845
0.000310845
0.000310845
0.000310845
0.000310845
0.000310845
0.000310845
0.000310845
0.000310845
0.000310845
0.000310845
0.000310845
0.000310845
0.000310845
0.000310845
0.000310845
0.000310845
0.000310845
0.000310845
0.000310845
0.000310845
0.000310845
0.000310845
0.000310845
0.000310845
0.000310845
0.000310845
0.000310845
0.000310845
0.000310845
0.000310845
0.000310845
0.000310845
0.000310845
0.000310845
0.000310845
0.000310845
0.000310845
0.000310845
0.000310845
0.000310845
0.000310845
0.000310845
0.000310845
0.000310845
0.000310845
0.000310845
0.000310845
0.000310845
0.000310845
0.000310845
0.000310845
0.000310845
0.000310845
0.000310845
0.000310845
0.000310845
0.000310845
0.000310845
0.000310845
0.000310845
0.000310845
0.000310845
0.000310845
0.000310845
0.000310845
0.000310845
0.000310845
0.000310845
0.000310845
0.000310845
0.000310845
0.000310845
0.000310844
0.000310844
0.000310844
0.000310844
0.000310844
0.000310844
0.000310844
0.000310844
0.000310844
0.000310844
0.000310844
0.000310844
0.000310844
0.000310844
0.000310844
0.000310844
0.000310844
0.000310844
0.000310844
0.000310844
0.000310844
0.000310844
0.000310844
0.000310844
0.000310844
0.000310844
0.000310844
0.000310844
0.000310844
0.000310844
0.000310844
0.000310844
0.000310843
0.000310843
0.000310843
0.000310843
0.000310843
0.000310843
0.000310843
0.000310843
0.000310843
0.000310843
0.000310843
0.000310843
0.000310843
0.000310843
0.000310843
0.000310843
0.000310843
0.000310843
0.000310843
0.000310843
0.000310843
0.000310843
0.000310843
0.000310843
0.000310843
0.000310843
0.000310843
0.000310843
0.000310843
0.000310843
0.000310843
0.000310843
0.000310843
0.000310843
0.000310843
0.000310843
0.000310843
0.000310843
0.000310843
0.000310843
0.000310843
0.000310843
0.000310843
0.000310843
0.000310843
0.000310843
0.000310843
0.000310843
0.000310843
0.000310843
0.000310843
0.000310843
0.000310843
0.000310843
0.000310843
0.000310843
0.000310843
0.000310843
0.000310843
0.000310843
0.000310843
0.000310843
0.000310843
0.000310843
0.000310843
0.000310843
0.000310843
0.000310843
0.000310844
0.000310844
0.000310844
0.000310844
0.000310844
0.000310844
0.000310844
0.000310844
0.000134381
0.000254986
0.000439293
0.000403851
0.000315086
0.000250076
0.000199117
0.000158058
0.000124038
0.000100095
8.3384e-05
7.28353e-05
6.72788e-05
6.60316e-05
6.85614e-05
7.43423e-05
8.26012e-05
9.28962e-05
0.000105015
0.000118444
0.000132979
0.000148224
0.000163835
0.00017946
0.000194615
0.000208813
0.000221839
0.000233577
0.00024402
0.000253237
0.000261329
0.000268409
0.000274586
0.000279966
0.000284646
0.000288711
0.00029224
0.000295302
0.000297957
0.000300259
0.00030225
0.000303972
0.000305461
0.00030675
0.000307864
0.000308829
0.000309666
0.000310391
0.000311019
0.000311562
0.000312033
0.00031244
0.000312793
0.000313098
0.000313361
0.000313589
0.000313786
0.000313957
0.000314104
0.000314231
0.00031434
0.000314435
0.000314517
0.000314588
0.000314649
0.000314701
0.000314747
0.000314786
0.00031482
0.000314849
0.000314874
0.000314896
0.000314914
0.00031493
0.000314944
0.000314956
0.000314966
0.000314975
0.000314982
0.000314989
0.000314994
0.000314999
0.000315003
0.000315006
0.000315009
0.000315012
0.000315014
0.000315016
0.000315017
0.000315018
0.00031502
0.000315021
0.000315021
0.000315022
0.000315023
0.000315024
0.000315024
0.000315025
0.000315025
0.000315026
0.000315026
0.000315026
0.000315027
0.000315027
0.000315027
0.000315028
0.000315028
0.000315028
0.000315028
0.000315028
0.000315029
0.000315029
0.000315029
0.000315029
0.000315029
0.000315029
0.000315029
0.000315029
0.00031503
0.00031503
0.00031503
0.00031503
0.00031503
0.00031503
0.00031503
0.00031503
0.00031503
0.00031503
0.00031503
0.00031503
0.00031503
0.00031503
0.00031503
0.00031503
0.00031503
0.00031503
0.00031503
0.00031503
0.00031503
0.00031503
0.00031503
0.00031503
0.00031503
0.00031503
0.00031503
0.00031503
0.00031503
0.00031503
0.00031503
0.00031503
0.00031503
0.00031503
0.00031503
0.00031503
0.00031503
0.00031503
0.00031503
0.00031503
0.00031503
0.00031503
0.00031503
0.00031503
0.00031503
0.00031503
0.00031503
0.00031503
0.00031503
0.00031503
0.00031503
0.00031503
0.00031503
0.00031503
0.00031503
0.00031503
0.00031503
0.00031503
0.00031503
0.00031503
0.00031503
0.00031503
0.00031503
0.00031503
0.00031503
0.00031503
0.00031503
0.00031503
0.00031503
0.00031503
0.00031503
0.00031503
0.00031503
0.00031503
0.00031503
0.000315029
0.000315029
0.000315029
0.000315029
0.000315029
0.000315029
0.000315029
0.000315029
0.000315029
0.000315029
0.000315029
0.000315029
0.000315029
0.000315029
0.000315029
0.000315029
0.000315029
0.000315029
0.000315029
0.000315029
0.000315029
0.000315029
0.000315029
0.000315029
0.000315029
0.000315029
0.000315029
0.000315029
0.000315029
0.000315029
0.000315029
0.000315028
0.000315028
0.000315028
0.000315028
0.000315028
0.000315028
0.000315028
0.000315028
0.000315028
0.000315028
0.000315028
0.000315028
0.000315028
0.000315028
0.000315028
0.000315028
0.000315028
0.000315028
0.000315028
0.000315028
0.000315028
0.000315028
0.000315028
0.000315028
0.000315028
0.000315028
0.000315028
0.000315028
0.000315028
0.000315028
0.000315028
0.000315028
0.000315028
0.000315028
0.000315028
0.000315028
0.000315028
0.000315028
0.000315028
0.000315028
0.000315028
0.000315028
0.000315028
0.000315028
0.000315028
0.000315028
0.000315028
0.000315028
0.000315028
0.000315028
0.000315028
0.000315028
0.000315028
0.000315028
0.000315028
0.000315028
0.000315028
0.000315028
0.000315028
0.000315028
0.000315028
0.000315028
0.000315028
0.000315028
0.000315028
0.000315028
0.000315028
0.000315028
0.000315028
0.000315029
0.000315029
0.000315029
0.000315029
0.000315029
0.000315029
0.000315029
0.000176986
0.000255599
0.000438358
0.000405766
0.000333924
0.000267442
0.000216011
0.000174862
0.000141066
0.000114415
9.48465e-05
8.18355e-05
7.36307e-05
6.96897e-05
6.97286e-05
7.34046e-05
8.00332e-05
8.92794e-05
0.000100827
0.000114036
0.000128632
0.000144153
0.000160109
0.000176131
0.000191773
0.000206548
0.000220145
0.000232411
0.000243321
0.00025294
0.000261375
0.000268746
0.000275171
0.000280764
0.000285627
0.00028985
0.000293515
0.000296695
0.000299452
0.000301842
0.000303908
0.000305695
0.000307241
0.000308578
0.000309735
0.000310737
0.000311605
0.000312358
0.000313009
0.000313573
0.000314062
0.000314484
0.00031485
0.000315166
0.00031544
0.000315676
0.00031588
0.000316057
0.000316209
0.000316341
0.000316455
0.000316553
0.000316637
0.000316711
0.000316774
0.000316828
0.000316875
0.000316916
0.000316951
0.000316981
0.000317007
0.000317029
0.000317049
0.000317065
0.00031708
0.000317092
0.000317103
0.000317112
0.000317119
0.000317126
0.000317132
0.000317136
0.000317141
0.000317144
0.000317147
0.00031715
0.000317152
0.000317154
0.000317155
0.000317157
0.000317158
0.000317159
0.00031716
0.000317161
0.000317161
0.000317162
0.000317163
0.000317163
0.000317164
0.000317164
0.000317165
0.000317165
0.000317165
0.000317166
0.000317166
0.000317166
0.000317166
0.000317167
0.000317167
0.000317167
0.000317167
0.000317167
0.000317168
0.000317168
0.000317168
0.000317168
0.000317168
0.000317168
0.000317168
0.000317168
0.000317168
0.000317168
0.000317168
0.000317168
0.000317168
0.000317168
0.000317168
0.000317168
0.000317168
0.000317168
0.000317168
0.000317168
0.000317168
0.000317168
0.000317168
0.000317168
0.000317168
0.000317168
0.000317168
0.000317169
0.000317169
0.000317169
0.000317169
0.000317169
0.000317169
0.000317169
0.000317169
0.000317169
0.000317169
0.000317169
0.000317169
0.000317169
0.000317169
0.000317169
0.000317169
0.000317169
0.000317169
0.000317169
0.000317169
0.000317169
0.000317169
0.000317169
0.000317169
0.000317169
0.000317169
0.000317169
0.000317169
0.000317169
0.000317169
0.000317169
0.000317169
0.000317169
0.000317169
0.000317169
0.000317169
0.000317169
0.000317169
0.000317169
0.000317169
0.000317169
0.000317169
0.000317169
0.000317169
0.000317169
0.000317169
0.000317169
0.000317168
0.000317168
0.000317168
0.000317168
0.000317168
0.000317168
0.000317168
0.000317168
0.000317168
0.000317168
0.000317168
0.000317168
0.000317168
0.000317168
0.000317168
0.000317168
0.000317168
0.000317168
0.000317168
0.000317168
0.000317168
0.000317168
0.000317168
0.000317168
0.000317168
0.000317168
0.000317168
0.000317168
0.000317168
0.000317168
0.000317168
0.000317167
0.000317167
0.000317167
0.000317167
0.000317167
0.000317167
0.000317167
0.000317167
0.000317167
0.000317167
0.000317167
0.000317167
0.000317167
0.000317167
0.000317167
0.000317167
0.000317167
0.000317167
0.000317167
0.000317167
0.000317167
0.000317167
0.000317167
0.000317167
0.000317167
0.000317167
0.000317167
0.000317167
0.000317167
0.000317167
0.000317167
0.000317167
0.000317167
0.000317167
0.000317167
0.000317167
0.000317167
0.000317167
0.000317167
0.000317167
0.000317167
0.000317167
0.000317167
0.000317167
0.000317167
0.000317167
0.000317167
0.000317167
0.000317167
0.000317167
0.000317166
0.000317166
0.000317166
0.000317166
0.000317166
0.000317166
0.000317166
0.000317166
0.000317166
0.000317166
0.000317166
0.000317166
0.000317167
0.000317167
0.000317167
0.000317167
0.000317167
0.000317167
0.000317167
0.000317167
0.000317167
0.000317167
0.000317167
0.000317167
0.000317167
0.000317167
0.000317167
0.000317167
0.000317167
0.000317167
0.000317167
0.000317167
0.000317167
)
;

boundaryField
{
    inlet
    {
        type            calculated;
        value           nonuniform List<scalar> 
18
(
7.66788e-07
2.31391e-06
5.37578e-06
1.33253e-05
3.70914e-05
0.000127179
0.000159181
0.000168277
0.000172381
0.000174398
0.000167342
0.000150379
0.000126407
0.000128314
0.000130247
0.000127955
0.000130271
0.000171239
)
;
    }
    outlet
    {
        type            calculated;
        value           nonuniform List<scalar> 
18
(
2.48226e-05
6.0947e-05
9.49704e-05
0.000125827
0.000153345
0.00017775
0.000199389
0.000218614
0.000235743
0.000251042
0.00026472
0.000276912
0.000287679
0.000296999
0.000304773
0.000310844
0.000315029
0.000317167
)
;
    }
    sideWall
    {
        type            empty;
    }
    bed
    {
        type            nutRoughWallFunction;
        Cmu             0.09;
        kappa           0.41;
        E               9.8;
        Cs              uniform 0.5;
        Ks              uniform 0.005;
        value           nonuniform List<scalar> 
300
(
2.80419e-05
2.23908e-05
1.94328e-05
1.91389e-05
1.89364e-05
1.8825e-05
1.87243e-05
1.86755e-05
1.86469e-05
1.86481e-05
1.8664e-05
1.86933e-05
1.87349e-05
1.87858e-05
1.88437e-05
1.89076e-05
1.89782e-05
1.90534e-05
1.91299e-05
1.92122e-05
1.92996e-05
1.93892e-05
1.94815e-05
1.95747e-05
1.96686e-05
1.97641e-05
1.98535e-05
1.99318e-05
1.99978e-05
2.00531e-05
2.00991e-05
2.01374e-05
2.01691e-05
2.01955e-05
2.02173e-05
2.02355e-05
2.02506e-05
2.02633e-05
2.02739e-05
2.02827e-05
2.02903e-05
2.02966e-05
2.0302e-05
2.03067e-05
2.03107e-05
2.0314e-05
2.03169e-05
2.03193e-05
2.03214e-05
2.03232e-05
2.03248e-05
2.03262e-05
2.03274e-05
2.03284e-05
2.03294e-05
2.03302e-05
2.03308e-05
2.03315e-05
2.0332e-05
2.03324e-05
2.03328e-05
2.03332e-05
2.03335e-05
2.03337e-05
2.0334e-05
2.03342e-05
2.03343e-05
2.03345e-05
2.03346e-05
2.03347e-05
2.03348e-05
2.03349e-05
2.0335e-05
2.0335e-05
2.03351e-05
2.03351e-05
2.03351e-05
2.03352e-05
2.03352e-05
2.03352e-05
2.03352e-05
2.03353e-05
2.03353e-05
2.03353e-05
2.03353e-05
2.03353e-05
2.03353e-05
2.03353e-05
2.03353e-05
2.03353e-05
2.03353e-05
2.03353e-05
2.03353e-05
2.03353e-05
2.03353e-05
2.03354e-05
2.03354e-05
2.03354e-05
2.03354e-05
2.03354e-05
2.03354e-05
2.03354e-05
2.03354e-05
2.03354e-05
2.03354e-05
2.03354e-05
2.03354e-05
2.03354e-05
2.03354e-05
2.03354e-05
2.03354e-05
2.03354e-05
2.03354e-05
2.03354e-05
2.03354e-05
2.03354e-05
2.03354e-05
2.03354e-05
2.03354e-05
2.03354e-05
2.03354e-05
2.03354e-05
2.03354e-05
2.03354e-05
2.03354e-05
2.03354e-05
2.03354e-05
2.03354e-05
2.03354e-05
2.03354e-05
2.03354e-05
2.03354e-05
2.03354e-05
2.03354e-05
2.03354e-05
2.03354e-05
2.03354e-05
2.03354e-05
2.03354e-05
2.03354e-05
2.03354e-05
2.03354e-05
2.03354e-05
2.03354e-05
2.03354e-05
2.03354e-05
2.03354e-05
2.03354e-05
2.03354e-05
2.03354e-05
2.03354e-05
2.03354e-05
2.03354e-05
2.03354e-05
2.03354e-05
2.03354e-05
2.03354e-05
2.03354e-05
2.03354e-05
2.03354e-05
2.03354e-05
2.03354e-05
2.03354e-05
2.03354e-05
2.03354e-05
2.03354e-05
2.03354e-05
2.03354e-05
2.03354e-05
2.03354e-05
2.03354e-05
2.03354e-05
2.03354e-05
2.03354e-05
2.03354e-05
2.03354e-05
2.03354e-05
2.03354e-05
2.03354e-05
2.03354e-05
2.03354e-05
2.03354e-05
2.03354e-05
2.03354e-05
2.03354e-05
2.03354e-05
2.03354e-05
2.03354e-05
2.03354e-05
2.03354e-05
2.03354e-05
2.03354e-05
2.03354e-05
2.03354e-05
2.03354e-05
2.03354e-05
2.03354e-05
2.03354e-05
2.03354e-05
2.03354e-05
2.03354e-05
2.03354e-05
2.03354e-05
2.03354e-05
2.03354e-05
2.03354e-05
2.03354e-05
2.03354e-05
2.03354e-05
2.03354e-05
2.03354e-05
2.03354e-05
2.03354e-05
2.03354e-05
2.03354e-05
2.03354e-05
2.03354e-05
2.03354e-05
2.03354e-05
2.03354e-05
2.03354e-05
2.03354e-05
2.03354e-05
2.03354e-05
2.03354e-05
2.03354e-05
2.03354e-05
2.03354e-05
2.03354e-05
2.03354e-05
2.03354e-05
2.03354e-05
2.03354e-05
2.03354e-05
2.03354e-05
2.03354e-05
2.03354e-05
2.03354e-05
2.03354e-05
2.03354e-05
2.03354e-05
2.03354e-05
2.03354e-05
2.03354e-05
2.03354e-05
2.03354e-05
2.03354e-05
2.03354e-05
2.03354e-05
2.03354e-05
2.03354e-05
2.03354e-05
2.03354e-05
2.03354e-05
2.03354e-05
2.03354e-05
2.03354e-05
2.03354e-05
2.03354e-05
2.03354e-05
2.03354e-05
2.03354e-05
2.03354e-05
2.03354e-05
2.03354e-05
2.03354e-05
2.03354e-05
2.03354e-05
2.03354e-05
2.03354e-05
2.03354e-05
2.03354e-05
2.03354e-05
2.03354e-05
2.03354e-05
2.03354e-05
2.03354e-05
2.03354e-05
2.03354e-05
2.03354e-05
2.03354e-05
2.03354e-05
2.03354e-05
2.03354e-05
2.03354e-05
2.03354e-05
2.03354e-05
2.03354e-05
2.03354e-05
2.03354e-05
2.03354e-05
2.03354e-05
2.03354e-05
2.03354e-05
2.03354e-05
2.03354e-05
2.03354e-05
2.03354e-05
2.03354e-05
2.03353e-05
)
;
    }
    topWall
    {
        type            slip;
        value           nonuniform List<scalar> 
300
(
0.000176986
0.000255599
0.000438358
0.000405766
0.000333924
0.000267442
0.000216011
0.000174862
0.000141066
0.000114415
9.48465e-05
8.18355e-05
7.36307e-05
6.96897e-05
6.97286e-05
7.34046e-05
8.00332e-05
8.92794e-05
0.000100827
0.000114036
0.000128632
0.000144153
0.000160109
0.000176131
0.000191773
0.000206548
0.000220145
0.000232411
0.000243321
0.00025294
0.000261375
0.000268746
0.000275171
0.000280764
0.000285627
0.00028985
0.000293515
0.000296695
0.000299452
0.000301842
0.000303908
0.000305695
0.000307241
0.000308578
0.000309735
0.000310737
0.000311605
0.000312358
0.000313009
0.000313573
0.000314062
0.000314484
0.00031485
0.000315166
0.00031544
0.000315676
0.00031588
0.000316057
0.000316209
0.000316341
0.000316455
0.000316553
0.000316637
0.000316711
0.000316774
0.000316828
0.000316875
0.000316916
0.000316951
0.000316981
0.000317007
0.000317029
0.000317049
0.000317065
0.00031708
0.000317092
0.000317103
0.000317112
0.000317119
0.000317126
0.000317132
0.000317136
0.000317141
0.000317144
0.000317147
0.00031715
0.000317152
0.000317154
0.000317155
0.000317157
0.000317158
0.000317159
0.00031716
0.000317161
0.000317161
0.000317162
0.000317163
0.000317163
0.000317164
0.000317164
0.000317165
0.000317165
0.000317165
0.000317166
0.000317166
0.000317166
0.000317166
0.000317167
0.000317167
0.000317167
0.000317167
0.000317167
0.000317168
0.000317168
0.000317168
0.000317168
0.000317168
0.000317168
0.000317168
0.000317168
0.000317168
0.000317168
0.000317168
0.000317168
0.000317168
0.000317168
0.000317168
0.000317168
0.000317168
0.000317168
0.000317168
0.000317168
0.000317168
0.000317168
0.000317168
0.000317168
0.000317168
0.000317168
0.000317168
0.000317169
0.000317169
0.000317169
0.000317169
0.000317169
0.000317169
0.000317169
0.000317169
0.000317169
0.000317169
0.000317169
0.000317169
0.000317169
0.000317169
0.000317169
0.000317169
0.000317169
0.000317169
0.000317169
0.000317169
0.000317169
0.000317169
0.000317169
0.000317169
0.000317169
0.000317169
0.000317169
0.000317169
0.000317169
0.000317169
0.000317169
0.000317169
0.000317169
0.000317169
0.000317169
0.000317169
0.000317169
0.000317169
0.000317169
0.000317169
0.000317169
0.000317169
0.000317169
0.000317169
0.000317169
0.000317169
0.000317169
0.000317168
0.000317168
0.000317168
0.000317168
0.000317168
0.000317168
0.000317168
0.000317168
0.000317168
0.000317168
0.000317168
0.000317168
0.000317168
0.000317168
0.000317168
0.000317168
0.000317168
0.000317168
0.000317168
0.000317168
0.000317168
0.000317168
0.000317168
0.000317168
0.000317168
0.000317168
0.000317168
0.000317168
0.000317168
0.000317168
0.000317168
0.000317167
0.000317167
0.000317167
0.000317167
0.000317167
0.000317167
0.000317167
0.000317167
0.000317167
0.000317167
0.000317167
0.000317167
0.000317167
0.000317167
0.000317167
0.000317167
0.000317167
0.000317167
0.000317167
0.000317167
0.000317167
0.000317167
0.000317167
0.000317167
0.000317167
0.000317167
0.000317167
0.000317167
0.000317167
0.000317167
0.000317167
0.000317167
0.000317167
0.000317167
0.000317167
0.000317167
0.000317167
0.000317167
0.000317167
0.000317167
0.000317167
0.000317167
0.000317167
0.000317167
0.000317167
0.000317167
0.000317167
0.000317167
0.000317167
0.000317167
0.000317166
0.000317166
0.000317166
0.000317166
0.000317166
0.000317166
0.000317166
0.000317166
0.000317166
0.000317166
0.000317166
0.000317166
0.000317167
0.000317167
0.000317167
0.000317167
0.000317167
0.000317167
0.000317167
0.000317167
0.000317167
0.000317167
0.000317167
0.000317167
0.000317167
0.000317167
0.000317167
0.000317167
0.000317167
0.000317167
0.000317167
0.000317167
0.000317167
)
;
    }
}


// ************************************************************************* //
