/*--------------------------------*- C++ -*----------------------------------*\
| =========                 |                                                 |
| \\      /  F ield         | foam-extend: Open Source CFD                    |
|  \\    /   O peration     | Version:     3.2                                |
|   \\  /    A nd           | Web:         http://www.foam-extend.org         |
|    \\/     M anipulation  | For copyright notice see file Copyright         |
\*---------------------------------------------------------------------------*/
FoamFile
{
    version     2.0;
    format      ascii;
    class       volScalarField;
    location    "200";
    object      omega;
}
// * * * * * * * * * * * * * * * * * * * * * * * * * * * * * * * * * * * * * //

dimensions      [0 0 -1 0 0 0 0];

internalField   nonuniform List<scalar> 
5400
(
985.145
795.745
696.961
687.165
680.419
676.706
673.353
671.728
670.774
670.815
671.344
672.321
673.704
675.401
677.33
679.46
681.811
684.315
686.867
689.608
692.522
695.507
698.586
701.692
704.823
708.009
710.989
713.602
715.804
717.65
719.184
720.461
721.519
722.399
723.128
723.735
724.24
724.662
725.015
725.312
725.562
725.774
725.955
726.111
726.244
726.356
726.45
726.531
726.601
726.662
726.715
726.761
726.802
726.837
726.867
726.894
726.917
726.937
726.955
726.97
726.983
726.995
727.005
727.013
727.021
727.028
727.033
727.038
727.042
727.046
727.049
727.052
727.054
727.056
727.058
727.059
727.061
727.062
727.063
727.063
727.064
727.065
727.065
727.065
727.066
727.066
727.066
727.067
727.067
727.067
727.067
727.067
727.067
727.067
727.067
727.067
727.067
727.068
727.068
727.068
727.068
727.068
727.068
727.068
727.068
727.068
727.068
727.068
727.068
727.068
727.068
727.068
727.068
727.068
727.068
727.068
727.068
727.068
727.068
727.068
727.068
727.068
727.068
727.068
727.068
727.068
727.068
727.068
727.068
727.068
727.068
727.068
727.068
727.068
727.068
727.068
727.068
727.068
727.068
727.068
727.068
727.068
727.068
727.068
727.068
727.068
727.068
727.068
727.068
727.068
727.068
727.068
727.068
727.068
727.068
727.068
727.068
727.068
727.068
727.068
727.068
727.068
727.068
727.068
727.068
727.068
727.068
727.068
727.068
727.068
727.068
727.068
727.068
727.068
727.068
727.068
727.068
727.068
727.068
727.068
727.068
727.068
727.068
727.068
727.068
727.068
727.068
727.068
727.068
727.068
727.068
727.068
727.068
727.068
727.068
727.068
727.068
727.068
727.068
727.068
727.068
727.068
727.068
727.068
727.068
727.068
727.068
727.068
727.068
727.068
727.068
727.068
727.068
727.068
727.068
727.068
727.068
727.068
727.068
727.068
727.068
727.068
727.068
727.068
727.068
727.068
727.068
727.068
727.068
727.068
727.068
727.068
727.068
727.068
727.068
727.068
727.068
727.068
727.068
727.068
727.068
727.068
727.068
727.068
727.068
727.068
727.068
727.068
727.068
727.068
727.068
727.068
727.068
727.068
727.068
727.068
727.068
727.068
727.068
727.068
727.068
727.068
727.068
727.068
727.068
727.068
727.068
727.068
727.068
727.068
727.068
727.068
727.068
727.068
727.068
727.068
727.068
727.068
727.068
727.068
727.068
727.068
727.068
727.068
727.068
727.068
727.068
727.068
727.068
727.068
727.068
727.068
727.068
727.068
727.068
727.068
727.068
727.068
727.068
727.067
386.991
357.497
318.46
299.612
288.043
281.823
277.637
274.977
273.202
272.154
271.572
271.341
271.365
271.603
272.014
272.554
273.215
273.993
274.82
275.715
276.701
277.742
278.838
279.968
281.121
282.325
283.473
284.514
285.42
286.201
286.866
287.43
287.905
288.306
288.642
288.924
289.161
289.36
289.527
289.668
289.786
289.887
289.972
290.045
290.107
290.16
290.205
290.242
290.275
290.303
290.327
290.348
290.366
290.382
290.396
290.408
290.418
290.427
290.435
290.442
290.448
290.453
290.457
290.461
290.464
290.467
290.47
290.472
290.474
290.475
290.477
290.478
290.479
290.48
290.481
290.481
290.482
290.482
290.483
290.483
290.483
290.484
290.484
290.484
290.484
290.484
290.484
290.485
290.485
290.485
290.485
290.485
290.485
290.485
290.485
290.485
290.485
290.485
290.485
290.485
290.485
290.485
290.485
290.485
290.485
290.485
290.485
290.485
290.485
290.485
290.485
290.485
290.485
290.485
290.485
290.485
290.485
290.485
290.485
290.485
290.485
290.485
290.485
290.485
290.485
290.485
290.485
290.485
290.485
290.485
290.485
290.485
290.485
290.485
290.485
290.485
290.485
290.485
290.485
290.485
290.485
290.485
290.485
290.485
290.485
290.485
290.485
290.485
290.485
290.485
290.485
290.485
290.485
290.485
290.485
290.485
290.485
290.485
290.485
290.485
290.485
290.485
290.485
290.485
290.485
290.485
290.485
290.485
290.485
290.485
290.485
290.485
290.485
290.485
290.485
290.485
290.485
290.485
290.485
290.485
290.485
290.485
290.485
290.485
290.485
290.485
290.485
290.485
290.485
290.485
290.485
290.485
290.485
290.485
290.485
290.485
290.485
290.485
290.485
290.485
290.485
290.485
290.485
290.485
290.485
290.485
290.485
290.485
290.485
290.485
290.485
290.485
290.485
290.485
290.485
290.485
290.485
290.485
290.485
290.485
290.485
290.485
290.485
290.485
290.485
290.485
290.485
290.485
290.485
290.485
290.485
290.485
290.485
290.485
290.485
290.485
290.485
290.485
290.485
290.485
290.485
290.485
290.485
290.485
290.485
290.485
290.485
290.485
290.485
290.485
290.485
290.485
290.485
290.485
290.485
290.485
290.485
290.485
290.485
290.485
290.485
290.485
290.485
290.485
290.485
290.485
290.485
290.485
290.485
290.485
290.485
290.485
290.485
290.485
290.485
290.485
290.485
290.485
290.485
290.485
290.485
290.485
290.485
290.485
290.485
290.485
290.485
290.485
290.485
290.485
290.485
290.485
290.485
290.485
290.485
290.485
290.485
290.485
290.485
290.485
193.997
207.077
202.778
191.055
181.196
174.684
170.098
167.058
164.943
163.468
162.455
161.796
161.405
161.184
161.121
161.183
161.347
161.613
161.938
162.311
162.743
163.223
163.744
164.297
164.873
165.477
166.046
166.564
167.021
167.422
167.768
168.066
168.32
168.536
168.719
168.874
169.004
169.114
169.207
169.285
169.352
169.407
169.455
169.495
169.53
169.559
169.584
169.605
169.622
169.638
169.651
169.662
169.672
169.68
169.688
169.694
169.7
169.704
169.709
169.712
169.715
169.718
169.72
169.722
169.724
169.726
169.727
169.728
169.729
169.73
169.731
169.731
169.732
169.732
169.733
169.733
169.733
169.734
169.734
169.734
169.734
169.734
169.734
169.735
169.735
169.735
169.735
169.735
169.735
169.735
169.735
169.735
169.735
169.735
169.735
169.735
169.735
169.735
169.735
169.735
169.735
169.735
169.735
169.735
169.735
169.735
169.735
169.735
169.735
169.735
169.735
169.735
169.735
169.735
169.735
169.735
169.735
169.735
169.735
169.735
169.735
169.735
169.735
169.735
169.735
169.735
169.735
169.735
169.735
169.735
169.735
169.735
169.735
169.735
169.735
169.735
169.735
169.735
169.735
169.735
169.735
169.735
169.735
169.735
169.735
169.735
169.735
169.735
169.735
169.735
169.735
169.735
169.735
169.735
169.735
169.735
169.735
169.735
169.735
169.735
169.735
169.735
169.735
169.735
169.735
169.735
169.735
169.735
169.735
169.735
169.735
169.735
169.735
169.735
169.735
169.735
169.735
169.735
169.735
169.735
169.735
169.735
169.735
169.735
169.735
169.735
169.735
169.735
169.735
169.735
169.735
169.735
169.735
169.735
169.735
169.735
169.735
169.735
169.735
169.735
169.735
169.735
169.735
169.735
169.735
169.735
169.735
169.735
169.735
169.735
169.735
169.735
169.735
169.735
169.735
169.735
169.735
169.735
169.735
169.735
169.735
169.735
169.735
169.735
169.735
169.735
169.735
169.735
169.735
169.735
169.735
169.735
169.735
169.735
169.735
169.735
169.735
169.735
169.735
169.735
169.735
169.735
169.735
169.735
169.735
169.735
169.735
169.735
169.735
169.735
169.735
169.735
169.735
169.735
169.735
169.735
169.735
169.735
169.735
169.735
169.735
169.735
169.735
169.735
169.735
169.735
169.735
169.735
169.735
169.735
169.735
169.735
169.735
169.735
169.735
169.735
169.735
169.735
169.735
169.735
169.735
169.735
169.735
169.735
169.735
169.735
169.735
169.735
169.735
169.735
169.735
169.735
169.735
169.735
169.735
169.735
169.735
169.735
169.735
169.735
105.017
135.983
141.835
139.593
134.91
129.92
125.632
122.406
119.988
118.153
116.827
115.863
115.182
114.689
114.346
114.136
114.031
114.024
114.086
114.195
114.355
114.559
114.799
115.07
115.363
115.664
115.926
116.155
116.354
116.53
116.683
116.816
116.93
117.028
117.112
117.184
117.244
117.295
117.338
117.375
117.406
117.432
117.454
117.472
117.488
117.502
117.513
117.523
117.531
117.538
117.544
117.549
117.553
117.557
117.56
117.563
117.565
117.567
117.569
117.57
117.572
117.573
117.574
117.575
117.576
117.576
117.577
117.577
117.578
117.578
117.578
117.579
117.579
117.579
117.579
117.579
117.58
117.58
117.58
117.58
117.58
117.58
117.58
117.58
117.58
117.58
117.58
117.58
117.58
117.58
117.58
117.58
117.58
117.58
117.58
117.58
117.58
117.58
117.58
117.58
117.58
117.58
117.58
117.58
117.58
117.58
117.58
117.58
117.58
117.58
117.58
117.58
117.58
117.58
117.58
117.58
117.58
117.58
117.58
117.58
117.58
117.58
117.58
117.58
117.58
117.58
117.58
117.58
117.58
117.58
117.58
117.58
117.58
117.58
117.58
117.58
117.58
117.58
117.58
117.58
117.58
117.58
117.58
117.58
117.58
117.58
117.58
117.58
117.58
117.58
117.58
117.58
117.58
117.58
117.58
117.58
117.58
117.58
117.58
117.58
117.58
117.58
117.58
117.58
117.58
117.58
117.58
117.58
117.58
117.58
117.58
117.58
117.58
117.58
117.58
117.58
117.58
117.58
117.58
117.58
117.58
117.58
117.58
117.58
117.58
117.58
117.58
117.58
117.58
117.58
117.58
117.58
117.58
117.58
117.58
117.58
117.58
117.58
117.58
117.58
117.58
117.58
117.58
117.58
117.58
117.58
117.58
117.58
117.58
117.58
117.58
117.58
117.58
117.58
117.58
117.58
117.58
117.58
117.58
117.58
117.58
117.58
117.58
117.58
117.58
117.58
117.58
117.58
117.58
117.58
117.58
117.58
117.58
117.58
117.58
117.58
117.58
117.58
117.58
117.58
117.58
117.58
117.58
117.58
117.58
117.58
117.58
117.58
117.58
117.58
117.58
117.58
117.58
117.58
117.58
117.58
117.58
117.58
117.58
117.58
117.58
117.58
117.58
117.58
117.58
117.58
117.58
117.58
117.58
117.58
117.58
117.58
117.58
117.58
117.58
117.58
117.58
117.58
117.58
117.58
117.58
117.58
117.58
117.58
117.58
117.58
117.58
117.58
117.58
117.58
117.58
117.58
117.58
117.58
117.58
117.58
117.58
117.58
117.58
117.58
58.2305
90.0223
104.018
106.587
106.316
104.556
101.688
98.8938
96.496
94.5109
92.9608
91.7495
90.8124
90.0977
89.5543
89.1466
88.8509
88.6527
88.531
88.4638
88.4454
88.4714
88.5306
88.6182
88.7221
88.8101
88.8532
88.8725
88.8812
88.8861
88.8894
88.892
88.8941
88.8959
88.8973
88.8985
88.8993
88.9
88.9004
88.9007
88.9008
88.9007
88.9005
88.9001
88.8999
88.8997
88.8995
88.8991
88.8987
88.8983
88.898
88.8976
88.8973
88.897
88.8967
88.8964
88.8962
88.896
88.8958
88.8956
88.8955
88.8954
88.8952
88.8951
88.895
88.895
88.8949
88.8948
88.8948
88.8947
88.8947
88.8947
88.8946
88.8946
88.8946
88.8946
88.8946
88.8945
88.8945
88.8945
88.8945
88.8945
88.8945
88.8945
88.8945
88.8945
88.8945
88.8945
88.8945
88.8945
88.8945
88.8945
88.8945
88.8945
88.8945
88.8945
88.8945
88.8945
88.8945
88.8945
88.8945
88.8945
88.8945
88.8945
88.8945
88.8945
88.8945
88.8945
88.8945
88.8945
88.8945
88.8945
88.8945
88.8945
88.8945
88.8945
88.8945
88.8945
88.8945
88.8945
88.8945
88.8945
88.8945
88.8945
88.8945
88.8945
88.8945
88.8945
88.8945
88.8945
88.8945
88.8945
88.8945
88.8945
88.8945
88.8945
88.8945
88.8945
88.8945
88.8945
88.8945
88.8945
88.8945
88.8945
88.8945
88.8945
88.8945
88.8945
88.8945
88.8945
88.8945
88.8945
88.8945
88.8945
88.8945
88.8945
88.8945
88.8945
88.8945
88.8945
88.8945
88.8945
88.8945
88.8945
88.8945
88.8945
88.8945
88.8945
88.8945
88.8945
88.8945
88.8945
88.8945
88.8945
88.8945
88.8945
88.8945
88.8945
88.8945
88.8945
88.8945
88.8945
88.8945
88.8945
88.8945
88.8945
88.8945
88.8945
88.8945
88.8945
88.8945
88.8945
88.8945
88.8945
88.8945
88.8945
88.8945
88.8945
88.8945
88.8945
88.8945
88.8945
88.8945
88.8945
88.8945
88.8945
88.8945
88.8945
88.8945
88.8945
88.8945
88.8945
88.8945
88.8945
88.8945
88.8945
88.8945
88.8945
88.8945
88.8945
88.8945
88.8945
88.8945
88.8945
88.8945
88.8945
88.8945
88.8945
88.8945
88.8945
88.8945
88.8945
88.8945
88.8945
88.8945
88.8945
88.8945
88.8945
88.8945
88.8945
88.8945
88.8945
88.8945
88.8945
88.8945
88.8945
88.8945
88.8945
88.8945
88.8945
88.8945
88.8945
88.8945
88.8945
88.8945
88.8945
88.8945
88.8945
88.8945
88.8945
88.8945
88.8945
88.8945
88.8945
88.8945
88.8945
88.8945
88.8945
88.8945
88.8945
88.8945
88.8945
88.8945
88.8945
88.8945
88.8945
88.8945
88.8945
88.8945
88.8945
88.8945
88.8945
88.8945
88.8945
88.8945
88.8945
88.8945
88.8945
88.8945
88.8945
88.8945
88.8945
88.8945
88.8945
88.8945
88.8945
88.8945
88.8945
88.8945
88.8945
32.2104
57.4589
74.5308
83.0277
85.9498
85.9395
85.2916
83.7981
81.976
80.2045
78.6368
77.3094
76.2153
75.3268
74.6204
74.0543
73.6007
73.2439
72.9727
72.7669
72.6109
72.5005
72.4207
72.3654
72.3095
72.2088
72.0668
71.9135
71.7648
71.6277
71.5044
71.3953
71.2997
71.2167
71.145
71.0833
71.0303
70.9851
70.9463
70.9133
70.885
70.8609
70.8401
70.8223
70.8071
70.7941
70.783
70.7734
70.7652
70.7581
70.752
70.7467
70.7421
70.7381
70.7347
70.7317
70.7291
70.7268
70.7248
70.7231
70.7217
70.7204
70.7193
70.7183
70.7175
70.7168
70.7161
70.7156
70.7151
70.7147
70.7144
70.7141
70.7138
70.7136
70.7134
70.7132
70.7131
70.713
70.7129
70.7128
70.7127
70.7127
70.7126
70.7126
70.7125
70.7125
70.7125
70.7124
70.7124
70.7124
70.7124
70.7124
70.7124
70.7124
70.7123
70.7123
70.7123
70.7123
70.7123
70.7123
70.7123
70.7123
70.7123
70.7123
70.7123
70.7123
70.7123
70.7123
70.7123
70.7123
70.7122
70.7122
70.7122
70.7122
70.7122
70.7122
70.7122
70.7122
70.7122
70.7122
70.7122
70.7122
70.7122
70.7122
70.7122
70.7122
70.7122
70.7122
70.7122
70.7122
70.7122
70.7122
70.7122
70.7122
70.7122
70.7122
70.7122
70.7122
70.7122
70.7122
70.7122
70.7122
70.7122
70.7122
70.7122
70.7122
70.7122
70.7122
70.7122
70.7122
70.7122
70.7122
70.7122
70.7122
70.7122
70.7122
70.7122
70.7122
70.7122
70.7122
70.7122
70.7122
70.7122
70.7122
70.7122
70.7122
70.7122
70.7122
70.7122
70.7122
70.7122
70.7122
70.7122
70.7122
70.7122
70.7122
70.7122
70.7122
70.7122
70.7122
70.7122
70.7122
70.7122
70.7122
70.7122
70.7122
70.7122
70.7122
70.7122
70.7122
70.7122
70.7123
70.7123
70.7123
70.7123
70.7123
70.7123
70.7123
70.7123
70.7123
70.7123
70.7123
70.7123
70.7123
70.7123
70.7123
70.7123
70.7123
70.7123
70.7123
70.7123
70.7123
70.7123
70.7123
70.7123
70.7123
70.7123
70.7123
70.7123
70.7123
70.7123
70.7123
70.7123
70.7123
70.7123
70.7123
70.7123
70.7123
70.7123
70.7123
70.7123
70.7123
70.7123
70.7123
70.7123
70.7123
70.7123
70.7123
70.7123
70.7123
70.7123
70.7123
70.7123
70.7123
70.7123
70.7123
70.7123
70.7123
70.7123
70.7123
70.7123
70.7123
70.7123
70.7123
70.7123
70.7123
70.7123
70.7123
70.7123
70.7123
70.7123
70.7123
70.7123
70.7123
70.7123
70.7123
70.7123
70.7123
70.7123
70.7123
70.7123
70.7123
70.7123
70.7123
70.7123
70.7123
70.7123
70.7123
70.7123
70.7123
70.7123
70.7123
70.7123
70.7123
70.7123
70.7123
70.7123
70.7123
70.7123
70.7123
70.7123
70.7123
70.7123
70.7123
70.7123
70.7123
70.7123
70.7123
70.7123
70.7123
17.7858
34.6462
49.7096
62.1752
69.2298
71.6988
72.252
71.9489
71.2687
70.1591
68.9044
67.6884
66.5922
65.6371
64.8258
64.1476
63.5809
63.1037
62.7122
62.3864
62.1104
61.8823
61.6801
61.4951
61.2773
60.9805
60.6701
60.3675
60.084
59.8252
59.5927
59.3867
59.2057
59.0481
58.9115
58.7939
58.6928
58.6063
58.5323
58.4691
58.4151
58.369
58.3297
58.296
58.2672
58.2426
58.2215
58.2036
58.1882
58.175
58.1636
58.1539
58.1454
58.1381
58.1318
58.1264
58.1217
58.1176
58.1141
58.111
58.1084
58.1061
58.1041
58.1024
58.1009
58.0996
58.0985
58.0976
58.0967
58.096
58.0954
58.0949
58.0944
58.094
58.0937
58.0934
58.0931
58.0929
58.0927
58.0926
58.0924
58.0923
58.0922
58.0922
58.0921
58.092
58.092
58.0919
58.0919
58.0919
58.0918
58.0918
58.0918
58.0918
58.0918
58.0917
58.0917
58.0917
58.0917
58.0917
58.0917
58.0917
58.0917
58.0916
58.0916
58.0916
58.0916
58.0916
58.0916
58.0916
58.0916
58.0916
58.0916
58.0916
58.0916
58.0916
58.0916
58.0916
58.0916
58.0916
58.0916
58.0916
58.0916
58.0916
58.0916
58.0916
58.0916
58.0916
58.0916
58.0916
58.0916
58.0916
58.0916
58.0916
58.0916
58.0916
58.0916
58.0916
58.0916
58.0916
58.0916
58.0916
58.0916
58.0916
58.0916
58.0916
58.0916
58.0916
58.0916
58.0916
58.0916
58.0916
58.0916
58.0916
58.0916
58.0916
58.0916
58.0916
58.0916
58.0916
58.0916
58.0916
58.0916
58.0916
58.0916
58.0916
58.0916
58.0916
58.0916
58.0916
58.0916
58.0916
58.0916
58.0916
58.0916
58.0916
58.0916
58.0916
58.0916
58.0916
58.0916
58.0916
58.0916
58.0916
58.0916
58.0916
58.0916
58.0916
58.0916
58.0916
58.0916
58.0916
58.0916
58.0916
58.0916
58.0916
58.0916
58.0916
58.0916
58.0916
58.0916
58.0916
58.0916
58.0916
58.0916
58.0916
58.0916
58.0916
58.0916
58.0916
58.0916
58.0916
58.0916
58.0916
58.0916
58.0916
58.0916
58.0916
58.0916
58.0916
58.0916
58.0916
58.0916
58.0916
58.0916
58.0916
58.0916
58.0916
58.0916
58.0916
58.0916
58.0916
58.0916
58.0916
58.0916
58.0916
58.0916
58.0916
58.0916
58.0916
58.0916
58.0916
58.0916
58.0916
58.0916
58.0916
58.0916
58.0916
58.0916
58.0916
58.0916
58.0916
58.0916
58.0916
58.0916
58.0916
58.0916
58.0916
58.0916
58.0916
58.0916
58.0916
58.0916
58.0916
58.0916
58.0916
58.0917
58.0917
58.0917
58.0917
58.0917
58.0917
58.0917
58.0917
58.0917
58.0916
58.0916
58.0916
58.0916
58.0916
58.0916
58.0916
58.0916
58.0916
58.0916
58.0916
58.0916
58.0916
58.0916
58.0916
58.0916
58.0916
58.0916
58.0916
58.0916
58.0916
58.0916
58.0916
58.0916
58.0916
10.1062
20.2521
30.688
42.8816
52.9502
58.7631
61.4021
62.2356
62.1518
61.8403
61.2758
60.4536
59.5642
58.6981
57.8921
57.1736
56.5497
56.0044
55.5293
55.1082
54.7307
54.3954
54.0719
53.7423
53.3408
52.8615
52.4034
51.9727
51.5747
51.2125
50.8875
50.599
50.3454
50.1242
49.9324
49.7669
49.6246
49.5026
49.3982
49.309
49.2329
49.1679
49.1124
49.0649
49.0243
48.9897
48.9601
48.9349
48.9133
48.8948
48.879
48.8653
48.8536
48.8435
48.8348
48.8273
48.8208
48.8152
48.8103
48.8061
48.8025
48.7994
48.7967
48.7943
48.7923
48.7905
48.789
48.7877
48.7866
48.7856
48.7848
48.784
48.7834
48.7829
48.7824
48.782
48.7817
48.7814
48.7811
48.7809
48.7807
48.7806
48.7804
48.7803
48.7802
48.7802
48.7801
48.78
48.78
48.7799
48.7799
48.7799
48.7798
48.7798
48.7798
48.7798
48.7797
48.7797
48.7797
48.7797
48.7797
48.7797
48.7796
48.7796
48.7796
48.7796
48.7796
48.7796
48.7796
48.7796
48.7796
48.7796
48.7795
48.7795
48.7795
48.7795
48.7795
48.7795
48.7795
48.7795
48.7795
48.7795
48.7795
48.7795
48.7795
48.7795
48.7795
48.7795
48.7795
48.7795
48.7795
48.7795
48.7795
48.7795
48.7795
48.7795
48.7795
48.7795
48.7795
48.7795
48.7795
48.7795
48.7795
48.7795
48.7795
48.7795
48.7795
48.7795
48.7795
48.7795
48.7795
48.7795
48.7795
48.7795
48.7795
48.7795
48.7795
48.7795
48.7795
48.7795
48.7795
48.7795
48.7795
48.7795
48.7795
48.7795
48.7795
48.7795
48.7795
48.7795
48.7795
48.7795
48.7795
48.7795
48.7795
48.7795
48.7795
48.7795
48.7795
48.7795
48.7795
48.7795
48.7795
48.7795
48.7795
48.7795
48.7795
48.7795
48.7795
48.7795
48.7795
48.7795
48.7795
48.7795
48.7795
48.7795
48.7795
48.7796
48.7796
48.7796
48.7796
48.7796
48.7796
48.7796
48.7796
48.7796
48.7796
48.7796
48.7796
48.7796
48.7796
48.7796
48.7796
48.7796
48.7796
48.7796
48.7796
48.7796
48.7796
48.7796
48.7796
48.7796
48.7796
48.7796
48.7796
48.7796
48.7796
48.7796
48.7796
48.7796
48.7796
48.7796
48.7796
48.7796
48.7796
48.7796
48.7796
48.7796
48.7796
48.7796
48.7796
48.7796
48.7796
48.7796
48.7796
48.7796
48.7796
48.7796
48.7796
48.7796
48.7796
48.7796
48.7796
48.7796
48.7796
48.7796
48.7796
48.7796
48.7796
48.7796
48.7796
48.7796
48.7796
48.7796
48.7796
48.7796
48.7796
48.7796
48.7796
48.7796
48.7796
48.7796
48.7796
48.7796
48.7796
48.7796
48.7796
48.7796
48.7796
48.7796
48.7796
48.7796
48.7796
48.7796
48.7796
48.7796
48.7796
48.7796
48.7796
48.7796
48.7796
48.7796
48.7796
48.7796
48.7796
48.7796
48.7796
48.7796
48.7796
48.7796
5.7499
12.0009
18.1901
27.0293
37.0648
45.4236
50.6663
53.4035
54.4094
54.6834
54.4943
54.2044
53.7719
53.1803
52.5314
51.8843
51.2726
50.7144
50.1995
49.7171
49.2589
48.8194
48.362
47.8593
47.27
46.6591
46.0839
45.5492
45.0576
44.6114
44.2112
43.8563
43.5444
43.2722
43.0362
42.8324
42.6572
42.5069
42.3782
42.2682
42.1743
42.0941
42.0257
41.9672
41.9171
41.8744
41.8379
41.8069
41.7803
41.7576
41.7382
41.7215
41.7071
41.6948
41.6842
41.675
41.6671
41.6603
41.6544
41.6494
41.645
41.6412
41.6379
41.6351
41.6327
41.6306
41.6288
41.6272
41.6258
41.6246
41.6236
41.6228
41.622
41.6214
41.6208
41.6203
41.6199
41.6196
41.6193
41.619
41.6188
41.6186
41.6184
41.6183
41.6182
41.6181
41.618
41.6179
41.6179
41.6178
41.6178
41.6177
41.6177
41.6177
41.6176
41.6176
41.6176
41.6175
41.6175
41.6175
41.6175
41.6175
41.6174
41.6174
41.6174
41.6174
41.6174
41.6174
41.6174
41.6174
41.6174
41.6173
41.6173
41.6173
41.6173
41.6173
41.6173
41.6173
41.6173
41.6173
41.6173
41.6173
41.6173
41.6173
41.6173
41.6173
41.6173
41.6173
41.6173
41.6173
41.6173
41.6173
41.6173
41.6173
41.6173
41.6173
41.6173
41.6173
41.6173
41.6173
41.6173
41.6173
41.6173
41.6173
41.6173
41.6173
41.6173
41.6173
41.6173
41.6173
41.6173
41.6173
41.6173
41.6173
41.6173
41.6173
41.6173
41.6173
41.6173
41.6173
41.6173
41.6173
41.6173
41.6173
41.6173
41.6173
41.6173
41.6173
41.6173
41.6173
41.6173
41.6173
41.6173
41.6173
41.6173
41.6173
41.6173
41.6173
41.6173
41.6173
41.6173
41.6173
41.6173
41.6173
41.6173
41.6173
41.6173
41.6173
41.6173
41.6173
41.6173
41.6173
41.6173
41.6173
41.6173
41.6173
41.6173
41.6173
41.6173
41.6173
41.6173
41.6173
41.6173
41.6173
41.6173
41.6173
41.6173
41.6173
41.6173
41.6173
41.6173
41.6173
41.6173
41.6173
41.6173
41.6173
41.6173
41.6173
41.6174
41.6174
41.6174
41.6174
41.6174
41.6174
41.6174
41.6174
41.6174
41.6174
41.6174
41.6174
41.6174
41.6174
41.6174
41.6174
41.6174
41.6174
41.6174
41.6174
41.6174
41.6174
41.6174
41.6174
41.6174
41.6174
41.6174
41.6174
41.6174
41.6174
41.6174
41.6174
41.6174
41.6174
41.6174
41.6174
41.6174
41.6174
41.6174
41.6174
41.6174
41.6174
41.6174
41.6174
41.6174
41.6174
41.6174
41.6174
41.6174
41.6174
41.6174
41.6174
41.6174
41.6174
41.6174
41.6174
41.6174
41.6174
41.6174
41.6174
41.6174
41.6174
41.6174
41.6174
41.6174
41.6174
41.6174
41.6174
41.6174
41.6174
41.6174
41.6174
41.6174
41.6174
41.6174
41.6174
41.6174
41.6174
41.6174
41.6174
41.6174
41.6174
3.54448
7.0574
11.0222
16.3418
23.7311
32.103
39.2515
44.0899
46.8472
48.1565
48.6053
48.6683
48.4855
48.2448
47.9192
47.4851
46.9849
46.4823
45.9746
45.4668
44.9466
44.399
43.7923
43.111
42.385
41.6961
41.0388
40.4266
39.8645
39.3552
38.8994
38.4957
38.1414
37.8325
37.5647
37.3336
37.1348
36.9643
36.8183
36.6935
36.5868
36.4958
36.4181
36.3516
36.2947
36.2462
36.2049
36.1696
36.1395
36.1138
36.0918
36.0729
36.0567
36.0428
36.0308
36.0205
36.0117
36.004
35.9975
35.9918
35.9869
35.9827
35.979
35.9759
35.9732
35.9709
35.9688
35.9671
35.9656
35.9643
35.9632
35.9622
35.9613
35.9606
35.96
35.9595
35.959
35.9586
35.9583
35.958
35.9578
35.9576
35.9574
35.9572
35.9571
35.957
35.9569
35.9568
35.9567
35.9567
35.9566
35.9566
35.9565
35.9565
35.9565
35.9564
35.9564
35.9564
35.9563
35.9563
35.9563
35.9563
35.9563
35.9562
35.9562
35.9562
35.9562
35.9562
35.9562
35.9562
35.9562
35.9562
35.9561
35.9561
35.9561
35.9561
35.9561
35.9561
35.9561
35.9561
35.9561
35.9561
35.9561
35.9561
35.9561
35.9561
35.9561
35.9561
35.9561
35.9561
35.9561
35.9561
35.9561
35.9561
35.9561
35.9561
35.9561
35.9561
35.9561
35.9561
35.9561
35.9561
35.9561
35.9561
35.9561
35.9561
35.9561
35.9561
35.9561
35.9561
35.9561
35.9561
35.9561
35.9561
35.9561
35.9561
35.9561
35.9561
35.9561
35.9561
35.9561
35.9561
35.9561
35.9561
35.9561
35.9561
35.9561
35.9561
35.9561
35.9561
35.9561
35.9561
35.9561
35.9561
35.9561
35.9561
35.9561
35.9561
35.9561
35.9561
35.9561
35.9561
35.9561
35.9561
35.9561
35.9561
35.9561
35.9561
35.9561
35.9561
35.9561
35.9561
35.9561
35.9561
35.9561
35.9561
35.9561
35.9561
35.9561
35.9561
35.9561
35.9561
35.9561
35.9561
35.9561
35.9561
35.9561
35.9561
35.9561
35.9561
35.9561
35.9561
35.9561
35.9561
35.9561
35.9561
35.9561
35.9561
35.9561
35.9561
35.9562
35.9562
35.9562
35.9562
35.9562
35.9562
35.9562
35.9562
35.9562
35.9562
35.9562
35.9562
35.9562
35.9562
35.9562
35.9562
35.9562
35.9562
35.9562
35.9562
35.9562
35.9562
35.9562
35.9562
35.9562
35.9562
35.9562
35.9562
35.9562
35.9562
35.9562
35.9562
35.9562
35.9562
35.9562
35.9562
35.9562
35.9562
35.9562
35.9562
35.9562
35.9562
35.9562
35.9562
35.9562
35.9562
35.9562
35.9562
35.9562
35.9562
35.9562
35.9562
35.9562
35.9562
35.9562
35.9562
35.9562
35.9562
35.9562
35.9562
35.9562
35.9562
35.9562
35.9562
35.9562
35.9562
35.9562
35.9562
35.9562
35.9562
35.9562
35.9562
35.9562
35.9562
35.9562
35.9562
35.9562
35.9562
35.9562
35.9562
2.36453
4.33279
6.61084
10.1419
14.639
20.8549
27.8518
34.0655
38.5939
41.3685
42.9019
43.6072
43.8185
43.8067
43.6462
43.4309
43.1452
42.7853
42.34
41.8362
41.2737
40.6244
39.8826
39.0807
38.3072
37.5725
36.8652
36.2036
35.5961
35.0468
34.5566
34.1235
33.744
33.4137
33.1276
32.8808
32.6685
32.4863
32.3303
32.1969
32.0828
31.9854
31.9022
31.8311
31.7702
31.7183
31.674
31.6363
31.6041
31.5767
31.5531
31.533
31.5157
31.5009
31.4882
31.4773
31.4679
31.4599
31.4529
31.4469
31.4418
31.4373
31.4335
31.4302
31.4273
31.4249
31.4228
31.4209
31.4194
31.418
31.4168
31.4158
31.4149
31.4142
31.4135
31.413
31.4125
31.4121
31.4117
31.4114
31.4112
31.411
31.4108
31.4106
31.4105
31.4104
31.4103
31.4102
31.4101
31.41
31.41
31.4099
31.4099
31.4098
31.4098
31.4098
31.4097
31.4097
31.4097
31.4097
31.4096
31.4096
31.4096
31.4096
31.4096
31.4095
31.4095
31.4095
31.4095
31.4095
31.4095
31.4095
31.4095
31.4095
31.4095
31.4095
31.4095
31.4094
31.4094
31.4094
31.4094
31.4094
31.4094
31.4094
31.4094
31.4094
31.4094
31.4094
31.4094
31.4094
31.4094
31.4094
31.4094
31.4094
31.4094
31.4094
31.4094
31.4094
31.4094
31.4094
31.4094
31.4094
31.4094
31.4094
31.4094
31.4094
31.4094
31.4094
31.4094
31.4094
31.4094
31.4094
31.4094
31.4094
31.4094
31.4094
31.4094
31.4094
31.4094
31.4094
31.4094
31.4094
31.4094
31.4094
31.4094
31.4094
31.4094
31.4094
31.4094
31.4094
31.4094
31.4094
31.4094
31.4094
31.4094
31.4094
31.4094
31.4094
31.4094
31.4094
31.4094
31.4094
31.4094
31.4094
31.4094
31.4094
31.4094
31.4094
31.4094
31.4094
31.4094
31.4094
31.4094
31.4094
31.4094
31.4094
31.4094
31.4094
31.4094
31.4094
31.4094
31.4094
31.4094
31.4094
31.4094
31.4094
31.4094
31.4094
31.4094
31.4094
31.4094
31.4094
31.4094
31.4094
31.4094
31.4095
31.4095
31.4095
31.4095
31.4095
31.4095
31.4095
31.4095
31.4095
31.4095
31.4095
31.4095
31.4095
31.4095
31.4095
31.4095
31.4095
31.4095
31.4095
31.4095
31.4095
31.4095
31.4095
31.4095
31.4095
31.4095
31.4095
31.4095
31.4095
31.4095
31.4095
31.4095
31.4095
31.4095
31.4095
31.4095
31.4095
31.4095
31.4095
31.4095
31.4095
31.4095
31.4095
31.4095
31.4095
31.4095
31.4095
31.4095
31.4095
31.4095
31.4095
31.4095
31.4095
31.4095
31.4095
31.4095
31.4095
31.4095
31.4095
31.4095
31.4095
31.4095
31.4095
31.4095
31.4095
31.4095
31.4095
31.4095
31.4095
31.4095
31.4095
31.4095
31.4095
31.4095
31.4095
31.4095
31.4095
31.4095
31.4095
31.4095
31.4095
31.4095
31.4095
31.4095
31.4095
1.62932
2.95175
4.18139
6.28053
9.33482
13.19
18.3496
24.2166
29.6809
33.9147
36.7123
38.4025
39.3115
39.7288
39.8283
39.7642
39.5774
39.2934
38.9136
38.4428
37.8616
37.1651
36.3744
35.5723
34.7999
34.0459
33.3187
32.6363
32.01
31.4455
30.9432
30.5008
30.114
29.7777
29.4866
29.2355
29.0194
28.834
28.675
28.539
28.4226
28.3232
28.2382
28.1655
28.1033
28.0502
28.0049
27.9664
27.9335
27.9054
27.8814
27.8609
27.8433
27.8283
27.8154
27.8043
27.7948
27.7866
27.7796
27.7736
27.7684
27.7639
27.7601
27.7567
27.7539
27.7514
27.7493
27.7475
27.7459
27.7445
27.7434
27.7423
27.7415
27.7407
27.7401
27.7395
27.739
27.7386
27.7383
27.738
27.7377
27.7375
27.7373
27.7371
27.737
27.7369
27.7368
27.7367
27.7366
27.7365
27.7365
27.7364
27.7364
27.7363
27.7363
27.7363
27.7362
27.7362
27.7362
27.7362
27.7361
27.7361
27.7361
27.7361
27.7361
27.7361
27.736
27.736
27.736
27.736
27.736
27.736
27.736
27.736
27.736
27.736
27.736
27.736
27.736
27.7359
27.7359
27.7359
27.7359
27.7359
27.7359
27.7359
27.7359
27.7359
27.7359
27.7359
27.7359
27.7359
27.7359
27.7359
27.7359
27.7359
27.7359
27.7359
27.7359
27.7359
27.7359
27.7359
27.7359
27.7359
27.7359
27.7359
27.7359
27.7359
27.7359
27.7359
27.7359
27.7359
27.7359
27.7359
27.7359
27.7359
27.7359
27.7359
27.7359
27.7359
27.7359
27.7359
27.7359
27.7359
27.7359
27.7359
27.7359
27.7359
27.7359
27.7359
27.7359
27.7359
27.7359
27.7359
27.7359
27.7359
27.7359
27.7359
27.7359
27.7359
27.7359
27.7359
27.7359
27.7359
27.7359
27.7359
27.7359
27.7359
27.7359
27.7359
27.7359
27.7359
27.7359
27.7359
27.7359
27.7359
27.7359
27.7359
27.7359
27.7359
27.7359
27.7359
27.7359
27.7359
27.7359
27.7359
27.7359
27.7359
27.7359
27.7359
27.7359
27.7359
27.7359
27.7359
27.7359
27.7359
27.7359
27.7359
27.736
27.736
27.736
27.736
27.736
27.736
27.736
27.736
27.736
27.736
27.736
27.736
27.736
27.736
27.736
27.736
27.736
27.736
27.736
27.736
27.736
27.736
27.736
27.736
27.736
27.736
27.736
27.736
27.736
27.736
27.736
27.736
27.736
27.736
27.736
27.736
27.736
27.736
27.736
27.736
27.736
27.736
27.736
27.736
27.736
27.736
27.736
27.736
27.736
27.736
27.736
27.736
27.736
27.736
27.736
27.736
27.736
27.736
27.736
27.736
27.736
27.736
27.736
27.736
27.736
27.736
27.736
27.736
27.736
27.736
27.736
27.736
27.736
27.736
27.736
27.736
27.736
27.736
27.736
27.736
27.736
27.736
1.16786
2.13909
2.9238
4.11456
6.01129
8.68373
11.941
16.2174
21.1447
25.9491
29.8661
32.6843
34.4801
35.5643
36.1339
36.3609
36.3458
36.141
35.7866
35.3078
34.6927
33.9976
33.2432
32.4826
31.7241
30.9785
30.2588
29.5833
28.9649
28.4098
27.9177
27.4854
27.1079
26.7799
26.4958
26.2506
26.0395
25.858
25.7022
25.5688
25.4545
25.3567
25.273
25.2013
25.14
25.0876
25.043
25.005
24.9725
24.9449
24.9212
24.901
24.8838
24.869
24.8563
24.8455
24.8362
24.8282
24.8214
24.8155
24.8105
24.8061
24.8024
24.7992
24.7964
24.7941
24.792
24.7902
24.7887
24.7874
24.7863
24.7853
24.7845
24.7837
24.7831
24.7826
24.7821
24.7817
24.7814
24.7811
24.7808
24.7806
24.7804
24.7803
24.7801
24.78
24.7799
24.7798
24.7797
24.7797
24.7796
24.7796
24.7795
24.7795
24.7794
24.7794
24.7794
24.7794
24.7793
24.7793
24.7793
24.7793
24.7792
24.7792
24.7792
24.7792
24.7792
24.7792
24.7792
24.7792
24.7792
24.7791
24.7791
24.7791
24.7791
24.7791
24.7791
24.7791
24.7791
24.7791
24.7791
24.7791
24.7791
24.7791
24.7791
24.7791
24.7791
24.7791
24.7791
24.7791
24.7791
24.7791
24.7791
24.7791
24.7791
24.7791
24.7791
24.7791
24.7791
24.7791
24.7791
24.7791
24.7791
24.7791
24.7791
24.7791
24.7791
24.7791
24.7791
24.7791
24.7791
24.7791
24.7791
24.7791
24.7791
24.7791
24.7791
24.7791
24.7791
24.7791
24.7791
24.7791
24.7791
24.7791
24.7791
24.7791
24.7791
24.7791
24.7791
24.7791
24.7791
24.7791
24.7791
24.7791
24.7791
24.7791
24.7791
24.7791
24.7791
24.7791
24.7791
24.7791
24.7791
24.7791
24.7791
24.7791
24.7791
24.7791
24.7791
24.7791
24.7791
24.7791
24.7791
24.7791
24.7791
24.7791
24.7791
24.7791
24.7791
24.7791
24.7791
24.7791
24.7791
24.7791
24.7791
24.7791
24.7791
24.7791
24.7791
24.7791
24.7791
24.7791
24.7791
24.7791
24.7791
24.7791
24.7791
24.7791
24.7791
24.7791
24.7791
24.7791
24.7791
24.7791
24.7791
24.7791
24.7791
24.7791
24.7791
24.7791
24.7791
24.7791
24.7791
24.7791
24.7791
24.7791
24.7791
24.7791
24.7791
24.7791
24.7791
24.7791
24.7791
24.7791
24.7791
24.7791
24.7791
24.7791
24.7791
24.7791
24.7791
24.7791
24.7791
24.7791
24.7791
24.7791
24.7791
24.7791
24.7791
24.7791
24.7791
24.7791
24.7791
24.7791
24.7791
24.7791
24.7791
24.7791
24.7791
24.7791
24.7791
24.7791
24.7791
24.7791
24.7791
24.7791
24.7791
24.7791
24.7791
24.7791
24.7791
24.7791
24.7791
24.7791
24.7791
24.7791
24.7791
24.7791
24.7791
24.7791
24.7791
24.7791
24.7791
24.7791
24.7791
24.7791
24.7791
24.7791
24.7791
24.7791
0.893141
1.59397
2.20428
2.99708
4.10734
5.84487
8.1549
10.9062
14.4425
18.588
22.7527
26.3785
29.1302
31.0289
32.2181
32.9025
33.2097
33.2104
32.9704
32.545
31.9589
31.286
30.5587
29.8081
29.0607
28.3288
27.6285
26.9783
26.39
25.8662
25.4038
24.9981
24.6438
24.3354
24.0679
23.8365
23.6367
23.4647
23.3167
23.1896
23.0806
22.9871
22.907
22.8382
22.7794
22.7291
22.6862
22.6497
22.6186
22.592
22.5693
22.5499
22.5334
22.5193
22.5072
22.4969
22.488
22.4804
22.4739
22.4684
22.4636
22.4595
22.456
22.453
22.4504
22.4481
22.4462
22.4445
22.4431
22.4419
22.4408
22.4399
22.4391
22.4384
22.4378
22.4373
22.4369
22.4365
22.4362
22.4359
22.4357
22.4355
22.4353
22.4352
22.435
22.4349
22.4348
22.4347
22.4347
22.4346
22.4346
22.4345
22.4345
22.4344
22.4344
22.4344
22.4343
22.4343
22.4343
22.4343
22.4342
22.4342
22.4342
22.4342
22.4342
22.4342
22.4342
22.4341
22.4341
22.4341
22.4341
22.4341
22.4341
22.4341
22.4341
22.4341
22.4341
22.4341
22.4341
22.4341
22.4341
22.4341
22.4341
22.4341
22.4341
22.4341
22.4341
22.4341
22.4341
22.4341
22.4341
22.434
22.434
22.434
22.434
22.434
22.434
22.434
22.434
22.434
22.434
22.434
22.434
22.434
22.434
22.434
22.434
22.434
22.434
22.434
22.434
22.434
22.434
22.434
22.434
22.434
22.434
22.434
22.434
22.434
22.434
22.434
22.434
22.434
22.434
22.434
22.434
22.434
22.434
22.434
22.434
22.434
22.434
22.434
22.434
22.434
22.434
22.434
22.434
22.434
22.434
22.434
22.434
22.434
22.434
22.434
22.434
22.434
22.434
22.434
22.434
22.434
22.434
22.434
22.434
22.434
22.434
22.434
22.434
22.434
22.434
22.434
22.434
22.434
22.434
22.434
22.434
22.434
22.434
22.434
22.434
22.434
22.434
22.434
22.434
22.434
22.434
22.434
22.4341
22.4341
22.4341
22.4341
22.4341
22.4341
22.4341
22.4341
22.4341
22.4341
22.4341
22.4341
22.4341
22.4341
22.4341
22.4341
22.4341
22.4341
22.4341
22.4341
22.4341
22.4341
22.4341
22.4341
22.4341
22.4341
22.4341
22.4341
22.4341
22.4341
22.4341
22.4341
22.4341
22.4341
22.4341
22.4341
22.4341
22.4341
22.4341
22.4341
22.4341
22.4341
22.4341
22.4341
22.4341
22.4341
22.4341
22.4341
22.4341
22.4341
22.4341
22.4341
22.4341
22.4341
22.4341
22.4341
22.4341
22.4341
22.4341
22.4341
22.4341
22.4341
22.4341
22.4341
22.4341
22.4341
22.4341
22.4341
22.4341
22.4341
22.4341
22.4341
22.4341
22.4341
22.4341
22.4341
22.4341
22.4341
22.4341
22.4341
22.4341
22.4341
0.74469
1.23416
1.77138
2.37023
3.12155
4.17832
5.7348
7.75737
10.0821
13.0404
16.49
20.0886
23.3611
26.0001
27.9121
29.1812
29.9208
30.2526
30.259
30.0088
29.5507
28.9462
28.2578
27.5293
26.7912
26.0691
25.4001
24.7984
24.2632
23.7893
23.3709
23.0031
22.6807
22.399
22.1536
21.9404
21.7557
21.5961
21.4583
21.3397
21.2376
21.1498
21.0744
21.0096
20.954
20.9065
20.866
20.8315
20.802
20.7769
20.7555
20.7372
20.7216
20.7083
20.697
20.6873
20.679
20.6719
20.6659
20.6607
20.6562
20.6524
20.6492
20.6464
20.6439
20.6419
20.6401
20.6386
20.6372
20.6361
20.6351
20.6343
20.6336
20.6329
20.6324
20.6319
20.6315
20.6312
20.6309
20.6306
20.6304
20.6302
20.63
20.6299
20.6298
20.6297
20.6296
20.6295
20.6294
20.6294
20.6293
20.6293
20.6292
20.6292
20.6292
20.6291
20.6291
20.6291
20.6291
20.6291
20.629
20.629
20.629
20.629
20.629
20.629
20.629
20.6289
20.6289
20.6289
20.6289
20.6289
20.6289
20.6289
20.6289
20.6289
20.6289
20.6289
20.6289
20.6289
20.6289
20.6289
20.6289
20.6289
20.6289
20.6289
20.6289
20.6289
20.6289
20.6289
20.6289
20.6289
20.6289
20.6289
20.6289
20.6289
20.6289
20.6289
20.6288
20.6288
20.6288
20.6288
20.6288
20.6288
20.6288
20.6288
20.6288
20.6288
20.6288
20.6288
20.6288
20.6288
20.6288
20.6288
20.6288
20.6288
20.6288
20.6288
20.6288
20.6288
20.6288
20.6288
20.6288
20.6288
20.6288
20.6288
20.6288
20.6288
20.6288
20.6288
20.6288
20.6288
20.6288
20.6288
20.6288
20.6288
20.6288
20.6288
20.6288
20.6288
20.6288
20.6288
20.6288
20.6288
20.6288
20.6288
20.6288
20.6288
20.6288
20.6288
20.6288
20.6288
20.6288
20.6288
20.6288
20.6288
20.6288
20.6288
20.6288
20.6288
20.6288
20.6288
20.6288
20.6288
20.6288
20.6288
20.6288
20.6288
20.6288
20.6288
20.6288
20.6288
20.6288
20.6288
20.6288
20.6288
20.6288
20.6288
20.6288
20.6288
20.6288
20.6288
20.6289
20.6289
20.6289
20.6289
20.6289
20.6289
20.6289
20.6289
20.6289
20.6289
20.6289
20.6289
20.6289
20.6289
20.6289
20.6289
20.6289
20.6289
20.6289
20.6289
20.6289
20.6289
20.6289
20.6289
20.6289
20.6289
20.6289
20.6289
20.6289
20.6289
20.6289
20.6289
20.6289
20.6289
20.6289
20.6289
20.6289
20.6289
20.6289
20.6289
20.6289
20.6289
20.6289
20.6289
20.6289
20.6289
20.6289
20.6289
20.6289
20.6289
20.6289
20.6289
20.6289
20.6289
20.6289
20.6289
20.6289
20.6289
20.6289
20.6289
20.6289
20.6289
20.6289
20.6289
20.6289
20.6289
20.6289
20.6289
20.6289
20.6289
20.6289
20.6288
20.6288
20.6288
20.6288
20.6288
20.6288
20.6288
0.664854
1.00788
1.49974
2.00358
2.58346
3.31594
4.30645
5.70675
7.48993
9.5519
12.0164
14.9098
17.9628
20.8409
23.2605
25.1031
26.3601
27.1256
27.4943
27.5322
27.3013
26.8414
26.2193
25.5238
24.8286
24.1824
23.5951
23.0706
22.6039
22.1884
21.8193
21.4925
21.2039
20.9501
20.7277
20.5333
20.364
20.2169
20.0895
19.9795
19.8844
19.8024
19.7317
19.6708
19.6186
19.5739
19.5357
19.5032
19.4754
19.4518
19.4316
19.4145
19.3998
19.3874
19.3768
19.3677
19.36
19.3534
19.3477
19.3429
19.3388
19.3352
19.3322
19.3296
19.3274
19.3255
19.3238
19.3224
19.3212
19.3202
19.3193
19.3185
19.3178
19.3172
19.3167
19.3163
19.3159
19.3156
19.3153
19.3151
19.3149
19.3147
19.3146
19.3144
19.3143
19.3142
19.3142
19.3141
19.314
19.314
19.3139
19.3139
19.3138
19.3138
19.3138
19.3137
19.3137
19.3137
19.3137
19.3137
19.3136
19.3136
19.3136
19.3136
19.3136
19.3136
19.3136
19.3136
19.3136
19.3135
19.3135
19.3135
19.3135
19.3135
19.3135
19.3135
19.3135
19.3135
19.3135
19.3135
19.3135
19.3135
19.3135
19.3135
19.3135
19.3135
19.3135
19.3135
19.3135
19.3135
19.3135
19.3135
19.3135
19.3135
19.3135
19.3135
19.3135
19.3135
19.3135
19.3135
19.3135
19.3135
19.3135
19.3135
19.3135
19.3135
19.3135
19.3135
19.3135
19.3135
19.3135
19.3135
19.3135
19.3135
19.3135
19.3135
19.3135
19.3135
19.3135
19.3135
19.3135
19.3135
19.3135
19.3135
19.3135
19.3135
19.3135
19.3135
19.3135
19.3135
19.3135
19.3135
19.3135
19.3135
19.3134
19.3134
19.3134
19.3134
19.3134
19.3134
19.3134
19.3134
19.3134
19.3134
19.3134
19.3134
19.3134
19.3134
19.3134
19.3134
19.3134
19.3134
19.3134
19.3135
19.3135
19.3135
19.3135
19.3135
19.3135
19.3135
19.3135
19.3135
19.3135
19.3135
19.3135
19.3135
19.3135
19.3135
19.3135
19.3135
19.3135
19.3135
19.3135
19.3135
19.3135
19.3135
19.3135
19.3135
19.3135
19.3135
19.3135
19.3135
19.3135
19.3135
19.3135
19.3135
19.3135
19.3135
19.3135
19.3135
19.3135
19.3135
19.3135
19.3135
19.3135
19.3135
19.3135
19.3135
19.3135
19.3135
19.3135
19.3135
19.3135
19.3135
19.3135
19.3135
19.3135
19.3135
19.3135
19.3135
19.3135
19.3135
19.3135
19.3135
19.3135
19.3135
19.3135
19.3135
19.3135
19.3135
19.3135
19.3135
19.3135
19.3135
19.3135
19.3135
19.3135
19.3135
19.3135
19.3135
19.3135
19.3135
19.3135
19.3135
19.3135
19.3135
19.3135
19.3135
19.3135
19.3135
19.3135
19.3135
19.3135
19.3135
19.3135
19.3135
19.3135
19.3135
19.3135
19.3135
19.3135
19.3135
19.3135
19.3135
19.3135
19.3135
19.3135
19.3135
19.3135
19.3135
0.619182
0.875331
1.33009
1.79554
2.29207
2.87596
3.60253
4.54713
5.8561
7.43844
9.3519
11.5511
13.9907
16.5433
18.9931
21.1328
22.8126
24.0169
24.8008
25.1758
25.1719
24.8889
24.4399
23.891
23.3246
22.7956
22.3064
21.8602
21.4566
21.0929
20.7663
20.4741
20.2139
19.9831
19.7794
19.6003
19.4435
19.3066
19.1876
19.0845
18.995
18.9174
18.8504
18.7926
18.743
18.7005
18.6642
18.6332
18.6068
18.5844
18.5652
18.5489
18.5351
18.5233
18.5132
18.5046
18.4973
18.4911
18.4858
18.4813
18.4774
18.4741
18.4712
18.4688
18.4667
18.4649
18.4634
18.4621
18.4609
18.46
18.4591
18.4584
18.4578
18.4572
18.4568
18.4564
18.456
18.4557
18.4555
18.4553
18.4551
18.4549
18.4548
18.4546
18.4545
18.4544
18.4544
18.4543
18.4542
18.4542
18.4541
18.4541
18.4541
18.454
18.454
18.454
18.454
18.4539
18.4539
18.4539
18.4539
18.4539
18.4539
18.4538
18.4538
18.4538
18.4538
18.4538
18.4538
18.4538
18.4538
18.4538
18.4538
18.4538
18.4538
18.4538
18.4538
18.4538
18.4538
18.4538
18.4537
18.4537
18.4537
18.4537
18.4537
18.4537
18.4537
18.4537
18.4537
18.4537
18.4537
18.4537
18.4537
18.4537
18.4537
18.4537
18.4537
18.4537
18.4537
18.4537
18.4537
18.4537
18.4537
18.4537
18.4537
18.4537
18.4537
18.4537
18.4537
18.4537
18.4537
18.4537
18.4537
18.4537
18.4537
18.4537
18.4537
18.4537
18.4537
18.4537
18.4537
18.4537
18.4537
18.4537
18.4537
18.4537
18.4537
18.4537
18.4537
18.4537
18.4537
18.4537
18.4537
18.4537
18.4537
18.4537
18.4537
18.4537
18.4537
18.4537
18.4537
18.4537
18.4537
18.4537
18.4537
18.4537
18.4537
18.4537
18.4537
18.4537
18.4537
18.4537
18.4537
18.4537
18.4537
18.4537
18.4537
18.4537
18.4537
18.4537
18.4537
18.4537
18.4537
18.4537
18.4537
18.4537
18.4537
18.4537
18.4537
18.4537
18.4537
18.4537
18.4537
18.4537
18.4537
18.4537
18.4537
18.4537
18.4537
18.4537
18.4537
18.4537
18.4537
18.4537
18.4537
18.4537
18.4537
18.4537
18.4537
18.4537
18.4537
18.4537
18.4537
18.4537
18.4537
18.4537
18.4537
18.4537
18.4537
18.4537
18.4537
18.4537
18.4537
18.4537
18.4537
18.4537
18.4537
18.4537
18.4537
18.4537
18.4537
18.4537
18.4537
18.4537
18.4537
18.4537
18.4537
18.4537
18.4537
18.4537
18.4537
18.4537
18.4537
18.4537
18.4537
18.4537
18.4537
18.4537
18.4537
18.4537
18.4537
18.4537
18.4537
18.4537
18.4537
18.4537
18.4537
18.4537
18.4537
18.4537
18.4537
18.4537
18.4537
18.4537
18.4537
18.4537
18.4537
18.4537
18.4537
18.4537
18.4537
18.4537
18.4537
18.4537
18.4537
18.4537
18.4537
18.4537
18.4537
18.4537
0.593587
0.813675
1.24649
1.69819
2.16231
2.68649
3.31195
4.08601
5.08713
6.36221
7.90542
9.64777
11.6394
13.8396
16.1144
18.2919
20.1712
21.6854
22.8111
23.4928
23.7314
23.6467
23.3755
22.975
22.5185
22.0652
21.6348
21.2352
20.8688
20.5352
20.233
19.9607
19.7165
19.4987
19.3055
19.1349
18.9851
18.8539
18.7396
18.6403
18.5537
18.4783
18.4132
18.3571
18.3088
18.2674
18.232
18.2019
18.1763
18.1544
18.1358
18.12
18.1066
18.0951
18.0854
18.0771
18.07
18.064
18.0589
18.0545
18.0508
18.0476
18.0448
18.0425
18.0405
18.0388
18.0373
18.036
18.0349
18.034
18.0332
18.0325
18.0319
18.0314
18.031
18.0306
18.0302
18.03
18.0297
18.0295
18.0293
18.0291
18.029
18.0289
18.0288
18.0287
18.0286
18.0286
18.0285
18.0285
18.0284
18.0284
18.0283
18.0283
18.0283
18.0283
18.0282
18.0282
18.0282
18.0282
18.0282
18.0281
18.0281
18.0281
18.0281
18.0281
18.0281
18.0281
18.0281
18.0281
18.0281
18.0281
18.0281
18.0281
18.0281
18.0281
18.028
18.028
18.028
18.028
18.028
18.028
18.028
18.028
18.028
18.028
18.028
18.028
18.028
18.028
18.028
18.028
18.028
18.028
18.028
18.028
18.028
18.028
18.028
18.028
18.028
18.028
18.028
18.028
18.028
18.028
18.028
18.028
18.028
18.028
18.028
18.028
18.028
18.028
18.028
18.028
18.028
18.028
18.028
18.028
18.028
18.028
18.028
18.028
18.028
18.028
18.028
18.028
18.028
18.028
18.028
18.028
18.028
18.028
18.028
18.028
18.028
18.028
18.028
18.028
18.028
18.028
18.028
18.028
18.028
18.028
18.028
18.028
18.028
18.028
18.028
18.028
18.028
18.028
18.028
18.028
18.028
18.028
18.028
18.028
18.028
18.028
18.028
18.028
18.028
18.028
18.028
18.028
18.028
18.028
18.028
18.028
18.028
18.028
18.028
18.028
18.028
18.028
18.028
18.028
18.028
18.028
18.028
18.028
18.028
18.028
18.028
18.028
18.028
18.028
18.028
18.028
18.028
18.028
18.028
18.028
18.028
18.028
18.028
18.028
18.028
18.028
18.028
18.028
18.028
18.028
18.028
18.028
18.028
18.028
18.028
18.028
18.028
18.028
18.028
18.028
18.028
18.028
18.028
18.028
18.028
18.028
18.028
18.028
18.028
18.028
18.028
18.028
18.028
18.028
18.028
18.028
18.028
18.028
18.028
18.028
18.028
18.028
18.028
18.028
18.028
18.028
18.028
18.028
18.028
18.028
18.028
18.028
18.028
18.028
18.028
18.028
18.028
18.028
18.028
18.028
18.028
18.028
18.028
18.028
)
;

boundaryField
{
    inlet
    {
        type            fixedValue;
        value           uniform 0.48;
    }
    outlet
    {
        type            zeroGradient;
    }
    sideWall
    {
        type            empty;
    }
    bed
    {
        type            omegaWallFunction;
        refValue        nonuniform List<scalar> 
300
(
985.145
795.745
696.961
687.165
680.419
676.706
673.353
671.728
670.774
670.815
671.344
672.321
673.704
675.401
677.33
679.46
681.811
684.315
686.867
689.608
692.522
695.507
698.586
701.692
704.823
708.009
710.989
713.602
715.804
717.65
719.184
720.461
721.519
722.399
723.128
723.735
724.24
724.662
725.015
725.312
725.562
725.774
725.955
726.111
726.244
726.356
726.45
726.531
726.601
726.662
726.715
726.761
726.802
726.837
726.867
726.894
726.917
726.937
726.955
726.97
726.983
726.995
727.005
727.013
727.021
727.028
727.033
727.038
727.042
727.046
727.049
727.052
727.054
727.056
727.058
727.059
727.061
727.062
727.063
727.063
727.064
727.065
727.065
727.065
727.066
727.066
727.066
727.067
727.067
727.067
727.067
727.067
727.067
727.067
727.067
727.067
727.067
727.068
727.068
727.068
727.068
727.068
727.068
727.068
727.068
727.068
727.068
727.068
727.068
727.068
727.068
727.068
727.068
727.068
727.068
727.068
727.068
727.068
727.068
727.068
727.068
727.068
727.068
727.068
727.068
727.068
727.068
727.068
727.068
727.068
727.068
727.068
727.068
727.068
727.068
727.068
727.068
727.068
727.068
727.068
727.068
727.068
727.068
727.068
727.068
727.068
727.068
727.068
727.068
727.068
727.068
727.068
727.068
727.068
727.068
727.068
727.068
727.068
727.068
727.068
727.068
727.068
727.068
727.068
727.068
727.068
727.068
727.068
727.068
727.068
727.068
727.068
727.068
727.068
727.068
727.068
727.068
727.068
727.068
727.068
727.068
727.068
727.068
727.068
727.068
727.068
727.068
727.068
727.068
727.068
727.068
727.068
727.068
727.068
727.068
727.068
727.068
727.068
727.068
727.068
727.068
727.068
727.068
727.068
727.068
727.068
727.068
727.068
727.068
727.068
727.068
727.068
727.068
727.068
727.068
727.068
727.068
727.068
727.068
727.068
727.068
727.068
727.068
727.068
727.068
727.068
727.068
727.068
727.068
727.068
727.068
727.068
727.068
727.068
727.068
727.068
727.068
727.068
727.068
727.068
727.068
727.068
727.068
727.068
727.068
727.068
727.068
727.068
727.068
727.068
727.068
727.068
727.068
727.068
727.068
727.068
727.068
727.068
727.068
727.068
727.068
727.068
727.068
727.068
727.068
727.068
727.068
727.068
727.068
727.068
727.068
727.068
727.068
727.068
727.068
727.068
727.068
727.068
727.068
727.068
727.068
727.068
727.068
727.068
727.068
727.068
727.068
727.068
727.068
727.068
727.068
727.068
727.068
727.068
727.068
727.068
727.068
727.068
727.068
727.067
)
;
        value           nonuniform List<scalar> 
300
(
985.145
795.745
696.961
687.165
680.419
676.706
673.353
671.728
670.774
670.815
671.344
672.321
673.704
675.401
677.33
679.46
681.811
684.315
686.867
689.608
692.522
695.507
698.586
701.692
704.823
708.009
710.989
713.602
715.804
717.65
719.184
720.461
721.519
722.399
723.128
723.735
724.24
724.662
725.015
725.312
725.562
725.774
725.955
726.111
726.244
726.356
726.45
726.531
726.601
726.662
726.715
726.761
726.802
726.837
726.867
726.894
726.917
726.937
726.955
726.97
726.983
726.995
727.005
727.013
727.021
727.028
727.033
727.038
727.042
727.046
727.049
727.052
727.054
727.056
727.058
727.059
727.061
727.062
727.063
727.063
727.064
727.065
727.065
727.065
727.066
727.066
727.066
727.067
727.067
727.067
727.067
727.067
727.067
727.067
727.067
727.067
727.067
727.068
727.068
727.068
727.068
727.068
727.068
727.068
727.068
727.068
727.068
727.068
727.068
727.068
727.068
727.068
727.068
727.068
727.068
727.068
727.068
727.068
727.068
727.068
727.068
727.068
727.068
727.068
727.068
727.068
727.068
727.068
727.068
727.068
727.068
727.068
727.068
727.068
727.068
727.068
727.068
727.068
727.068
727.068
727.068
727.068
727.068
727.068
727.068
727.068
727.068
727.068
727.068
727.068
727.068
727.068
727.068
727.068
727.068
727.068
727.068
727.068
727.068
727.068
727.068
727.068
727.068
727.068
727.068
727.068
727.068
727.068
727.068
727.068
727.068
727.068
727.068
727.068
727.068
727.068
727.068
727.068
727.068
727.068
727.068
727.068
727.068
727.068
727.068
727.068
727.068
727.068
727.068
727.068
727.068
727.068
727.068
727.068
727.068
727.068
727.068
727.068
727.068
727.068
727.068
727.068
727.068
727.068
727.068
727.068
727.068
727.068
727.068
727.068
727.068
727.068
727.068
727.068
727.068
727.068
727.068
727.068
727.068
727.068
727.068
727.068
727.068
727.068
727.068
727.068
727.068
727.068
727.068
727.068
727.068
727.068
727.068
727.068
727.068
727.068
727.068
727.068
727.068
727.068
727.068
727.068
727.068
727.068
727.068
727.068
727.068
727.068
727.068
727.068
727.068
727.068
727.068
727.068
727.068
727.068
727.068
727.068
727.068
727.068
727.068
727.068
727.068
727.068
727.068
727.068
727.068
727.068
727.068
727.068
727.068
727.068
727.068
727.068
727.068
727.068
727.068
727.068
727.068
727.068
727.068
727.068
727.068
727.068
727.068
727.068
727.068
727.068
727.068
727.068
727.068
727.068
727.068
727.068
727.068
727.068
727.068
727.068
727.068
727.067
)
;
        Cmu             0.09;
        kappa           0.41;
        E               9.8;
        beta1           0.075;
    }
    topWall
    {
        type            slip;
        value           nonuniform List<scalar> 
300
(
0.593587
0.813675
1.24649
1.69819
2.16231
2.68649
3.31195
4.08601
5.08713
6.36221
7.90542
9.64777
11.6394
13.8396
16.1144
18.2919
20.1712
21.6854
22.8111
23.4928
23.7314
23.6467
23.3755
22.975
22.5185
22.0652
21.6348
21.2352
20.8688
20.5352
20.233
19.9607
19.7165
19.4987
19.3055
19.1349
18.9851
18.8539
18.7396
18.6403
18.5537
18.4783
18.4132
18.3571
18.3088
18.2674
18.232
18.2019
18.1763
18.1544
18.1358
18.12
18.1066
18.0951
18.0854
18.0771
18.07
18.064
18.0589
18.0545
18.0508
18.0476
18.0448
18.0425
18.0405
18.0388
18.0373
18.036
18.0349
18.034
18.0332
18.0325
18.0319
18.0314
18.031
18.0306
18.0302
18.03
18.0297
18.0295
18.0293
18.0291
18.029
18.0289
18.0288
18.0287
18.0286
18.0286
18.0285
18.0285
18.0284
18.0284
18.0283
18.0283
18.0283
18.0283
18.0282
18.0282
18.0282
18.0282
18.0282
18.0281
18.0281
18.0281
18.0281
18.0281
18.0281
18.0281
18.0281
18.0281
18.0281
18.0281
18.0281
18.0281
18.0281
18.0281
18.028
18.028
18.028
18.028
18.028
18.028
18.028
18.028
18.028
18.028
18.028
18.028
18.028
18.028
18.028
18.028
18.028
18.028
18.028
18.028
18.028
18.028
18.028
18.028
18.028
18.028
18.028
18.028
18.028
18.028
18.028
18.028
18.028
18.028
18.028
18.028
18.028
18.028
18.028
18.028
18.028
18.028
18.028
18.028
18.028
18.028
18.028
18.028
18.028
18.028
18.028
18.028
18.028
18.028
18.028
18.028
18.028
18.028
18.028
18.028
18.028
18.028
18.028
18.028
18.028
18.028
18.028
18.028
18.028
18.028
18.028
18.028
18.028
18.028
18.028
18.028
18.028
18.028
18.028
18.028
18.028
18.028
18.028
18.028
18.028
18.028
18.028
18.028
18.028
18.028
18.028
18.028
18.028
18.028
18.028
18.028
18.028
18.028
18.028
18.028
18.028
18.028
18.028
18.028
18.028
18.028
18.028
18.028
18.028
18.028
18.028
18.028
18.028
18.028
18.028
18.028
18.028
18.028
18.028
18.028
18.028
18.028
18.028
18.028
18.028
18.028
18.028
18.028
18.028
18.028
18.028
18.028
18.028
18.028
18.028
18.028
18.028
18.028
18.028
18.028
18.028
18.028
18.028
18.028
18.028
18.028
18.028
18.028
18.028
18.028
18.028
18.028
18.028
18.028
18.028
18.028
18.028
18.028
18.028
18.028
18.028
18.028
18.028
18.028
18.028
18.028
18.028
18.028
18.028
18.028
18.028
18.028
18.028
18.028
18.028
18.028
18.028
18.028
18.028
18.028
18.028
18.028
18.028
18.028
)
;
    }
}


// ************************************************************************* //
