/*--------------------------------*- C++ -*----------------------------------*\
| =========                 |                                                 |
| \\      /  F ield         | foam-extend: Open Source CFD                    |
|  \\    /   O peration     | Version:     3.2                                |
|   \\  /    A nd           | Web:         http://www.foam-extend.org         |
|    \\/     M anipulation  | For copyright notice see file Copyright         |
\*---------------------------------------------------------------------------*/
FoamFile
{
    version     2.0;
    format      ascii;
    class       volScalarField;
    location    "200";
    object      p;
}
// * * * * * * * * * * * * * * * * * * * * * * * * * * * * * * * * * * * * * //

dimensions      [1 -1 -2 0 0 0 0];

internalField   nonuniform List<scalar> 
5400
(
2749.69
2695.3
2694.58
2683.66
2677.08
2669.32
2662.69
2656.06
2649.84
2643.79
2637.94
2632.21
2626.62
2621.1
2615.68
2610.31
2604.99
2599.67
2594.41
2589.16
2583.87
2578.55
2573.17
2567.72
2562.21
2556.58
2550.83
2544.93
2538.92
2532.79
2526.57
2520.27
2513.91
2507.5
2501.04
2494.54
2488.01
2481.45
2474.88
2468.28
2461.67
2455.05
2448.42
2441.77
2435.12
2428.46
2421.8
2415.13
2408.46
2401.79
2395.11
2388.43
2381.75
2375.07
2368.38
2361.7
2355.01
2348.32
2341.63
2334.94
2328.25
2321.56
2314.87
2308.17
2301.48
2294.79
2288.09
2281.4
2274.7
2268.01
2261.31
2254.62
2247.93
2241.23
2234.54
2227.84
2221.14
2214.45
2207.75
2201.06
2194.36
2187.67
2180.97
2174.28
2167.58
2160.89
2154.19
2147.49
2140.8
2134.1
2127.41
2120.71
2114.02
2107.32
2100.62
2093.93
2087.23
2080.54
2073.84
2067.15
2060.45
2053.76
2047.06
2040.36
2033.67
2026.97
2020.28
2013.58
2006.89
2000.19
1993.49
1986.8
1980.1
1973.41
1966.71
1960.02
1953.32
1946.62
1939.93
1933.23
1926.54
1919.84
1913.15
1906.45
1899.75
1893.06
1886.36
1879.67
1872.97
1866.28
1859.58
1852.89
1846.19
1839.49
1832.8
1826.1
1819.41
1812.71
1806.02
1799.32
1792.62
1785.93
1779.23
1772.54
1765.84
1759.15
1752.45
1745.75
1739.06
1732.36
1725.67
1718.97
1712.28
1705.58
1698.88
1692.19
1685.49
1678.8
1672.1
1665.41
1658.71
1652.01
1645.32
1638.62
1631.93
1625.23
1618.54
1611.84
1605.15
1598.45
1591.75
1585.06
1578.36
1571.67
1564.97
1558.28
1551.58
1544.88
1538.19
1531.49
1524.8
1518.1
1511.41
1504.71
1498.01
1491.32
1484.62
1477.93
1471.23
1464.54
1457.84
1451.14
1444.45
1437.75
1431.06
1424.36
1417.67
1410.97
1404.27
1397.58
1390.88
1384.19
1377.49
1370.8
1364.1
1357.41
1350.71
1344.01
1337.32
1330.62
1323.93
1317.23
1310.54
1303.84
1297.14
1290.45
1283.75
1277.06
1270.36
1263.67
1256.97
1250.27
1243.58
1236.88
1230.19
1223.49
1216.8
1210.1
1203.4
1196.71
1190.01
1183.32
1176.62
1169.93
1163.23
1156.54
1149.84
1143.14
1136.45
1129.75
1123.06
1116.36
1109.67
1102.97
1096.27
1089.58
1082.88
1076.19
1069.49
1062.8
1056.1
1049.4
1042.71
1036.01
1029.32
1022.62
1015.93
1009.23
1002.53
995.839
989.144
982.448
975.752
969.057
962.361
955.665
948.97
942.274
935.578
928.883
922.187
915.491
908.796
902.1
895.404
888.709
882.013
875.317
868.622
861.926
855.23
848.535
841.839
835.143
828.448
821.752
815.056
808.361
801.665
794.969
788.274
781.578
774.882
768.187
761.491
754.795
748.1
741.404
734.708
728.012
2733.26
2679.14
2678.34
2667.39
2660.81
2653.04
2646.41
2639.78
2633.56
2627.51
2621.65
2615.93
2610.33
2604.82
2599.4
2594.02
2588.7
2583.38
2578.13
2572.88
2567.59
2562.26
2556.89
2551.44
2545.92
2540.29
2534.55
2528.65
2522.63
2516.5
2510.28
2503.99
2497.63
2491.21
2484.75
2478.25
2471.73
2465.17
2458.59
2452
2445.39
2438.76
2432.13
2425.49
2418.84
2412.18
2405.52
2398.85
2392.18
2385.5
2378.83
2372.15
2365.47
2358.78
2352.1
2345.41
2338.72
2332.04
2325.35
2318.66
2311.96
2305.27
2298.58
2291.89
2285.19
2278.5
2271.81
2265.11
2258.42
2251.72
2245.03
2238.34
2231.64
2224.95
2218.25
2211.56
2204.86
2198.16
2191.47
2184.77
2178.08
2171.38
2164.69
2157.99
2151.3
2144.6
2137.91
2131.21
2124.51
2117.82
2111.12
2104.43
2097.73
2091.04
2084.34
2077.64
2070.95
2064.25
2057.56
2050.86
2044.17
2037.47
2030.78
2024.08
2017.38
2010.69
2003.99
1997.3
1990.6
1983.91
1977.21
1970.51
1963.82
1957.12
1950.43
1943.73
1937.04
1930.34
1923.64
1916.95
1910.25
1903.56
1896.86
1890.17
1883.47
1876.77
1870.08
1863.38
1856.69
1849.99
1843.3
1836.6
1829.9
1823.21
1816.51
1809.82
1803.12
1796.43
1789.73
1783.04
1776.34
1769.64
1762.95
1756.25
1749.56
1742.86
1736.17
1729.47
1722.77
1716.08
1709.38
1702.69
1695.99
1689.3
1682.6
1675.9
1669.21
1662.51
1655.82
1649.12
1642.43
1635.73
1629.03
1622.34
1615.64
1608.95
1602.25
1595.56
1588.86
1582.16
1575.47
1568.77
1562.08
1555.38
1548.69
1541.99
1535.3
1528.6
1521.9
1515.21
1508.51
1501.82
1495.12
1488.43
1481.73
1475.03
1468.34
1461.64
1454.95
1448.25
1441.56
1434.86
1428.16
1421.47
1414.77
1408.08
1401.38
1394.69
1387.99
1381.29
1374.6
1367.9
1361.21
1354.51
1347.82
1341.12
1334.43
1327.73
1321.03
1314.34
1307.64
1300.95
1294.25
1287.56
1280.86
1274.16
1267.47
1260.77
1254.08
1247.38
1240.69
1233.99
1227.29
1220.6
1213.9
1207.21
1200.51
1193.82
1187.12
1180.42
1173.73
1167.03
1160.34
1153.64
1146.95
1140.25
1133.55
1126.86
1120.16
1113.47
1106.77
1100.08
1093.38
1086.69
1079.99
1073.29
1066.6
1059.9
1053.21
1046.51
1039.82
1033.12
1026.42
1019.73
1013.03
1006.34
999.642
992.946
986.25
979.555
972.859
966.163
959.468
952.772
946.076
939.381
932.685
925.989
919.294
912.598
905.902
899.207
892.511
885.815
879.12
872.424
865.728
859.033
852.337
845.641
838.946
832.25
825.554
818.859
812.163
805.467
798.772
792.076
785.38
778.685
771.989
765.293
758.598
751.902
745.206
738.511
731.815
725.119
718.424
711.728
2716.67
2663.04
2662.14
2651.15
2644.55
2636.77
2630.14
2623.5
2617.28
2611.23
2605.37
2599.64
2594.05
2588.54
2583.11
2577.74
2572.41
2567.1
2561.84
2556.59
2551.3
2545.98
2540.6
2535.15
2529.63
2524.01
2518.26
2512.36
2506.34
2500.21
2494
2487.7
2481.34
2474.93
2468.47
2461.97
2455.44
2448.88
2442.31
2435.71
2429.1
2422.48
2415.85
2409.2
2402.55
2395.89
2389.23
2382.56
2375.89
2369.22
2362.54
2355.86
2349.18
2342.5
2335.81
2329.13
2322.44
2315.75
2309.06
2302.37
2295.68
2288.99
2282.3
2275.6
2268.91
2262.22
2255.52
2248.83
2242.13
2235.44
2228.75
2222.05
2215.36
2208.66
2201.97
2195.27
2188.58
2181.88
2175.18
2168.49
2161.79
2155.1
2148.4
2141.71
2135.01
2128.32
2121.62
2114.93
2108.23
2101.53
2094.84
2088.14
2081.45
2074.75
2068.06
2061.36
2054.66
2047.97
2041.27
2034.58
2027.88
2021.19
2014.49
2007.79
2001.1
1994.4
1987.71
1981.01
1974.32
1967.62
1960.93
1954.23
1947.53
1940.84
1934.14
1927.45
1920.75
1914.06
1907.36
1900.66
1893.97
1887.27
1880.58
1873.88
1867.19
1860.49
1853.79
1847.1
1840.4
1833.71
1827.01
1820.32
1813.62
1806.92
1800.23
1793.53
1786.84
1780.14
1773.45
1766.75
1760.05
1753.36
1746.66
1739.97
1733.27
1726.58
1719.88
1713.19
1706.49
1699.79
1693.1
1686.4
1679.71
1673.01
1666.32
1659.62
1652.92
1646.23
1639.53
1632.84
1626.14
1619.45
1612.75
1606.05
1599.36
1592.66
1585.97
1579.27
1572.58
1565.88
1559.18
1552.49
1545.79
1539.1
1532.4
1525.71
1519.01
1512.31
1505.62
1498.92
1492.23
1485.53
1478.84
1472.14
1465.45
1458.75
1452.05
1445.36
1438.66
1431.97
1425.27
1418.58
1411.88
1405.18
1398.49
1391.79
1385.1
1378.4
1371.71
1365.01
1358.31
1351.62
1344.92
1338.23
1331.53
1324.84
1318.14
1311.44
1304.75
1298.05
1291.36
1284.66
1277.97
1271.27
1264.58
1257.88
1251.18
1244.49
1237.79
1231.1
1224.4
1217.71
1211.01
1204.31
1197.62
1190.92
1184.23
1177.53
1170.84
1164.14
1157.44
1150.75
1144.05
1137.36
1130.66
1123.97
1117.27
1110.57
1103.88
1097.18
1090.49
1083.79
1077.1
1070.4
1063.71
1057.01
1050.31
1043.62
1036.92
1030.23
1023.53
1016.84
1010.14
1003.44
996.748
990.053
983.357
976.661
969.966
963.27
956.574
949.879
943.183
936.487
929.792
923.096
916.4
909.705
903.009
896.313
889.618
882.922
876.226
869.531
862.835
856.139
849.444
842.748
836.052
829.357
822.661
815.965
809.27
802.574
795.878
789.183
782.487
775.791
769.096
762.4
755.704
749.009
742.313
735.617
728.922
722.226
715.53
708.835
702.139
695.444
2700
2647
2645.95
2634.92
2628.29
2620.51
2613.87
2607.22
2601
2594.95
2589.09
2583.36
2577.77
2572.25
2566.83
2561.45
2556.13
2550.81
2545.55
2540.31
2535.01
2529.69
2524.31
2518.86
2513.35
2507.72
2501.97
2496.07
2490.06
2483.93
2477.71
2471.42
2465.06
2458.64
2452.18
2445.68
2439.15
2432.6
2426.02
2419.43
2412.82
2406.19
2399.56
2392.92
2386.27
2379.61
2372.95
2366.28
2359.61
2352.94
2346.26
2339.58
2332.9
2326.21
2319.53
2312.84
2306.16
2299.47
2292.78
2286.09
2279.4
2272.7
2266.01
2259.32
2252.63
2245.93
2239.24
2232.54
2225.85
2219.16
2212.46
2205.77
2199.07
2192.38
2185.68
2178.99
2172.29
2165.6
2158.9
2152.2
2145.51
2138.81
2132.12
2125.42
2118.73
2112.03
2105.34
2098.64
2091.94
2085.25
2078.55
2071.86
2065.16
2058.47
2051.77
2045.08
2038.38
2031.68
2024.99
2018.29
2011.6
2004.9
1998.21
1991.51
1984.81
1978.12
1971.42
1964.73
1958.03
1951.34
1944.64
1937.94
1931.25
1924.55
1917.86
1911.16
1904.47
1897.77
1891.08
1884.38
1877.68
1870.99
1864.29
1857.6
1850.9
1844.21
1837.51
1830.81
1824.12
1817.42
1810.73
1804.03
1797.34
1790.64
1783.94
1777.25
1770.55
1763.86
1757.16
1750.47
1743.77
1737.07
1730.38
1723.68
1716.99
1710.29
1703.6
1696.9
1690.2
1683.51
1676.81
1670.12
1663.42
1656.73
1650.03
1643.34
1636.64
1629.94
1623.25
1616.55
1609.86
1603.16
1596.47
1589.77
1583.07
1576.38
1569.68
1562.99
1556.29
1549.6
1542.9
1536.2
1529.51
1522.81
1516.12
1509.42
1502.73
1496.03
1489.33
1482.64
1475.94
1469.25
1462.55
1455.86
1449.16
1442.46
1435.77
1429.07
1422.38
1415.68
1408.99
1402.29
1395.6
1388.9
1382.2
1375.51
1368.81
1362.12
1355.42
1348.73
1342.03
1335.33
1328.64
1321.94
1315.25
1308.55
1301.86
1295.16
1288.46
1281.77
1275.07
1268.38
1261.68
1254.99
1248.29
1241.59
1234.9
1228.2
1221.51
1214.81
1208.12
1201.42
1194.73
1188.03
1181.33
1174.64
1167.94
1161.25
1154.55
1147.86
1141.16
1134.46
1127.77
1121.07
1114.38
1107.68
1100.99
1094.29
1087.59
1080.9
1074.2
1067.51
1060.81
1054.12
1047.42
1040.72
1034.03
1027.33
1020.64
1013.94
1007.25
1000.55
993.855
987.159
980.464
973.768
967.072
960.377
953.681
946.985
940.29
933.594
926.898
920.203
913.507
906.811
900.116
893.42
886.724
880.029
873.333
866.637
859.942
853.246
846.55
839.855
833.159
826.463
819.768
813.072
806.376
799.681
792.985
786.289
779.594
772.898
766.202
759.507
752.811
746.115
739.42
732.724
726.028
719.333
712.637
705.941
699.246
692.55
685.854
679.159
2683.36
2630.92
2629.8
2618.67
2612.04
2604.25
2597.6
2590.95
2584.73
2578.67
2572.81
2567.08
2561.49
2555.97
2550.54
2545.17
2539.85
2534.53
2529.27
2524.02
2518.73
2513.4
2508.03
2502.58
2497.06
2491.43
2485.68
2479.78
2473.77
2467.64
2461.43
2455.13
2448.77
2442.36
2435.9
2429.4
2422.87
2416.31
2409.74
2403.14
2396.53
2389.91
2383.28
2376.63
2369.98
2363.32
2356.66
2350
2343.32
2336.65
2329.97
2323.29
2316.61
2309.93
2303.24
2296.56
2289.87
2283.18
2276.49
2269.8
2263.11
2256.42
2249.73
2243.03
2236.34
2229.65
2222.95
2216.26
2209.57
2202.87
2196.18
2189.48
2182.79
2176.09
2169.4
2162.7
2156.01
2149.31
2142.62
2135.92
2129.22
2122.53
2115.83
2109.14
2102.44
2095.75
2089.05
2082.36
2075.66
2068.96
2062.27
2055.57
2048.88
2042.18
2035.49
2028.79
2022.1
2015.4
2008.7
2002.01
1995.31
1988.62
1981.92
1975.23
1968.53
1961.83
1955.14
1948.44
1941.75
1935.05
1928.36
1921.66
1914.96
1908.27
1901.57
1894.88
1888.18
1881.49
1874.79
1868.09
1861.4
1854.7
1848.01
1841.31
1834.62
1827.92
1821.23
1814.53
1807.83
1801.14
1794.44
1787.75
1781.05
1774.36
1767.66
1760.96
1754.27
1747.57
1740.88
1734.18
1727.49
1720.79
1714.09
1707.4
1700.7
1694.01
1687.31
1680.62
1673.92
1667.22
1660.53
1653.83
1647.14
1640.44
1633.75
1627.05
1620.35
1613.66
1606.96
1600.27
1593.57
1586.88
1580.18
1573.49
1566.79
1560.09
1553.4
1546.7
1540.01
1533.31
1526.62
1519.92
1513.22
1506.53
1499.83
1493.14
1486.44
1479.75
1473.05
1466.35
1459.66
1452.96
1446.27
1439.57
1432.88
1426.18
1419.48
1412.79
1406.09
1399.4
1392.7
1386.01
1379.31
1372.61
1365.92
1359.22
1352.53
1345.83
1339.14
1332.44
1325.75
1319.05
1312.35
1305.66
1298.96
1292.27
1285.57
1278.88
1272.18
1265.48
1258.79
1252.09
1245.4
1238.7
1232.01
1225.31
1218.61
1211.92
1205.22
1198.53
1191.83
1185.14
1178.44
1171.74
1165.05
1158.35
1151.66
1144.96
1138.27
1131.57
1124.88
1118.18
1111.48
1104.79
1098.09
1091.4
1084.7
1078.01
1071.31
1064.61
1057.92
1051.22
1044.53
1037.83
1031.14
1024.44
1017.74
1011.05
1004.35
997.657
990.962
984.266
977.57
970.875
964.179
957.483
950.788
944.092
937.396
930.701
924.005
917.309
910.614
903.918
897.222
890.527
883.831
877.135
870.44
863.744
857.048
850.353
843.657
836.961
830.266
823.57
816.874
810.179
803.483
796.787
790.092
783.396
776.7
770.005
763.309
756.613
749.918
743.222
736.526
729.831
723.135
716.439
709.744
703.048
696.352
689.657
682.961
676.266
669.57
662.874
2666.82
2614.72
2613.67
2602.41
2595.78
2587.99
2581.34
2574.69
2568.46
2562.4
2556.54
2550.8
2545.21
2539.69
2534.26
2528.89
2523.56
2518.25
2512.99
2507.74
2502.45
2497.12
2491.74
2486.29
2480.77
2475.15
2469.4
2463.5
2457.48
2451.35
2445.14
2438.84
2432.48
2426.07
2419.61
2413.11
2406.58
2400.03
2393.45
2386.86
2380.25
2373.62
2366.99
2360.35
2353.7
2347.04
2340.38
2333.71
2327.04
2320.37
2313.69
2307.01
2300.33
2293.65
2286.96
2280.27
2273.59
2266.9
2260.21
2253.52
2246.83
2240.13
2233.44
2226.75
2220.06
2213.36
2206.67
2199.98
2193.28
2186.59
2179.89
2173.2
2166.5
2159.81
2153.11
2146.42
2139.72
2133.03
2126.33
2119.64
2112.94
2106.24
2099.55
2092.85
2086.16
2079.46
2072.77
2066.07
2059.38
2052.68
2045.98
2039.29
2032.59
2025.9
2019.2
2012.51
2005.81
1999.11
1992.42
1985.72
1979.03
1972.33
1965.64
1958.94
1952.25
1945.55
1938.85
1932.16
1925.46
1918.77
1912.07
1905.38
1898.68
1891.98
1885.29
1878.59
1871.9
1865.2
1858.51
1851.81
1845.11
1838.42
1831.72
1825.03
1818.33
1811.64
1804.94
1798.24
1791.55
1784.85
1778.16
1771.46
1764.77
1758.07
1751.38
1744.68
1737.98
1731.29
1724.59
1717.9
1711.2
1704.51
1697.81
1691.11
1684.42
1677.72
1671.03
1664.33
1657.64
1650.94
1644.24
1637.55
1630.85
1624.16
1617.46
1610.77
1604.07
1597.37
1590.68
1583.98
1577.29
1570.59
1563.9
1557.2
1550.5
1543.81
1537.11
1530.42
1523.72
1517.03
1510.33
1503.64
1496.94
1490.24
1483.55
1476.85
1470.16
1463.46
1456.77
1450.07
1443.37
1436.68
1429.98
1423.29
1416.59
1409.9
1403.2
1396.5
1389.81
1383.11
1376.42
1369.72
1363.03
1356.33
1349.63
1342.94
1336.24
1329.55
1322.85
1316.16
1309.46
1302.76
1296.07
1289.37
1282.68
1275.98
1269.29
1262.59
1255.9
1249.2
1242.5
1235.81
1229.11
1222.42
1215.72
1209.03
1202.33
1195.63
1188.94
1182.24
1175.55
1168.85
1162.16
1155.46
1148.76
1142.07
1135.37
1128.68
1121.98
1115.29
1108.59
1101.89
1095.2
1088.5
1081.81
1075.11
1068.42
1061.72
1055.03
1048.33
1041.63
1034.94
1028.24
1021.55
1014.85
1008.16
1001.46
994.764
988.069
981.373
974.677
967.982
961.286
954.59
947.895
941.199
934.503
927.808
921.112
914.416
907.721
901.025
894.329
887.634
880.938
874.242
867.547
860.851
854.155
847.46
840.764
834.068
827.373
820.677
813.981
807.286
800.59
793.894
787.199
780.503
773.807
767.112
760.416
753.72
747.025
740.329
733.633
726.938
720.242
713.546
706.851
700.155
693.459
686.764
680.068
673.372
666.677
659.981
653.285
646.59
2650.28
2598.58
2597.49
2586.14
2579.51
2571.72
2565.08
2558.42
2552.19
2546.13
2540.26
2534.53
2528.93
2523.41
2517.98
2512.61
2507.28
2501.96
2496.71
2491.46
2486.16
2480.84
2475.46
2470.01
2464.49
2458.86
2453.11
2447.21
2441.2
2435.07
2428.85
2422.56
2416.2
2409.78
2403.33
2396.83
2390.3
2383.74
2377.17
2370.57
2363.96
2357.34
2350.71
2344.06
2337.41
2330.75
2324.09
2317.43
2310.76
2304.08
2297.4
2290.73
2284.04
2277.36
2270.68
2263.99
2257.3
2250.61
2243.92
2237.23
2230.54
2223.85
2217.16
2210.46
2203.77
2197.08
2190.38
2183.69
2177
2170.3
2163.61
2156.91
2150.22
2143.52
2136.83
2130.13
2123.44
2116.74
2110.05
2103.35
2096.66
2089.96
2083.26
2076.57
2069.87
2063.18
2056.48
2049.79
2043.09
2036.4
2029.7
2023
2016.31
2009.61
2002.92
1996.22
1989.53
1982.83
1976.13
1969.44
1962.74
1956.05
1949.35
1942.66
1935.96
1929.27
1922.57
1915.87
1909.18
1902.48
1895.79
1889.09
1882.4
1875.7
1869
1862.31
1855.61
1848.92
1842.22
1835.53
1828.83
1822.13
1815.44
1808.74
1802.05
1795.35
1788.66
1781.96
1775.26
1768.57
1761.87
1755.18
1748.48
1741.79
1735.09
1728.39
1721.7
1715
1708.31
1701.61
1694.92
1688.22
1681.53
1674.83
1668.13
1661.44
1654.74
1648.05
1641.35
1634.66
1627.96
1621.26
1614.57
1607.87
1601.18
1594.48
1587.79
1581.09
1574.39
1567.7
1561
1554.31
1547.61
1540.92
1534.22
1527.52
1520.83
1514.13
1507.44
1500.74
1494.05
1487.35
1480.65
1473.96
1467.26
1460.57
1453.87
1447.18
1440.48
1433.79
1427.09
1420.39
1413.7
1407
1400.31
1393.61
1386.92
1380.22
1373.52
1366.83
1360.13
1353.44
1346.74
1340.05
1333.35
1326.65
1319.96
1313.26
1306.57
1299.87
1293.18
1286.48
1279.78
1273.09
1266.39
1259.7
1253
1246.31
1239.61
1232.92
1226.22
1219.52
1212.83
1206.13
1199.44
1192.74
1186.05
1179.35
1172.65
1165.96
1159.26
1152.57
1145.87
1139.18
1132.48
1125.78
1119.09
1112.39
1105.7
1099
1092.31
1085.61
1078.91
1072.22
1065.52
1058.83
1052.13
1045.44
1038.74
1032.04
1025.35
1018.65
1011.96
1005.26
998.567
991.871
985.175
978.48
971.784
965.088
958.393
951.697
945.001
938.306
931.61
924.914
918.219
911.523
904.827
898.132
891.436
884.74
878.045
871.349
864.653
857.958
851.262
844.566
837.871
831.175
824.479
817.784
811.088
804.392
797.697
791.001
784.305
777.61
770.914
764.218
757.523
750.827
744.131
737.436
730.74
724.044
717.349
710.653
703.957
697.262
690.566
683.87
677.175
670.479
663.783
657.088
650.392
643.696
637.001
630.305
2633.73
2582.48
2581.26
2569.86
2563.25
2555.45
2548.8
2542.15
2535.93
2529.86
2523.99
2518.26
2512.66
2507.14
2501.71
2496.33
2491.01
2485.69
2480.43
2475.17
2469.88
2464.55
2459.18
2453.73
2448.21
2442.58
2436.83
2430.93
2424.91
2418.78
2412.57
2406.27
2399.91
2393.5
2387.04
2380.54
2374.01
2367.46
2360.88
2354.29
2347.68
2341.06
2334.42
2327.78
2321.13
2314.47
2307.81
2301.14
2294.47
2287.8
2281.12
2274.44
2267.76
2261.08
2254.39
2247.7
2241.02
2234.33
2227.64
2220.95
2214.26
2207.57
2200.87
2194.18
2187.49
2180.79
2174.1
2167.41
2160.71
2154.02
2147.32
2140.63
2133.93
2127.24
2120.54
2113.85
2107.15
2100.46
2093.76
2087.07
2080.37
2073.68
2066.98
2060.28
2053.59
2046.89
2040.2
2033.5
2026.81
2020.11
2013.42
2006.72
2000.02
1993.33
1986.63
1979.94
1973.24
1966.55
1959.85
1953.15
1946.46
1939.76
1933.07
1926.37
1919.68
1912.98
1906.28
1899.59
1892.89
1886.2
1879.5
1872.81
1866.11
1859.42
1852.72
1846.02
1839.33
1832.63
1825.94
1819.24
1812.55
1805.85
1799.15
1792.46
1785.76
1779.07
1772.37
1765.68
1758.98
1752.28
1745.59
1738.89
1732.2
1725.5
1718.81
1712.11
1705.41
1698.72
1692.02
1685.33
1678.63
1671.94
1665.24
1658.54
1651.85
1645.15
1638.46
1631.76
1625.07
1618.37
1611.68
1604.98
1598.28
1591.59
1584.89
1578.2
1571.5
1564.81
1558.11
1551.41
1544.72
1538.02
1531.33
1524.63
1517.94
1511.24
1504.54
1497.85
1491.15
1484.46
1477.76
1471.07
1464.37
1457.67
1450.98
1444.28
1437.59
1430.89
1424.2
1417.5
1410.8
1404.11
1397.41
1390.72
1384.02
1377.33
1370.63
1363.94
1357.24
1350.54
1343.85
1337.15
1330.46
1323.76
1317.07
1310.37
1303.67
1296.98
1290.28
1283.59
1276.89
1270.2
1263.5
1256.8
1250.11
1243.41
1236.72
1230.02
1223.33
1216.63
1209.93
1203.24
1196.54
1189.85
1183.15
1176.46
1169.76
1163.07
1156.37
1149.67
1142.98
1136.28
1129.59
1122.89
1116.2
1109.5
1102.8
1096.11
1089.41
1082.72
1076.02
1069.33
1062.63
1055.93
1049.24
1042.54
1035.85
1029.15
1022.46
1015.76
1009.06
1002.37
995.673
988.978
982.282
975.586
968.891
962.195
955.499
948.804
942.108
935.412
928.717
922.021
915.325
908.63
901.934
895.238
888.543
881.847
875.151
868.456
861.76
855.064
848.369
841.673
834.977
828.282
821.586
814.89
808.195
801.499
794.803
788.108
781.412
774.716
768.021
761.325
754.629
747.934
741.238
734.542
727.847
721.151
714.455
707.76
701.064
694.368
687.673
680.977
674.281
667.586
660.89
654.194
647.499
640.803
634.107
627.412
620.716
614.02
2617.18
2566.34
2565.03
2553.58
2546.98
2539.18
2532.53
2525.88
2519.65
2513.59
2507.72
2501.99
2496.39
2490.86
2485.43
2480.06
2474.73
2469.41
2464.15
2458.9
2453.6
2448.27
2442.89
2437.44
2431.93
2426.3
2420.54
2414.64
2408.63
2402.5
2396.28
2389.99
2383.63
2377.21
2370.76
2364.26
2357.73
2351.17
2344.6
2338
2331.39
2324.77
2318.14
2311.49
2304.84
2298.19
2291.52
2284.86
2278.19
2271.51
2264.84
2258.16
2251.47
2244.79
2238.11
2231.42
2224.73
2218.04
2211.35
2204.66
2197.97
2191.28
2184.59
2177.9
2171.2
2164.51
2157.82
2151.12
2144.43
2137.73
2131.04
2124.34
2117.65
2110.95
2104.26
2097.56
2090.87
2084.17
2077.48
2070.78
2064.09
2057.39
2050.7
2044
2037.3
2030.61
2023.91
2017.22
2010.52
2003.83
1997.13
1990.43
1983.74
1977.04
1970.35
1963.65
1956.96
1950.26
1943.57
1936.87
1930.17
1923.48
1916.78
1910.09
1903.39
1896.7
1890
1883.3
1876.61
1869.91
1863.22
1856.52
1849.83
1843.13
1836.43
1829.74
1823.04
1816.35
1809.65
1802.96
1796.26
1789.57
1782.87
1776.17
1769.48
1762.78
1756.09
1749.39
1742.7
1736
1729.3
1722.61
1715.91
1709.22
1702.52
1695.83
1689.13
1682.43
1675.74
1669.04
1662.35
1655.65
1648.96
1642.26
1635.56
1628.87
1622.17
1615.48
1608.78
1602.09
1595.39
1588.69
1582
1575.3
1568.61
1561.91
1555.22
1548.52
1541.83
1535.13
1528.43
1521.74
1515.04
1508.35
1501.65
1494.96
1488.26
1481.56
1474.87
1468.17
1461.48
1454.78
1448.09
1441.39
1434.69
1428
1421.3
1414.61
1407.91
1401.22
1394.52
1387.82
1381.13
1374.43
1367.74
1361.04
1354.35
1347.65
1340.95
1334.26
1327.56
1320.87
1314.17
1307.48
1300.78
1294.09
1287.39
1280.69
1274
1267.3
1260.61
1253.91
1247.22
1240.52
1233.82
1227.13
1220.43
1213.74
1207.04
1200.35
1193.65
1186.95
1180.26
1173.56
1166.87
1160.17
1153.48
1146.78
1140.08
1133.39
1126.69
1120
1113.3
1106.61
1099.91
1093.22
1086.52
1079.82
1073.13
1066.43
1059.74
1053.04
1046.35
1039.65
1032.95
1026.26
1019.56
1012.87
1006.17
999.476
992.78
986.084
979.389
972.693
965.997
959.302
952.606
945.91
939.215
932.519
925.823
919.128
912.432
905.736
899.041
892.345
885.649
878.954
872.258
865.562
858.867
852.171
845.475
838.78
832.084
825.388
818.693
811.997
805.301
798.606
791.91
785.214
778.519
771.823
765.127
758.432
751.736
745.04
738.345
731.649
724.953
718.258
711.562
704.866
698.171
691.475
684.779
678.084
671.388
664.692
657.997
651.301
644.605
637.91
631.214
624.518
617.823
611.127
604.431
597.736
2600.67
2550.16
2548.79
2537.3
2530.7
2522.91
2516.26
2509.61
2503.38
2497.32
2491.45
2485.71
2480.11
2474.59
2469.16
2463.78
2458.45
2453.13
2447.87
2442.62
2437.32
2431.99
2426.61
2421.16
2415.65
2410.01
2404.26
2398.36
2392.34
2386.22
2380
2373.7
2367.34
2360.93
2354.47
2347.97
2341.45
2334.89
2328.31
2321.72
2315.11
2308.49
2301.85
2295.21
2288.56
2281.9
2275.24
2268.57
2261.9
2255.23
2248.55
2241.87
2235.19
2228.51
2221.82
2215.14
2208.45
2201.76
2195.07
2188.38
2181.69
2175
2168.3
2161.61
2154.92
2148.22
2141.53
2134.84
2128.14
2121.45
2114.75
2108.06
2101.36
2094.67
2087.97
2081.28
2074.58
2067.89
2061.19
2054.5
2047.8
2041.11
2034.41
2027.72
2021.02
2014.32
2007.63
2000.93
1994.24
1987.54
1980.85
1974.15
1967.45
1960.76
1954.06
1947.37
1940.67
1933.98
1927.28
1920.59
1913.89
1907.19
1900.5
1893.8
1887.11
1880.41
1873.72
1867.02
1860.32
1853.63
1846.93
1840.24
1833.54
1826.85
1820.15
1813.45
1806.76
1800.06
1793.37
1786.67
1779.98
1773.28
1766.58
1759.89
1753.19
1746.5
1739.8
1733.11
1726.41
1719.72
1713.02
1706.32
1699.63
1692.93
1686.24
1679.54
1672.85
1666.15
1659.45
1652.76
1646.06
1639.37
1632.67
1625.98
1619.28
1612.58
1605.89
1599.19
1592.5
1585.8
1579.11
1572.41
1565.71
1559.02
1552.32
1545.63
1538.93
1532.24
1525.54
1518.84
1512.15
1505.45
1498.76
1492.06
1485.37
1478.67
1471.98
1465.28
1458.58
1451.89
1445.19
1438.5
1431.8
1425.11
1418.41
1411.71
1405.02
1398.32
1391.63
1384.93
1378.24
1371.54
1364.84
1358.15
1351.45
1344.76
1338.06
1331.37
1324.67
1317.97
1311.28
1304.58
1297.89
1291.19
1284.5
1277.8
1271.1
1264.41
1257.71
1251.02
1244.32
1237.63
1230.93
1224.24
1217.54
1210.84
1204.15
1197.45
1190.76
1184.06
1177.37
1170.67
1163.97
1157.28
1150.58
1143.89
1137.19
1130.5
1123.8
1117.1
1110.41
1103.71
1097.02
1090.32
1083.63
1076.93
1070.23
1063.54
1056.84
1050.15
1043.45
1036.76
1030.06
1023.37
1016.67
1009.97
1003.28
996.582
989.887
983.191
976.495
969.8
963.104
956.408
949.713
943.017
936.321
929.626
922.93
916.234
909.539
902.843
896.147
889.452
882.756
876.06
869.365
862.669
855.973
849.278
842.582
835.886
829.191
822.495
815.799
809.104
802.408
795.712
789.017
782.321
775.625
768.93
762.234
755.538
748.843
742.147
735.451
728.756
722.06
715.364
708.669
701.973
695.277
688.582
681.886
675.19
668.495
661.799
655.103
648.408
641.712
635.016
628.321
621.625
614.929
608.234
601.538
594.843
588.147
581.451
2584.23
2533.95
2532.53
2521
2514.42
2506.62
2499.99
2493.33
2487.1
2481.04
2475.17
2469.44
2463.84
2458.32
2452.89
2447.51
2442.18
2436.85
2431.59
2426.34
2421.04
2415.71
2410.34
2404.89
2399.37
2393.73
2387.98
2382.08
2376.06
2369.93
2363.72
2357.42
2351.06
2344.65
2338.19
2331.69
2325.16
2318.61
2312.03
2305.43
2298.82
2292.2
2285.57
2278.92
2272.27
2265.62
2258.95
2252.29
2245.62
2238.94
2232.27
2225.59
2218.91
2212.22
2205.54
2198.85
2192.16
2185.47
2178.78
2172.09
2165.4
2158.71
2152.02
2145.33
2138.63
2131.94
2125.25
2118.55
2111.86
2105.16
2098.47
2091.77
2085.08
2078.38
2071.69
2064.99
2058.3
2051.6
2044.91
2038.21
2031.52
2024.82
2018.13
2011.43
2004.74
1998.04
1991.34
1984.65
1977.95
1971.26
1964.56
1957.87
1951.17
1944.47
1937.78
1931.08
1924.39
1917.69
1911
1904.3
1897.6
1890.91
1884.21
1877.52
1870.82
1864.13
1857.43
1850.74
1844.04
1837.34
1830.65
1823.95
1817.26
1810.56
1803.87
1797.17
1790.47
1783.78
1777.08
1770.39
1763.69
1757
1750.3
1743.6
1736.91
1730.21
1723.52
1716.82
1710.13
1703.43
1696.73
1690.04
1683.34
1676.65
1669.95
1663.26
1656.56
1649.87
1643.17
1636.47
1629.78
1623.08
1616.39
1609.69
1603
1596.3
1589.6
1582.91
1576.21
1569.52
1562.82
1556.13
1549.43
1542.73
1536.04
1529.34
1522.65
1515.95
1509.26
1502.56
1495.86
1489.17
1482.47
1475.78
1469.08
1462.39
1455.69
1448.99
1442.3
1435.6
1428.91
1422.21
1415.52
1408.82
1402.13
1395.43
1388.73
1382.04
1375.34
1368.65
1361.95
1355.26
1348.56
1341.86
1335.17
1328.47
1321.78
1315.08
1308.39
1301.69
1294.99
1288.3
1281.6
1274.91
1268.21
1261.52
1254.82
1248.12
1241.43
1234.73
1228.04
1221.34
1214.65
1207.95
1201.25
1194.56
1187.86
1181.17
1174.47
1167.78
1161.08
1154.39
1147.69
1140.99
1134.3
1127.6
1120.91
1114.21
1107.52
1100.82
1094.12
1087.43
1080.73
1074.04
1067.34
1060.65
1053.95
1047.25
1040.56
1033.86
1027.17
1020.47
1013.78
1007.08
1000.38
993.689
986.994
980.298
973.602
966.907
960.211
953.515
946.82
940.124
933.428
926.733
920.037
913.341
906.646
899.95
893.254
886.559
879.863
873.167
866.472
859.776
853.08
846.385
839.689
832.993
826.298
819.602
812.906
806.211
799.515
792.819
786.124
779.428
772.732
766.037
759.341
752.645
745.95
739.254
732.558
725.863
719.167
712.471
705.776
699.08
692.384
685.689
678.993
672.297
665.602
658.906
652.21
645.515
638.819
632.123
625.428
618.732
612.036
605.341
598.645
591.949
585.254
578.558
571.862
565.167
2567.88
2517.72
2516.26
2504.7
2498.13
2490.33
2483.71
2477.05
2470.83
2464.76
2458.89
2453.16
2447.56
2442.04
2436.61
2431.23
2425.9
2420.58
2415.32
2410.07
2404.77
2399.44
2394.06
2388.61
2383.09
2377.45
2371.7
2365.79
2359.78
2353.65
2347.43
2341.14
2334.78
2328.36
2321.9
2315.41
2308.88
2302.32
2295.75
2289.15
2282.54
2275.92
2269.28
2262.64
2255.99
2249.33
2242.67
2236
2229.33
2222.66
2215.98
2209.3
2202.62
2195.94
2189.25
2182.57
2175.88
2169.19
2162.5
2155.81
2149.12
2142.43
2135.73
2129.04
2122.35
2115.66
2108.96
2102.27
2095.57
2088.88
2082.18
2075.49
2068.79
2062.1
2055.4
2048.71
2042.01
2035.32
2028.62
2021.93
2015.23
2008.54
2001.84
1995.15
1988.45
1981.75
1975.06
1968.36
1961.67
1954.97
1948.28
1941.58
1934.89
1928.19
1921.49
1914.8
1908.1
1901.41
1894.71
1888.02
1881.32
1874.62
1867.93
1861.23
1854.54
1847.84
1841.15
1834.45
1827.76
1821.06
1814.36
1807.67
1800.97
1794.28
1787.58
1780.89
1774.19
1767.49
1760.8
1754.1
1747.41
1740.71
1734.02
1727.32
1720.62
1713.93
1707.23
1700.54
1693.84
1687.15
1680.45
1673.75
1667.06
1660.36
1653.67
1646.97
1640.28
1633.58
1626.88
1620.19
1613.49
1606.8
1600.1
1593.41
1586.71
1580.02
1573.32
1566.62
1559.93
1553.23
1546.54
1539.84
1533.15
1526.45
1519.75
1513.06
1506.36
1499.67
1492.97
1486.28
1479.58
1472.88
1466.19
1459.49
1452.8
1446.1
1439.41
1432.71
1426.01
1419.32
1412.62
1405.93
1399.23
1392.54
1385.84
1379.14
1372.45
1365.75
1359.06
1352.36
1345.67
1338.97
1332.28
1325.58
1318.88
1312.19
1305.49
1298.8
1292.1
1285.41
1278.71
1272.01
1265.32
1258.62
1251.93
1245.23
1238.54
1231.84
1225.14
1218.45
1211.75
1205.06
1198.36
1191.67
1184.97
1178.27
1171.58
1164.88
1158.19
1151.49
1144.8
1138.1
1131.4
1124.71
1118.01
1111.32
1104.62
1097.93
1091.23
1084.54
1077.84
1071.14
1064.45
1057.75
1051.06
1044.36
1037.67
1030.97
1024.27
1017.58
1010.88
1004.19
997.492
990.796
984.1
977.405
970.709
964.013
957.318
950.622
943.926
937.231
930.535
923.839
917.144
910.448
903.752
897.057
890.361
883.665
876.97
870.274
863.578
856.883
850.187
843.491
836.796
830.1
823.404
816.709
810.013
803.317
796.622
789.926
783.23
776.535
769.839
763.143
756.448
749.752
743.056
736.361
729.665
722.969
716.274
709.578
702.882
696.187
689.491
682.795
676.1
669.404
662.708
656.013
649.317
642.621
635.926
629.23
622.534
615.839
609.143
602.447
595.752
589.056
582.36
575.665
568.969
562.273
555.578
548.882
2551.54
2501.51
2499.98
2488.39
2481.83
2474.04
2467.42
2460.76
2454.54
2448.49
2442.62
2436.88
2431.28
2425.76
2420.33
2414.95
2409.63
2404.3
2399.04
2393.79
2388.49
2383.17
2377.79
2372.34
2366.81
2361.17
2355.42
2349.51
2343.5
2337.37
2331.15
2324.85
2318.49
2312.08
2305.62
2299.12
2292.59
2286.04
2279.46
2272.87
2266.26
2259.63
2253
2246.36
2239.7
2233.05
2226.39
2219.72
2213.05
2206.37
2199.7
2193.02
2186.34
2179.65
2172.97
2166.28
2159.59
2152.91
2146.22
2139.53
2132.83
2126.14
2119.45
2112.76
2106.06
2099.37
2092.68
2085.98
2079.29
2072.59
2065.9
2059.2
2052.51
2045.81
2039.12
2032.42
2025.73
2019.03
2012.34
2005.64
1998.95
1992.25
1985.56
1978.86
1972.17
1965.47
1958.77
1952.08
1945.38
1938.69
1931.99
1925.3
1918.6
1911.91
1905.21
1898.51
1891.82
1885.12
1878.43
1871.73
1865.04
1858.34
1851.64
1844.95
1838.25
1831.56
1824.86
1818.17
1811.47
1804.77
1798.08
1791.38
1784.69
1777.99
1771.3
1764.6
1757.91
1751.21
1744.51
1737.82
1731.12
1724.43
1717.73
1711.04
1704.34
1697.64
1690.95
1684.25
1677.56
1670.86
1664.17
1657.47
1650.77
1644.08
1637.38
1630.69
1623.99
1617.3
1610.6
1603.9
1597.21
1590.51
1583.82
1577.12
1570.43
1563.73
1557.03
1550.34
1543.64
1536.95
1530.25
1523.56
1516.86
1510.17
1503.47
1496.77
1490.08
1483.38
1476.69
1469.99
1463.3
1456.6
1449.9
1443.21
1436.51
1429.82
1423.12
1416.43
1409.73
1403.03
1396.34
1389.64
1382.95
1376.25
1369.56
1362.86
1356.16
1349.47
1342.77
1336.08
1329.38
1322.69
1315.99
1309.29
1302.6
1295.9
1289.21
1282.51
1275.82
1269.12
1262.43
1255.73
1249.03
1242.34
1235.64
1228.95
1222.25
1215.56
1208.86
1202.16
1195.47
1188.77
1182.08
1175.38
1168.69
1161.99
1155.29
1148.6
1141.9
1135.21
1128.51
1121.82
1115.12
1108.42
1101.73
1095.03
1088.34
1081.64
1074.95
1068.25
1061.56
1054.86
1048.16
1041.47
1034.77
1028.08
1021.38
1014.69
1007.99
1001.29
994.598
987.903
981.207
974.511
967.816
961.12
954.424
947.729
941.033
934.337
927.642
920.946
914.25
907.555
900.859
894.163
887.468
880.772
874.076
867.381
860.685
853.989
847.294
840.598
833.902
827.207
820.511
813.815
807.12
800.424
793.728
787.033
780.337
773.641
766.946
760.25
753.554
746.859
740.163
733.467
726.772
720.076
713.38
706.685
699.989
693.293
686.598
679.902
673.206
666.511
659.815
653.119
646.424
639.728
633.032
626.337
619.641
612.945
606.25
599.554
592.858
586.163
579.467
572.771
566.076
559.38
552.684
545.989
539.293
532.597
2535.21
2485.32
2483.69
2472.07
2465.53
2457.74
2451.13
2444.48
2438.26
2432.2
2426.33
2420.61
2415
2409.48
2404.05
2398.68
2393.35
2388.02
2382.76
2377.52
2372.22
2366.89
2361.51
2356.06
2350.53
2344.89
2339.13
2333.23
2327.21
2321.08
2314.87
2308.57
2302.21
2295.8
2289.34
2282.84
2276.31
2269.75
2263.18
2256.58
2249.97
2243.35
2236.72
2230.07
2223.42
2216.76
2210.1
2203.43
2196.76
2190.09
2183.41
2176.73
2170.05
2163.37
2156.68
2150
2143.31
2136.62
2129.93
2123.24
2116.55
2109.86
2103.17
2096.47
2089.78
2083.09
2076.39
2069.7
2063
2056.31
2049.62
2042.92
2036.23
2029.53
2022.84
2016.14
2009.44
2002.75
1996.05
1989.36
1982.66
1975.97
1969.27
1962.58
1955.88
1949.19
1942.49
1935.79
1929.1
1922.4
1915.71
1909.01
1902.32
1895.62
1888.93
1882.23
1875.53
1868.84
1862.14
1855.45
1848.75
1842.06
1835.36
1828.66
1821.97
1815.27
1808.58
1801.88
1795.19
1788.49
1781.79
1775.1
1768.4
1761.71
1755.01
1748.32
1741.62
1734.92
1728.23
1721.53
1714.84
1708.14
1701.45
1694.75
1688.06
1681.36
1674.66
1667.97
1661.27
1654.58
1647.88
1641.19
1634.49
1627.79
1621.1
1614.4
1607.71
1601.01
1594.32
1587.62
1580.92
1574.23
1567.53
1560.84
1554.14
1547.45
1540.75
1534.05
1527.36
1520.66
1513.97
1507.27
1500.58
1493.88
1487.18
1480.49
1473.79
1467.1
1460.4
1453.71
1447.01
1440.32
1433.62
1426.92
1420.23
1413.53
1406.84
1400.14
1393.45
1386.75
1380.05
1373.36
1366.66
1359.97
1353.27
1346.58
1339.88
1333.18
1326.49
1319.79
1313.1
1306.4
1299.71
1293.01
1286.31
1279.62
1272.92
1266.23
1259.53
1252.84
1246.14
1239.44
1232.75
1226.05
1219.36
1212.66
1205.97
1199.27
1192.58
1185.88
1179.18
1172.49
1165.79
1159.1
1152.4
1145.71
1139.01
1132.31
1125.62
1118.92
1112.23
1105.53
1098.84
1092.14
1085.44
1078.75
1072.05
1065.36
1058.66
1051.97
1045.27
1038.57
1031.88
1025.18
1018.49
1011.79
1005.1
998.401
991.705
985.009
978.314
971.618
964.922
958.227
951.531
944.835
938.14
931.444
924.748
918.053
911.357
904.661
897.966
891.27
884.574
877.879
871.183
864.487
857.792
851.096
844.4
837.705
831.009
824.313
817.618
810.922
804.226
797.531
790.835
784.139
777.444
770.748
764.052
757.357
750.661
743.965
737.27
730.574
723.878
717.183
710.487
703.791
697.096
690.4
683.704
677.009
670.313
663.617
656.922
650.226
643.53
636.835
630.139
623.443
616.748
610.052
603.356
596.661
589.965
583.269
576.574
569.878
563.182
556.487
549.791
543.095
536.4
529.704
523.008
516.313
2518.89
2469.1
2467.39
2455.75
2449.22
2441.44
2434.83
2428.18
2421.97
2415.92
2410.05
2404.32
2398.72
2393.21
2387.77
2382.4
2377.07
2371.75
2366.49
2361.24
2355.95
2350.62
2345.23
2339.78
2334.25
2328.61
2322.85
2316.95
2310.93
2304.8
2298.58
2292.29
2285.93
2279.51
2273.05
2266.55
2260.03
2253.47
2246.89
2240.3
2233.69
2227.06
2220.43
2213.79
2207.14
2200.48
2193.82
2187.15
2180.48
2173.81
2167.13
2160.45
2153.77
2147.08
2140.4
2133.71
2127.02
2120.34
2113.65
2106.96
2100.27
2093.57
2086.88
2080.19
2073.5
2066.8
2060.11
2053.41
2046.72
2040.03
2033.33
2026.64
2019.94
2013.25
2006.55
1999.86
1993.16
1986.46
1979.77
1973.07
1966.38
1959.68
1952.99
1946.29
1939.6
1932.9
1926.21
1919.51
1912.81
1906.12
1899.42
1892.73
1886.03
1879.34
1872.64
1865.94
1859.25
1852.55
1845.86
1839.16
1832.47
1825.77
1819.08
1812.38
1805.68
1798.99
1792.29
1785.6
1778.9
1772.21
1765.51
1758.81
1752.12
1745.42
1738.73
1732.03
1725.34
1718.64
1711.94
1705.25
1698.55
1691.86
1685.16
1678.47
1671.77
1665.07
1658.38
1651.68
1644.99
1638.29
1631.6
1624.9
1618.21
1611.51
1604.81
1598.12
1591.42
1584.73
1578.03
1571.34
1564.64
1557.94
1551.25
1544.55
1537.86
1531.16
1524.47
1517.77
1511.07
1504.38
1497.68
1490.99
1484.29
1477.6
1470.9
1464.2
1457.51
1450.81
1444.12
1437.42
1430.73
1424.03
1417.33
1410.64
1403.94
1397.25
1390.55
1383.86
1377.16
1370.47
1363.77
1357.07
1350.38
1343.68
1336.99
1330.29
1323.6
1316.9
1310.2
1303.51
1296.81
1290.12
1283.42
1276.73
1270.03
1263.33
1256.64
1249.94
1243.25
1236.55
1229.86
1223.16
1216.46
1209.77
1203.07
1196.38
1189.68
1182.99
1176.29
1169.59
1162.9
1156.2
1149.51
1142.81
1136.12
1129.42
1122.73
1116.03
1109.33
1102.64
1095.94
1089.25
1082.55
1075.86
1069.16
1062.46
1055.77
1049.07
1042.38
1035.68
1028.99
1022.29
1015.59
1008.9
1002.2
995.507
988.812
982.116
975.42
968.725
962.029
955.333
948.638
941.942
935.246
928.551
921.855
915.159
908.464
901.768
895.072
888.377
881.681
874.985
868.29
861.594
854.898
848.203
841.507
834.811
828.116
821.42
814.724
808.029
801.333
794.637
787.942
781.246
774.55
767.855
761.159
754.463
747.768
741.072
734.376
727.681
720.985
714.289
707.594
700.898
694.202
687.507
680.811
674.115
667.42
660.724
654.028
647.333
640.637
633.941
627.246
620.55
613.854
607.159
600.463
593.767
587.072
580.376
573.68
566.985
560.289
553.593
546.898
540.202
533.506
526.811
520.115
513.42
506.724
500.028
2502.61
2452.87
2451.1
2439.44
2432.92
2425.14
2418.53
2411.89
2405.68
2399.63
2393.76
2388.04
2382.44
2376.92
2371.49
2366.12
2360.79
2355.47
2350.21
2344.96
2339.67
2334.34
2328.95
2323.5
2317.97
2312.33
2306.57
2300.67
2294.65
2288.52
2282.3
2276
2269.64
2263.23
2256.77
2250.27
2243.74
2237.19
2230.61
2224.01
2217.4
2210.78
2204.15
2197.5
2190.85
2184.19
2177.53
2170.87
2164.19
2157.52
2150.84
2144.16
2137.48
2130.8
2124.11
2117.43
2110.74
2104.05
2097.36
2090.67
2083.98
2077.29
2070.6
2063.9
2057.21
2050.52
2043.82
2037.13
2030.43
2023.74
2017.05
2010.35
2003.66
1996.96
1990.27
1983.57
1976.88
1970.18
1963.48
1956.79
1950.09
1943.4
1936.7
1930.01
1923.31
1916.62
1909.92
1903.23
1896.53
1889.83
1883.14
1876.44
1869.75
1863.05
1856.36
1849.66
1842.96
1836.27
1829.57
1822.88
1816.18
1809.49
1802.79
1796.09
1789.4
1782.7
1776.01
1769.31
1762.62
1755.92
1749.23
1742.53
1735.83
1729.14
1722.44
1715.75
1709.05
1702.36
1695.66
1688.96
1682.27
1675.57
1668.88
1662.18
1655.49
1648.79
1642.09
1635.4
1628.7
1622.01
1615.31
1608.62
1601.92
1595.22
1588.53
1581.83
1575.14
1568.44
1561.75
1555.05
1548.36
1541.66
1534.96
1528.27
1521.57
1514.88
1508.18
1501.49
1494.79
1488.09
1481.4
1474.7
1468.01
1461.31
1454.62
1447.92
1441.22
1434.53
1427.83
1421.14
1414.44
1407.75
1401.05
1394.35
1387.66
1380.96
1374.27
1367.57
1360.88
1354.18
1347.48
1340.79
1334.09
1327.4
1320.7
1314.01
1307.31
1300.62
1293.92
1287.22
1280.53
1273.83
1267.14
1260.44
1253.75
1247.05
1240.35
1233.66
1226.96
1220.27
1213.57
1206.88
1200.18
1193.48
1186.79
1180.09
1173.4
1166.7
1160.01
1153.31
1146.61
1139.92
1133.22
1126.53
1119.83
1113.14
1106.44
1099.74
1093.05
1086.35
1079.66
1072.96
1066.27
1059.57
1052.88
1046.18
1039.48
1032.79
1026.09
1019.4
1012.7
1006.01
999.31
992.614
985.919
979.223
972.527
965.832
959.136
952.44
945.745
939.049
932.353
925.658
918.962
912.266
905.571
898.875
892.179
885.484
878.788
872.092
865.397
858.701
852.005
845.31
838.614
831.918
825.223
818.527
811.831
805.136
798.44
791.744
785.049
778.353
771.657
764.962
758.266
751.57
744.875
738.179
731.483
724.788
718.092
711.396
704.701
698.005
691.309
684.614
677.918
671.222
664.527
657.831
651.135
644.44
637.744
631.048
624.353
617.657
610.961
604.266
597.57
590.874
584.179
577.483
570.787
564.092
557.396
550.7
544.005
537.309
530.613
523.918
517.222
510.526
503.831
497.135
490.439
483.744
2486.33
2436.62
2434.83
2423.14
2416.62
2408.84
2402.23
2395.59
2389.38
2383.34
2377.47
2371.75
2366.15
2360.64
2355.21
2349.84
2344.51
2339.19
2333.93
2328.68
2323.39
2318.06
2312.67
2307.21
2301.69
2296.05
2290.29
2284.38
2278.37
2272.24
2266.02
2259.72
2253.36
2246.95
2240.49
2233.99
2227.46
2220.9
2214.32
2207.73
2201.12
2194.5
2187.86
2181.22
2174.57
2167.91
2161.25
2154.58
2147.91
2141.24
2134.56
2127.88
2121.2
2114.51
2107.83
2101.14
2094.46
2087.77
2081.08
2074.39
2067.7
2061
2054.31
2047.62
2040.93
2034.23
2027.54
2020.84
2014.15
2007.46
2000.76
1994.07
1987.37
1980.68
1973.98
1967.29
1960.59
1953.9
1947.2
1940.5
1933.81
1927.11
1920.42
1913.72
1907.03
1900.33
1893.64
1886.94
1880.25
1873.55
1866.85
1860.16
1853.46
1846.77
1840.07
1833.38
1826.68
1819.98
1813.29
1806.59
1799.9
1793.2
1786.51
1779.81
1773.11
1766.42
1759.72
1753.03
1746.33
1739.64
1732.94
1726.25
1719.55
1712.85
1706.16
1699.46
1692.77
1686.07
1679.38
1672.68
1665.98
1659.29
1652.59
1645.9
1639.2
1632.51
1625.81
1619.11
1612.42
1605.72
1599.03
1592.33
1585.64
1578.94
1572.24
1565.55
1558.85
1552.16
1545.46
1538.77
1532.07
1525.37
1518.68
1511.98
1505.29
1498.59
1491.9
1485.2
1478.51
1471.81
1465.11
1458.42
1451.72
1445.03
1438.33
1431.64
1424.94
1418.24
1411.55
1404.85
1398.16
1391.46
1384.77
1378.07
1371.37
1364.68
1357.98
1351.29
1344.59
1337.9
1331.2
1324.5
1317.81
1311.11
1304.42
1297.72
1291.03
1284.33
1277.63
1270.94
1264.24
1257.55
1250.85
1244.16
1237.46
1230.77
1224.07
1217.37
1210.68
1203.98
1197.29
1190.59
1183.9
1177.2
1170.5
1163.81
1157.11
1150.42
1143.72
1137.03
1130.33
1123.63
1116.94
1110.24
1103.55
1096.85
1090.16
1083.46
1076.76
1070.07
1063.37
1056.68
1049.98
1043.29
1036.59
1029.89
1023.2
1016.5
1009.81
1003.11
996.417
989.721
983.025
976.33
969.634
962.938
956.243
949.547
942.851
936.156
929.46
922.764
916.069
909.373
902.677
895.982
889.286
882.59
875.895
869.199
862.503
855.808
849.112
842.416
835.721
829.025
822.329
815.634
808.938
802.242
795.547
788.851
782.155
775.46
768.764
762.068
755.373
748.677
741.981
735.286
728.59
721.894
715.199
708.503
701.807
695.112
688.416
681.72
675.025
668.329
661.633
654.938
648.242
641.546
634.851
628.155
621.459
614.764
608.068
601.372
594.677
587.981
581.285
574.59
567.894
561.198
554.503
547.807
541.111
534.416
527.72
521.024
514.329
507.633
500.937
494.242
487.546
480.85
474.155
467.459
2470.06
2420.35
2418.55
2406.85
2400.33
2392.55
2385.94
2379.3
2373.09
2367.05
2361.19
2355.46
2349.87
2344.35
2338.92
2333.55
2328.23
2322.9
2317.65
2312.4
2307.1
2301.77
2296.39
2290.93
2285.4
2279.76
2274.01
2268.1
2262.08
2255.95
2249.73
2243.44
2237.08
2230.66
2224.2
2217.7
2211.17
2204.62
2198.04
2191.45
2184.83
2178.21
2171.58
2164.93
2158.28
2151.63
2144.96
2138.3
2131.63
2124.95
2118.27
2111.6
2104.91
2098.23
2091.55
2084.86
2078.17
2071.48
2064.79
2058.1
2051.41
2044.72
2038.03
2031.33
2024.64
2017.95
2011.25
2004.56
1997.87
1991.17
1984.48
1977.78
1971.09
1964.39
1957.7
1951
1944.31
1937.61
1930.92
1924.22
1917.52
1910.83
1904.13
1897.44
1890.74
1884.05
1877.35
1870.66
1863.96
1857.26
1850.57
1843.87
1837.18
1830.48
1823.79
1817.09
1810.4
1803.7
1797
1790.31
1783.61
1776.92
1770.22
1763.53
1756.83
1750.13
1743.44
1736.74
1730.05
1723.35
1716.66
1709.96
1703.26
1696.57
1689.87
1683.18
1676.48
1669.79
1663.09
1656.4
1649.7
1643
1636.31
1629.61
1622.92
1616.22
1609.53
1602.83
1596.13
1589.44
1582.74
1576.05
1569.35
1562.66
1555.96
1549.26
1542.57
1535.87
1529.18
1522.48
1515.79
1509.09
1502.39
1495.7
1489
1482.31
1475.61
1468.92
1462.22
1455.52
1448.83
1442.13
1435.44
1428.74
1422.05
1415.35
1408.66
1401.96
1395.26
1388.57
1381.87
1375.18
1368.48
1361.79
1355.09
1348.39
1341.7
1335
1328.31
1321.61
1314.92
1308.22
1301.52
1294.83
1288.13
1281.44
1274.74
1268.05
1261.35
1254.65
1247.96
1241.26
1234.57
1227.87
1221.18
1214.48
1207.78
1201.09
1194.39
1187.7
1181
1174.31
1167.61
1160.92
1154.22
1147.52
1140.83
1134.13
1127.44
1120.74
1114.05
1107.35
1100.65
1093.96
1087.26
1080.57
1073.87
1067.18
1060.48
1053.78
1047.09
1040.39
1033.7
1027
1020.31
1013.61
1006.91
1000.22
993.523
986.828
980.132
973.436
966.741
960.045
953.349
946.654
939.958
933.262
926.567
919.871
913.175
906.48
899.784
893.088
886.393
879.697
873.001
866.306
859.61
852.914
846.219
839.523
832.827
826.132
819.436
812.74
806.045
799.349
792.653
785.958
779.262
772.566
765.871
759.175
752.479
745.784
739.088
732.392
725.697
719.001
712.305
705.61
698.914
692.218
685.523
678.827
672.131
665.436
658.74
652.044
645.349
638.653
631.957
625.262
618.566
611.87
605.175
598.479
591.783
585.088
578.392
571.696
565.001
558.305
551.609
544.914
538.218
531.522
524.827
518.131
511.435
504.74
498.044
491.348
484.653
477.957
471.261
464.566
457.87
451.174
)
;

boundaryField
{
    inlet
    {
        type            calculated;
        value           nonuniform List<scalar> 
18
(
2748.46
2732.04
2715.44
2698.78
2682.14
2665.6
2649.06
2632.51
2615.96
2599.44
2583.01
2566.66
2550.32
2533.99
2517.67
2501.38
2485.11
2468.84
)
;
    }
    outlet
    {
        type            calculated;
        value           nonuniform List<scalar> 
18
(
724.665
708.38
692.096
675.811
659.526
643.242
626.957
610.672
594.388
578.103
561.819
545.534
529.249
512.965
496.68
480.396
464.111
447.827
)
;
    }
    sideWall
    {
        type            empty;
    }
    bed
    {
        type            calculated;
        value           nonuniform List<scalar> 
300
(
2757.83
2703.45
2702.72
2691.8
2685.22
2677.46
2670.84
2664.2
2657.99
2651.94
2646.08
2640.35
2634.76
2629.25
2623.82
2618.45
2613.13
2607.81
2602.55
2597.31
2592.02
2586.69
2581.32
2575.87
2570.35
2564.72
2558.98
2553.07
2547.06
2540.93
2534.71
2528.42
2522.06
2515.64
2509.18
2502.68
2496.15
2489.6
2483.02
2476.42
2469.81
2463.19
2456.56
2449.91
2443.26
2436.61
2429.94
2423.28
2416.61
2409.93
2403.25
2396.58
2389.89
2383.21
2376.53
2369.84
2363.15
2356.46
2349.77
2343.08
2336.39
2329.7
2323.01
2316.31
2309.62
2302.93
2296.23
2289.54
2282.85
2276.15
2269.46
2262.76
2256.07
2249.37
2242.68
2235.98
2229.29
2222.59
2215.9
2209.2
2202.51
2195.81
2189.11
2182.42
2175.72
2169.03
2162.33
2155.64
2148.94
2142.25
2135.55
2128.85
2122.16
2115.46
2108.77
2102.07
2095.38
2088.68
2081.98
2075.29
2068.59
2061.9
2055.2
2048.51
2041.81
2035.11
2028.42
2021.72
2015.03
2008.33
2001.64
1994.94
1988.25
1981.55
1974.85
1968.16
1961.46
1954.77
1948.07
1941.38
1934.68
1927.98
1921.29
1914.59
1907.9
1901.2
1894.51
1887.81
1881.11
1874.42
1867.72
1861.03
1854.33
1847.64
1840.94
1834.24
1827.55
1820.85
1814.16
1807.46
1800.77
1794.07
1787.38
1780.68
1773.98
1767.29
1760.59
1753.9
1747.2
1740.51
1733.81
1727.11
1720.42
1713.72
1707.03
1700.33
1693.64
1686.94
1680.24
1673.55
1666.85
1660.16
1653.46
1646.77
1640.07
1633.37
1626.68
1619.98
1613.29
1606.59
1599.9
1593.2
1586.5
1579.81
1573.11
1566.42
1559.72
1553.03
1546.33
1539.64
1532.94
1526.24
1519.55
1512.85
1506.16
1499.46
1492.77
1486.07
1479.37
1472.68
1465.98
1459.29
1452.59
1445.9
1439.2
1432.5
1425.81
1419.11
1412.42
1405.72
1399.03
1392.33
1385.63
1378.94
1372.24
1365.55
1358.85
1352.16
1345.46
1338.76
1332.07
1325.37
1318.68
1311.98
1305.29
1298.59
1291.9
1285.2
1278.5
1271.81
1265.11
1258.42
1251.72
1245.03
1238.33
1231.63
1224.94
1218.24
1211.55
1204.85
1198.16
1191.46
1184.76
1178.07
1171.37
1164.68
1157.98
1151.29
1144.59
1137.89
1131.2
1124.5
1117.81
1111.11
1104.42
1097.72
1091.03
1084.33
1077.63
1070.94
1064.24
1057.55
1050.85
1044.16
1037.46
1030.76
1024.07
1017.37
1010.68
1003.98
997.286
990.59
983.895
977.199
970.503
963.808
957.112
950.416
943.721
937.025
930.329
923.634
916.938
910.242
903.547
896.851
890.155
883.46
876.764
870.068
863.373
856.677
849.981
843.286
836.59
829.894
823.199
816.503
809.807
803.112
796.416
789.72
783.025
776.329
769.633
762.938
756.242
749.546
742.851
736.154
)
;
    }
    topWall
    {
        type            calculated;
        value           nonuniform List<scalar> 
300
(
2461.92
2412.21
2410.41
2398.71
2392.18
2384.4
2377.8
2371.16
2364.95
2358.91
2353.04
2347.32
2341.72
2336.21
2330.78
2325.41
2320.08
2314.76
2309.5
2304.26
2298.96
2293.63
2288.25
2282.79
2277.26
2271.62
2265.86
2259.96
2253.94
2247.81
2241.59
2235.29
2228.93
2222.52
2216.06
2209.56
2203.03
2196.48
2189.9
2183.3
2176.69
2170.07
2163.44
2156.79
2150.14
2143.48
2136.82
2130.15
2123.48
2116.81
2110.13
2103.45
2096.77
2090.09
2083.4
2076.72
2070.03
2063.34
2056.65
2049.96
2043.27
2036.58
2029.88
2023.19
2016.5
2009.81
2003.11
1996.42
1989.72
1983.03
1976.33
1969.64
1962.94
1956.25
1949.55
1942.86
1936.16
1929.47
1922.77
1916.08
1909.38
1902.69
1895.99
1889.3
1882.6
1875.9
1869.21
1862.51
1855.82
1849.12
1842.43
1835.73
1829.04
1822.34
1815.64
1808.95
1802.25
1795.56
1788.86
1782.17
1775.47
1768.77
1762.08
1755.38
1748.69
1741.99
1735.3
1728.6
1721.91
1715.21
1708.51
1701.82
1695.12
1688.43
1681.73
1675.04
1668.34
1661.64
1654.95
1648.25
1641.56
1634.86
1628.17
1621.47
1614.77
1608.08
1601.38
1594.69
1587.99
1581.3
1574.6
1567.9
1561.21
1554.51
1547.82
1541.12
1534.43
1527.73
1521.03
1514.34
1507.64
1500.95
1494.25
1487.56
1480.86
1474.17
1467.47
1460.77
1454.08
1447.38
1440.69
1433.99
1427.3
1420.6
1413.9
1407.21
1400.51
1393.82
1387.12
1380.43
1373.73
1367.03
1360.34
1353.64
1346.95
1340.25
1333.56
1326.86
1320.16
1313.47
1306.77
1300.08
1293.38
1286.69
1279.99
1273.29
1266.6
1259.9
1253.21
1246.51
1239.82
1233.12
1226.43
1219.73
1213.03
1206.34
1199.64
1192.95
1186.25
1179.56
1172.86
1166.16
1159.47
1152.77
1146.08
1139.38
1132.69
1125.99
1119.29
1112.6
1105.9
1099.21
1092.51
1085.82
1079.12
1072.42
1065.73
1059.03
1052.34
1045.64
1038.95
1032.25
1025.56
1018.86
1012.16
1005.47
998.772
992.077
985.381
978.685
971.99
965.294
958.598
951.903
945.207
938.511
931.816
925.12
918.424
911.729
905.033
898.337
891.642
884.946
878.25
871.555
864.859
858.163
851.468
844.772
838.076
831.381
824.685
817.989
811.294
804.598
797.902
791.207
784.511
777.815
771.12
764.424
757.728
751.033
744.337
737.641
730.946
724.25
717.554
710.859
704.163
697.467
690.772
684.076
677.38
670.685
663.989
657.293
650.598
643.902
637.206
630.511
623.815
617.119
610.424
603.728
597.032
590.337
583.641
576.945
570.25
563.554
556.858
550.163
543.467
536.771
530.076
523.38
516.684
509.989
503.293
496.597
489.902
483.206
476.51
469.815
463.119
456.423
449.728
443.032
)
;
    }
}


// ************************************************************************* //
