/*--------------------------------*- C++ -*----------------------------------*\
| =========                 |                                                 |
| \\      /  F ield         | foam-extend: Open Source CFD                    |
|  \\    /   O peration     | Version:     3.2                                |
|   \\  /    A nd           | Web:         http://www.foam-extend.org         |
|    \\/     M anipulation  | For copyright notice see file Copyright         |
\*---------------------------------------------------------------------------*/
FoamFile
{
    version     2.0;
    format      ascii;
    class       volScalarField;
    location    "50";
    object      DiSS;
}
// * * * * * * * * * * * * * * * * * * * * * * * * * * * * * * * * * * * * * //

dimensions      [0 2 -1 0 0 0 0];

internalField   nonuniform List<scalar> 
5400
(
3.26128e-05
2.61441e-05
2.25492e-05
2.25963e-05
2.22401e-05
2.22469e-05
2.20758e-05
2.20693e-05
2.20072e-05
2.20313e-05
2.20362e-05
2.20768e-05
2.21165e-05
2.21802e-05
2.22395e-05
2.23147e-05
2.23908e-05
2.24758e-05
2.25599e-05
2.26523e-05
2.27488e-05
2.28481e-05
2.29496e-05
2.30523e-05
2.3156e-05
2.32599e-05
2.33559e-05
2.34393e-05
2.35096e-05
2.35683e-05
2.36173e-05
2.36579e-05
2.36918e-05
2.37197e-05
2.37432e-05
2.37624e-05
2.37788e-05
2.3792e-05
2.38037e-05
2.38127e-05
2.38213e-05
2.38274e-05
2.38341e-05
2.38381e-05
2.38434e-05
2.38458e-05
2.38504e-05
2.38516e-05
2.38565e-05
2.38545e-05
2.38627e-05
2.38535e-05
2.38713e-05
2.38455e-05
2.38893e-05
2.38207e-05
2.39337e-05
2.37648e-05
2.40936e-05
2.33911e-05
2.05153e-05
2.02311e-05
2.03408e-05
2.02866e-05
2.04247e-05
2.03907e-05
2.05001e-05
2.04746e-05
2.05372e-05
2.05159e-05
2.05374e-05
2.05593e-05
2.05354e-05
2.05044e-05
2.05399e-05
2.05377e-05
2.05155e-05
2.05347e-05
2.05367e-05
2.05017e-05
2.05114e-05
2.05166e-05
2.04968e-05
2.05068e-05
2.05112e-05
2.04912e-05
2.04993e-05
2.05022e-05
2.04853e-05
2.04932e-05
2.04967e-05
2.04812e-05
2.04903e-05
2.04929e-05
2.048e-05
2.04888e-05
2.04905e-05
2.04814e-05
2.04863e-05
2.04922e-05
2.04828e-05
2.04846e-05
2.04922e-05
2.0486e-05
2.04833e-05
2.04917e-05
2.04905e-05
2.04845e-05
2.04884e-05
2.04937e-05
2.0489e-05
2.04857e-05
2.04912e-05
2.04943e-05
2.04899e-05
2.04878e-05
2.04921e-05
2.04945e-05
2.04933e-05
2.04918e-05
2.04923e-05
2.04945e-05
2.04957e-05
2.04966e-05
2.04972e-05
2.04977e-05
2.0498e-05
2.04983e-05
2.04987e-05
2.04989e-05
2.04989e-05
2.04992e-05
2.04995e-05
2.04999e-05
2.05001e-05
2.05004e-05
2.05008e-05
2.05012e-05
2.05017e-05
2.05019e-05
2.05022e-05
2.05027e-05
2.05026e-05
2.05042e-05
2.05025e-05
2.05042e-05
2.05056e-05
2.05013e-05
2.05085e-05
2.05062e-05
2.05012e-05
2.05105e-05
2.0507e-05
2.05009e-05
2.05143e-05
2.05085e-05
2.04981e-05
2.05173e-05
2.05125e-05
2.04966e-05
2.05176e-05
2.05168e-05
2.04987e-05
2.0516e-05
2.05171e-05
2.05039e-05
2.05172e-05
2.0515e-05
2.0506e-05
2.05192e-05
2.05212e-05
2.05078e-05
2.05159e-05
2.05235e-05
2.05142e-05
2.05173e-05
2.05273e-05
2.05211e-05
2.05151e-05
2.05256e-05
2.05274e-05
2.05173e-05
2.052e-05
2.05283e-05
2.05254e-05
2.05205e-05
2.05245e-05
2.05275e-05
2.05269e-05
2.05241e-05
2.05265e-05
2.05272e-05
2.05254e-05
2.05304e-05
2.05252e-05
2.05248e-05
2.0531e-05
2.05243e-05
2.0525e-05
2.05342e-05
2.05244e-05
2.05255e-05
2.05394e-05
2.05269e-05
2.05246e-05
2.05417e-05
2.05311e-05
2.05235e-05
2.05412e-05
2.05355e-05
2.05278e-05
2.05399e-05
2.05343e-05
2.05314e-05
2.05442e-05
2.05349e-05
2.05289e-05
2.05443e-05
2.0538e-05
2.05322e-05
2.05441e-05
2.05364e-05
2.05303e-05
2.05447e-05
2.05384e-05
2.05325e-05
2.05466e-05
2.05405e-05
2.05342e-05
2.05482e-05
2.05423e-05
2.05357e-05
2.05498e-05
2.0544e-05
2.05372e-05
2.05514e-05
2.05457e-05
2.05386e-05
2.05528e-05
2.05474e-05
2.05401e-05
2.05542e-05
2.0549e-05
2.05414e-05
2.05556e-05
2.05504e-05
2.05427e-05
2.05568e-05
2.05519e-05
2.05439e-05
2.0558e-05
2.05532e-05
2.0545e-05
2.05591e-05
2.05542e-05
2.05465e-05
2.05592e-05
2.05566e-05
2.05455e-05
2.05618e-05
2.05564e-05
2.05484e-05
2.05622e-05
2.05542e-05
2.05539e-05
2.0554e-05
2.05701e-05
2.05391e-05
2.05664e-05
2.05544e-05
2.05577e-05
2.05621e-05
2.05463e-05
2.05705e-05
2.05468e-05
2.05744e-05
2.05365e-05
2.05726e-05
2.05508e-05
2.05709e-05
2.05464e-05
2.05622e-05
2.05568e-05
2.05649e-05
2.05543e-05
2.05613e-05
2.05565e-05
2.05544e-05
2.05561e-05
2.05549e-05
2.05527e-05
2.05629e-05
2.05354e-05
2.05663e-05
2.06277e-05
2.28271e-05
2.54996e-05
2.46331e-05
2.3637e-05
2.38234e-05
3.11621e-05
4.10922e-05
4.45874e-05
4.7216e-05
4.88857e-05
4.97143e-05
5.03327e-05
5.07058e-05
5.1095e-05
5.13971e-05
5.17005e-05
5.19951e-05
5.22843e-05
5.25857e-05
5.28747e-05
5.31644e-05
5.34567e-05
5.37472e-05
5.40413e-05
5.43332e-05
5.46216e-05
5.49066e-05
5.51856e-05
5.54573e-05
5.57185e-05
5.59566e-05
5.61578e-05
5.63178e-05
5.6442e-05
5.65384e-05
5.66131e-05
5.66718e-05
5.67177e-05
5.67543e-05
5.67831e-05
5.68068e-05
5.68254e-05
5.68414e-05
5.68538e-05
5.68653e-05
5.68738e-05
5.68824e-05
5.68883e-05
5.68951e-05
5.68991e-05
5.69043e-05
5.69077e-05
5.69113e-05
5.69149e-05
5.69158e-05
5.69218e-05
5.69169e-05
5.69284e-05
5.69128e-05
5.69396e-05
5.68965e-05
5.69644e-05
5.68644e-05
5.69462e-05
5.53173e-05
5.43044e-05
5.31886e-05
5.20922e-05
5.13627e-05
5.07038e-05
5.03405e-05
5.00088e-05
4.98031e-05
4.96323e-05
4.94968e-05
4.93989e-05
4.93356e-05
4.92501e-05
4.92036e-05
4.91478e-05
4.91103e-05
4.90895e-05
4.90729e-05
4.90455e-05
4.90249e-05
4.9023e-05
4.90097e-05
4.89919e-05
4.89935e-05
4.89892e-05
4.89777e-05
4.8985e-05
4.8983e-05
4.89726e-05
4.89792e-05
4.8978e-05
4.89696e-05
4.89759e-05
4.89743e-05
4.89688e-05
4.89745e-05
4.89731e-05
4.897e-05
4.89732e-05
4.89747e-05
4.89709e-05
4.8974e-05
4.89763e-05
4.89736e-05
4.89747e-05
4.89779e-05
4.89769e-05
4.89771e-05
4.89785e-05
4.89793e-05
4.89796e-05
4.89812e-05
4.8982e-05
4.89814e-05
4.89827e-05
4.89845e-05
4.89853e-05
4.89846e-05
4.89863e-05
4.89881e-05
4.89889e-05
4.89891e-05
4.89903e-05
4.89922e-05
4.89942e-05
4.89958e-05
4.89973e-05
4.89985e-05
4.9e-05
4.90012e-05
4.90014e-05
4.9002e-05
4.90028e-05
4.90036e-05
4.90041e-05
4.90048e-05
4.90055e-05
4.90064e-05
4.90072e-05
4.9008e-05
4.90083e-05
4.90086e-05
4.90092e-05
4.90108e-05
4.90112e-05
4.90129e-05
4.9014e-05
4.90124e-05
4.90171e-05
4.9016e-05
4.90141e-05
4.90208e-05
4.90185e-05
4.90159e-05
4.90246e-05
4.90213e-05
4.90172e-05
4.90291e-05
4.90245e-05
4.90211e-05
4.90313e-05
4.90274e-05
4.90234e-05
4.90327e-05
4.90298e-05
4.9026e-05
4.9036e-05
4.90325e-05
4.90321e-05
4.90379e-05
4.90389e-05
4.90354e-05
4.904e-05
4.90432e-05
4.90398e-05
4.90439e-05
4.90478e-05
4.90482e-05
4.90496e-05
4.90542e-05
4.9054e-05
4.90523e-05
4.90555e-05
4.90569e-05
4.90568e-05
4.90579e-05
4.90601e-05
4.90594e-05
4.90605e-05
4.90617e-05
4.90631e-05
4.90632e-05
4.9063e-05
4.90651e-05
4.90639e-05
4.9065e-05
4.90672e-05
4.90624e-05
4.90645e-05
4.90681e-05
4.9063e-05
4.90663e-05
4.90714e-05
4.9066e-05
4.90686e-05
4.90746e-05
4.90705e-05
4.90685e-05
4.90798e-05
4.90748e-05
4.90725e-05
4.90812e-05
4.90767e-05
4.90776e-05
4.90825e-05
4.90796e-05
4.90774e-05
4.90864e-05
4.90815e-05
4.90802e-05
4.9086e-05
4.90826e-05
4.90794e-05
4.90876e-05
4.90823e-05
4.90798e-05
4.90887e-05
4.90845e-05
4.9082e-05
4.90912e-05
4.90871e-05
4.90846e-05
4.90938e-05
4.90898e-05
4.90871e-05
4.90963e-05
4.90923e-05
4.90894e-05
4.90987e-05
4.90946e-05
4.90916e-05
4.91009e-05
4.90969e-05
4.90938e-05
4.9103e-05
4.9099e-05
4.90958e-05
4.91049e-05
4.91009e-05
4.90976e-05
4.91067e-05
4.91027e-05
4.90992e-05
4.91084e-05
4.91043e-05
4.91014e-05
4.91096e-05
4.91062e-05
4.91017e-05
4.91113e-05
4.91065e-05
4.91045e-05
4.91127e-05
4.91063e-05
4.91092e-05
4.91094e-05
4.91148e-05
4.91008e-05
4.91137e-05
4.91067e-05
4.91128e-05
4.91106e-05
4.9106e-05
4.91166e-05
4.91046e-05
4.91179e-05
4.91003e-05
4.91175e-05
4.91115e-05
4.91103e-05
4.91068e-05
4.91133e-05
4.91091e-05
4.91114e-05
4.91096e-05
4.91144e-05
4.91075e-05
4.91127e-05
4.91079e-05
4.91095e-05
4.9107e-05
4.91094e-05
4.90992e-05
4.91255e-05
4.97704e-05
5.10838e-05
5.2599e-05
5.31208e-05
5.43153e-05
5.51747e-05
2.85797e-05
4.46667e-05
5.2355e-05
6.08744e-05
6.74807e-05
7.07933e-05
7.29723e-05
7.47305e-05
7.60663e-05
7.72628e-05
7.82287e-05
7.91367e-05
7.99589e-05
8.07171e-05
8.14439e-05
8.21207e-05
8.27747e-05
8.34076e-05
8.40187e-05
8.46082e-05
8.5175e-05
8.5718e-05
8.62355e-05
8.67228e-05
8.71802e-05
8.7571e-05
8.78632e-05
8.807e-05
8.82156e-05
8.83169e-05
8.83883e-05
8.84373e-05
8.84719e-05
8.84951e-05
8.85121e-05
8.85233e-05
8.85324e-05
8.85384e-05
8.85441e-05
8.8548e-05
8.85523e-05
8.85552e-05
8.85592e-05
8.85615e-05
8.85652e-05
8.85666e-05
8.85701e-05
8.85719e-05
8.85744e-05
8.85765e-05
8.85765e-05
8.85788e-05
8.85783e-05
8.85801e-05
8.85774e-05
8.85799e-05
8.85743e-05
8.86321e-05
8.84424e-05
8.47706e-05
8.48128e-05
8.4873e-05
8.38792e-05
8.27961e-05
8.14762e-05
8.06609e-05
7.97526e-05
7.91644e-05
7.86055e-05
7.81985e-05
7.7873e-05
7.76062e-05
7.736e-05
7.72346e-05
7.70598e-05
7.69334e-05
7.68647e-05
7.67942e-05
7.67108e-05
7.66957e-05
7.66708e-05
7.66263e-05
7.66208e-05
7.6611e-05
7.65826e-05
7.65903e-05
7.65917e-05
7.65749e-05
7.65823e-05
7.65863e-05
7.65724e-05
7.65807e-05
7.65847e-05
7.65721e-05
7.65817e-05
7.65842e-05
7.65753e-05
7.65827e-05
7.65869e-05
7.65781e-05
7.65832e-05
7.6591e-05
7.65836e-05
7.65838e-05
7.65936e-05
7.65903e-05
7.65859e-05
7.65936e-05
7.65961e-05
7.65906e-05
7.65915e-05
7.66008e-05
7.65996e-05
7.65949e-05
7.65974e-05
7.66045e-05
7.66033e-05
7.66027e-05
7.66037e-05
7.66065e-05
7.66091e-05
7.66099e-05
7.6611e-05
7.66131e-05
7.66156e-05
7.66179e-05
7.662e-05
7.66218e-05
7.66233e-05
7.66247e-05
7.66263e-05
7.66277e-05
7.66289e-05
7.66301e-05
7.66315e-05
7.66327e-05
7.66339e-05
7.66352e-05
7.66362e-05
7.66373e-05
7.66384e-05
7.66388e-05
7.66402e-05
7.66408e-05
7.66435e-05
7.66467e-05
7.66443e-05
7.66502e-05
7.66496e-05
7.66462e-05
7.66553e-05
7.66536e-05
7.66501e-05
7.66612e-05
7.66574e-05
7.66505e-05
7.66685e-05
7.66635e-05
7.66517e-05
7.66749e-05
7.6671e-05
7.66544e-05
7.66754e-05
7.66756e-05
7.66621e-05
7.66767e-05
7.66767e-05
7.66689e-05
7.66851e-05
7.66829e-05
7.66734e-05
7.66863e-05
7.66918e-05
7.66823e-05
7.66897e-05
7.66982e-05
7.66921e-05
7.6692e-05
7.6708e-05
7.67067e-05
7.66982e-05
7.67069e-05
7.6714e-05
7.67089e-05
7.67068e-05
7.6715e-05
7.6716e-05
7.67148e-05
7.67145e-05
7.6719e-05
7.6721e-05
7.67189e-05
7.67229e-05
7.67194e-05
7.67198e-05
7.67266e-05
7.67206e-05
7.67216e-05
7.67284e-05
7.67196e-05
7.67218e-05
7.67339e-05
7.67212e-05
7.67219e-05
7.67386e-05
7.67278e-05
7.67235e-05
7.67415e-05
7.67361e-05
7.67295e-05
7.67417e-05
7.67389e-05
7.67354e-05
7.67474e-05
7.67389e-05
7.67366e-05
7.67511e-05
7.67448e-05
7.6739e-05
7.67506e-05
7.67439e-05
7.67399e-05
7.67524e-05
7.67459e-05
7.67398e-05
7.67518e-05
7.67466e-05
7.67413e-05
7.67538e-05
7.67491e-05
7.67439e-05
7.67565e-05
7.6752e-05
7.67466e-05
7.67593e-05
7.67548e-05
7.67492e-05
7.67619e-05
7.67575e-05
7.67516e-05
7.67643e-05
7.67599e-05
7.67539e-05
7.67665e-05
7.67622e-05
7.6756e-05
7.67686e-05
7.67644e-05
7.67579e-05
7.67705e-05
7.67663e-05
7.67596e-05
7.67722e-05
7.6768e-05
7.67614e-05
7.67739e-05
7.67704e-05
7.67621e-05
7.67758e-05
7.67711e-05
7.67623e-05
7.67768e-05
7.67711e-05
7.67696e-05
7.67743e-05
7.67792e-05
7.67648e-05
7.67805e-05
7.67781e-05
7.67612e-05
7.6787e-05
7.67604e-05
7.67872e-05
7.67696e-05
7.67798e-05
7.67687e-05
7.67862e-05
7.67785e-05
7.67739e-05
7.67779e-05
7.67661e-05
7.67942e-05
7.67663e-05
7.67908e-05
7.67646e-05
7.67924e-05
7.6759e-05
7.67911e-05
7.67625e-05
7.67853e-05
7.67662e-05
7.67693e-05
7.67719e-05
7.68014e-05
7.83702e-05
7.99178e-05
8.13031e-05
8.09106e-05
8.24392e-05
8.43906e-05
2.73173e-05
3.89744e-05
4.90646e-05
6.16772e-05
7.25318e-05
8.0372e-05
8.66797e-05
9.06186e-05
9.37538e-05
9.64471e-05
9.86623e-05
0.00010063
0.000102363
0.00010394
0.000105387
0.000106704
0.000107944
0.000109109
0.00011021
0.000111248
0.000112224
0.000113139
0.000113991
0.000114774
0.000115485
0.000116066
0.000116477
0.000116752
0.000116929
0.000117038
0.000117102
0.000117135
0.000117149
0.00011715
0.000117145
0.000117135
0.000117125
0.000117115
0.000117107
0.000117099
0.000117093
0.000117088
0.000117085
0.000117083
0.000117081
0.00011708
0.00011708
0.00011708
0.00011708
0.000117081
0.000117079
0.000117082
0.000117079
0.000117084
0.000117075
0.000117088
0.000117065
0.000117167
0.000116788
0.000111585
0.000110394
0.000112973
0.000112879
0.000111958
0.000110516
0.000109425
0.000108092
0.000107127
0.000106166
0.000105436
0.000104823
0.000104287
0.000103814
0.000103539
0.000103223
0.000102971
0.000102807
0.000102655
0.000102505
0.000102444
0.00010239
0.000102316
0.000102291
0.000102267
0.000102223
0.000102223
0.000102223
0.000102199
0.000102206
0.000102214
0.000102196
0.000102206
0.000102215
0.000102199
0.000102211
0.000102218
0.000102206
0.000102216
0.000102224
0.000102213
0.000102218
0.00010223
0.000102221
0.00010222
0.000102233
0.000102231
0.000102223
0.000102233
0.000102238
0.000102231
0.00010223
0.000102244
0.000102244
0.000102236
0.000102238
0.000102249
0.000102249
0.000102246
0.000102246
0.00010225
0.000102255
0.000102256
0.000102257
0.000102259
0.000102261
0.000102264
0.000102266
0.000102269
0.000102271
0.000102273
0.000102275
0.000102277
0.000102279
0.000102281
0.000102283
0.000102284
0.000102286
0.000102288
0.000102289
0.000102291
0.000102292
0.000102292
0.000102294
0.000102295
0.000102299
0.000102303
0.000102299
0.000102307
0.000102307
0.000102301
0.000102313
0.000102312
0.000102307
0.000102321
0.000102317
0.000102307
0.000102329
0.000102326
0.000102308
0.000102336
0.000102337
0.000102312
0.000102337
0.000102341
0.000102323
0.000102339
0.000102342
0.000102331
0.000102351
0.00010235
0.000102337
0.000102352
0.00010236
0.000102349
0.000102356
0.000102368
0.000102359
0.000102357
0.000102377
0.000102378
0.000102367
0.000102377
0.000102388
0.000102382
0.000102377
0.000102388
0.000102391
0.000102389
0.000102387
0.000102393
0.000102396
0.000102394
0.000102399
0.000102394
0.000102394
0.000102404
0.000102397
0.000102397
0.000102407
0.000102396
0.000102397
0.000102413
0.000102397
0.000102394
0.000102417
0.000102404
0.000102395
0.000102419
0.000102415
0.000102404
0.000102419
0.000102417
0.000102411
0.000102427
0.000102416
0.000102411
0.00010243
0.000102424
0.000102414
0.000102429
0.000102421
0.000102415
0.000102431
0.000102425
0.000102415
0.00010243
0.000102424
0.000102415
0.000102431
0.000102426
0.000102417
0.000102433
0.000102429
0.00010242
0.000102436
0.000102431
0.000102422
0.000102438
0.000102434
0.000102424
0.00010244
0.000102436
0.000102426
0.000102442
0.000102438
0.000102428
0.000102444
0.00010244
0.00010243
0.000102446
0.000102442
0.000102432
0.000102447
0.000102444
0.000102434
0.000102449
0.000102447
0.000102434
0.00010245
0.000102447
0.000102434
0.000102453
0.000102447
0.000102443
0.000102449
0.000102457
0.000102438
0.000102454
0.000102455
0.000102434
0.000102464
0.000102431
0.000102465
0.000102444
0.000102456
0.000102443
0.000102461
0.000102457
0.000102452
0.000102446
0.000102442
0.000102473
0.000102445
0.000102464
0.000102439
0.00010247
0.000102431
0.00010247
0.000102437
0.000102463
0.000102445
0.000102446
0.000102449
0.000102459
0.000104777
0.000107181
0.000107224
0.000105242
0.000104736
0.000109267
2.88107e-05
3.3669e-05
4.58266e-05
5.7316e-05
6.71615e-05
7.85126e-05
8.85727e-05
9.6452e-05
0.0001031
0.000108539
0.000112484
0.000115913
0.000118923
0.000121641
0.000124087
0.000126298
0.000128348
0.000130244
0.000132013
0.000133659
0.000135185
0.000136597
0.000137893
0.000139067
0.000140112
0.000140952
0.00014155
0.000141956
0.000142222
0.00014239
0.00014249
0.000142543
0.000142566
0.000142571
0.000142565
0.000142554
0.000142541
0.000142528
0.000142516
0.000142507
0.000142498
0.000142493
0.000142489
0.000142487
0.000142485
0.000142484
0.000142484
0.000142485
0.000142485
0.000142487
0.000142486
0.000142492
0.000142488
0.000142497
0.000142485
0.000142505
0.000142474
0.000142603
0.000142056
0.000135834
0.000131399
0.000137469
0.000138353
0.000137887
0.000136748
0.000135613
0.000134109
0.000132894
0.000131622
0.000130608
0.000129718
0.000128911
0.000128197
0.000127735
0.000127266
0.000126868
0.000126584
0.000126333
0.000126104
0.000125975
0.000125873
0.000125761
0.000125704
0.000125658
0.000125594
0.000125579
0.000125571
0.000125539
0.000125541
0.000125549
0.000125528
0.000125538
0.000125549
0.000125532
0.000125545
0.000125555
0.000125543
0.000125553
0.000125563
0.000125554
0.000125557
0.000125572
0.000125564
0.000125561
0.000125575
0.000125575
0.000125567
0.000125577
0.000125584
0.000125577
0.000125575
0.000125589
0.000125592
0.000125584
0.000125584
0.000125596
0.000125598
0.000125595
0.000125593
0.000125598
0.000125605
0.000125607
0.000125608
0.000125609
0.000125611
0.000125613
0.000125616
0.000125619
0.000125621
0.000125624
0.000125627
0.000125629
0.000125632
0.000125634
0.000125636
0.000125638
0.00012564
0.000125642
0.000125644
0.000125646
0.000125648
0.000125648
0.00012565
0.000125652
0.000125656
0.00012566
0.000125657
0.000125664
0.000125665
0.000125659
0.000125672
0.000125672
0.000125665
0.000125681
0.000125678
0.000125665
0.00012569
0.00012569
0.000125667
0.000125696
0.000125701
0.000125673
0.000125697
0.000125706
0.000125686
0.000125702
0.000125707
0.000125694
0.000125714
0.000125716
0.000125701
0.000125715
0.000125727
0.000125715
0.000125722
0.000125735
0.000125726
0.000125721
0.000125743
0.000125747
0.000125736
0.000125744
0.000125758
0.000125752
0.000125745
0.000125756
0.000125763
0.00012576
0.000125757
0.000125763
0.000125767
0.000125765
0.000125771
0.000125766
0.000125765
0.000125776
0.000125769
0.000125769
0.00012578
0.000125769
0.000125768
0.000125786
0.00012577
0.000125763
0.000125789
0.000125777
0.000125764
0.000125789
0.000125788
0.000125773
0.000125789
0.000125789
0.000125781
0.000125799
0.000125788
0.000125779
0.0001258
0.000125796
0.000125783
0.000125799
0.000125792
0.000125783
0.000125801
0.000125796
0.000125783
0.0001258
0.000125795
0.000125782
0.000125799
0.000125795
0.000125783
0.0001258
0.000125797
0.000125785
0.000125802
0.000125799
0.000125786
0.000125804
0.000125801
0.000125788
0.000125805
0.000125803
0.00012579
0.000125807
0.000125804
0.000125791
0.000125808
0.000125806
0.000125793
0.00012581
0.000125808
0.000125794
0.000125811
0.000125809
0.000125796
0.000125812
0.000125811
0.000125796
0.000125813
0.000125813
0.000125796
0.000125817
0.000125812
0.000125805
0.000125812
0.000125822
0.000125801
0.000125814
0.000125821
0.000125797
0.000125829
0.000125794
0.000125831
0.000125809
0.000125821
0.000125807
0.000125823
0.000125826
0.000125817
0.000125807
0.000125804
0.000125839
0.000125813
0.000125826
0.000125803
0.000125836
0.000125795
0.000125835
0.000125802
0.000125829
0.000125814
0.000125813
0.000125816
0.000125802
0.000127729
0.000132009
0.000130793
0.000127888
0.000125289
0.000128717
3.58154e-05
3.18752e-05
3.92906e-05
5.15017e-05
5.88234e-05
7.08243e-05
8.22016e-05
9.27414e-05
0.000102401
0.000110578
0.000117737
0.000123652
0.000129086
0.000133552
0.00013724
0.000140576
0.000143642
0.000146468
0.000149084
0.000151496
0.000153716
0.000155756
0.000157612
0.000159285
0.000160766
0.000161971
0.000162863
0.000163504
0.000163957
0.00016427
0.000164484
0.000164627
0.000164722
0.000164784
0.000164825
0.000164851
0.00016487
0.000164883
0.000164894
0.000164905
0.000164913
0.000164924
0.000164932
0.000164942
0.00016495
0.000164959
0.000164966
0.000164975
0.000164981
0.000164989
0.000164993
0.000165003
0.000165003
0.000165019
0.000165008
0.000165035
0.000164999
0.000165146
0.00016445
0.000157666
0.000150837
0.000158391
0.000160595
0.000160661
0.000159993
0.000158979
0.000157529
0.000156214
0.000154766
0.000153555
0.000152443
0.000151404
0.000150476
0.000149827
0.000149203
0.000148659
0.000148246
0.000147889
0.000147573
0.000147364
0.000147201
0.000147044
0.000146947
0.000146869
0.000146782
0.000146746
0.000146724
0.000146681
0.000146675
0.000146679
0.000146654
0.00014666
0.000146672
0.000146655
0.000146667
0.000146678
0.000146667
0.000146677
0.000146689
0.000146681
0.000146684
0.0001467
0.000146694
0.00014669
0.000146704
0.000146706
0.000146697
0.000146707
0.000146716
0.00014671
0.000146707
0.000146721
0.000146726
0.000146719
0.000146717
0.00014673
0.000146734
0.000146731
0.000146728
0.000146733
0.000146741
0.000146743
0.000146745
0.000146746
0.000146747
0.00014675
0.000146752
0.000146755
0.000146758
0.000146761
0.000146764
0.000146767
0.00014677
0.000146773
0.000146775
0.000146778
0.00014678
0.000146783
0.000146784
0.000146787
0.000146789
0.000146789
0.000146792
0.000146794
0.000146798
0.000146802
0.000146799
0.000146807
0.000146809
0.000146801
0.000146815
0.000146816
0.000146808
0.000146825
0.000146823
0.000146809
0.000146834
0.000146836
0.000146811
0.000146839
0.000146847
0.000146819
0.000146841
0.000146852
0.000146833
0.000146847
0.000146855
0.000146841
0.00014686
0.000146864
0.000146849
0.000146861
0.000146874
0.000146864
0.000146869
0.000146883
0.000146876
0.000146868
0.00014689
0.000146896
0.000146885
0.000146892
0.000146908
0.000146903
0.000146895
0.000146905
0.000146914
0.000146911
0.000146908
0.000146914
0.000146918
0.000146916
0.000146921
0.000146917
0.000146915
0.000146927
0.00014692
0.000146919
0.000146931
0.00014692
0.000146918
0.000146937
0.000146921
0.000146912
0.000146939
0.000146928
0.000146912
0.000146937
0.000146937
0.000146921
0.000146936
0.000146937
0.000146929
0.000146947
0.000146937
0.000146926
0.000146947
0.000146944
0.000146929
0.000146945
0.000146939
0.000146928
0.000146947
0.000146943
0.000146928
0.000146945
0.000146941
0.000146926
0.000146943
0.00014694
0.000146926
0.000146943
0.00014694
0.000146926
0.000146943
0.000146941
0.000146927
0.000146944
0.000146942
0.000146928
0.000146945
0.000146943
0.000146929
0.000146945
0.000146944
0.00014693
0.000146946
0.000146945
0.000146931
0.000146947
0.000146946
0.000146932
0.000146948
0.000146948
0.000146933
0.000146949
0.000146949
0.000146933
0.000146949
0.000146951
0.000146933
0.000146953
0.00014695
0.000146942
0.000146949
0.00014696
0.000146938
0.000146948
0.000146959
0.000146934
0.000146966
0.000146931
0.000146968
0.000146947
0.000146959
0.000146945
0.000146958
0.000146967
0.000146955
0.000146944
0.00014694
0.000146978
0.000146955
0.000146962
0.000146942
0.000146975
0.000146934
0.000146972
0.000146941
0.000146967
0.000146955
0.000146953
0.000146957
0.000146921
0.000145716
0.000154195
0.000152081
0.000148809
0.000146516
0.000146432
5.17534e-05
3.49713e-05
3.50189e-05
4.26135e-05
5.38011e-05
6.35263e-05
7.25082e-05
8.36176e-05
9.48577e-05
0.000105014
0.000114714
0.000122992
0.000130697
0.000137278
0.0001432
0.000148273
0.000152944
0.000157412
0.000161308
0.000164635
0.000167686
0.000170481
0.000173017
0.000175304
0.000177356
0.000179081
0.000180409
0.000181418
0.000182179
0.000182753
0.000183185
0.000183513
0.000183764
0.000183957
0.00018411
0.000184232
0.000184332
0.000184416
0.000184487
0.00018455
0.000184602
0.000184652
0.000184694
0.000184734
0.000184766
0.000184798
0.000184824
0.00018485
0.000184869
0.000184891
0.000184906
0.000184927
0.000184936
0.00018496
0.000184955
0.00018499
0.000184956
0.000185113
0.000184298
0.0001773
0.000170585
0.00017569
0.000180151
0.000180665
0.000180469
0.000179646
0.000178392
0.000177095
0.000175606
0.000174291
0.000173037
0.000171827
0.000170734
0.000169923
0.000169161
0.000168481
0.000167948
0.000167486
0.000167082
0.000166792
0.000166562
0.000166354
0.000166212
0.000166096
0.000165984
0.000165922
0.00016588
0.000165825
0.000165807
0.000165802
0.000165773
0.000165775
0.000165784
0.000165767
0.000165776
0.000165788
0.000165778
0.000165787
0.0001658
0.000165794
0.000165797
0.000165814
0.000165808
0.000165805
0.000165819
0.000165822
0.000165814
0.000165823
0.000165834
0.000165829
0.000165826
0.000165839
0.000165846
0.00016584
0.000165837
0.000165849
0.000165855
0.000165852
0.000165849
0.000165854
0.000165862
0.000165866
0.000165867
0.000165868
0.00016587
0.000165872
0.000165874
0.000165877
0.00016588
0.000165883
0.000165887
0.00016589
0.000165893
0.000165896
0.000165899
0.000165902
0.000165905
0.000165907
0.000165909
0.000165912
0.000165914
0.000165915
0.000165918
0.00016592
0.000165924
0.000165928
0.000165925
0.000165933
0.000165935
0.000165928
0.000165941
0.000165943
0.000165935
0.000165952
0.000165951
0.000165936
0.00016596
0.000165964
0.000165939
0.000165965
0.000165975
0.000165949
0.000165967
0.000165979
0.000165963
0.000165976
0.000165984
0.00016597
0.000165988
0.000165994
0.00016598
0.000165989
0.000166003
0.000165994
0.000165998
0.000166013
0.000166006
0.000165998
0.000166018
0.000166025
0.000166016
0.000166021
0.000166037
0.000166034
0.000166025
0.000166034
0.000166044
0.000166042
0.000166038
0.000166043
0.000166048
0.000166046
0.000166051
0.000166048
0.000166045
0.000166056
0.00016605
0.000166048
0.00016606
0.00016605
0.000166046
0.000166065
0.00016605
0.00016604
0.000166066
0.000166057
0.00016604
0.000166063
0.000166064
0.000166048
0.000166062
0.000166063
0.000166054
0.000166071
0.000166063
0.00016605
0.00016607
0.000166067
0.000166052
0.000166067
0.000166062
0.00016605
0.000166068
0.000166065
0.00016605
0.000166065
0.000166062
0.000166047
0.000166062
0.000166059
0.000166044
0.00016606
0.000166058
0.000166043
0.000166059
0.000166057
0.000166043
0.000166059
0.000166057
0.000166043
0.000166058
0.000166058
0.000166043
0.000166058
0.000166058
0.000166043
0.000166059
0.000166058
0.000166043
0.000166059
0.000166059
0.000166044
0.000166059
0.00016606
0.000166045
0.00016606
0.000166061
0.000166044
0.00016606
0.000166063
0.000166045
0.000166064
0.000166062
0.000166053
0.000166059
0.000166071
0.00016605
0.000166057
0.000166071
0.000166046
0.000166076
0.000166043
0.000166079
0.000166059
0.000166071
0.000166058
0.000166067
0.00016608
0.000166066
0.000166056
0.00016605
0.00016609
0.000166069
0.000166074
0.000166054
0.000166087
0.000166048
0.000166083
0.000166055
0.000166079
0.000166069
0.000166066
0.000166073
0.000166017
0.00016128
0.000173355
0.000171193
0.000167996
0.000167683
0.000165689
8.18322e-05
4.66081e-05
3.7566e-05
3.83387e-05
4.58453e-05
5.7262e-05
6.41754e-05
7.42781e-05
8.43406e-05
9.49645e-05
0.000106009
0.00011597
0.000125588
0.000134121
0.000142112
0.000149101
0.000155357
0.000161287
0.000166594
0.000171449
0.000175781
0.000179517
0.000182789
0.00018559
0.000188901
0.000192392
0.000194309
0.000195828
0.000197035
0.000197997
0.000198768
0.00019939
0.000199896
0.000200311
0.000200654
0.000200941
0.000201183
0.00020139
0.000201566
0.00020172
0.000201851
0.00020197
0.00020207
0.000202161
0.000202237
0.000202308
0.000202365
0.000202421
0.000202464
0.000202507
0.000202541
0.000202579
0.000202602
0.000202639
0.000202645
0.000202691
0.000202664
0.000202826
0.000201937
0.000194962
0.000191133
0.000193189
0.000197495
0.000198322
0.000198517
0.000197898
0.000196896
0.000195686
0.00019426
0.000192923
0.000191607
0.000190294
0.000189097
0.000188159
0.000187288
0.000186496
0.000185858
0.000185305
0.000184818
0.000184451
0.000184155
0.000183897
0.000183707
0.000183551
0.000183411
0.000183322
0.000183257
0.000183188
0.000183156
0.000183141
0.000183106
0.000183102
0.000183107
0.000183088
0.000183096
0.000183106
0.000183098
0.000183106
0.000183118
0.000183113
0.000183116
0.000183133
0.00018313
0.000183127
0.00018314
0.000183145
0.000183138
0.000183147
0.000183158
0.000183155
0.000183152
0.000183164
0.000183172
0.000183167
0.000183165
0.000183175
0.000183183
0.000183181
0.000183178
0.000183182
0.00018319
0.000183195
0.000183197
0.000183198
0.000183199
0.000183201
0.000183203
0.000183206
0.000183209
0.000183212
0.000183216
0.000183219
0.000183223
0.000183226
0.000183229
0.000183232
0.000183235
0.000183238
0.00018324
0.000183243
0.000183245
0.000183247
0.00018325
0.000183252
0.000183256
0.00018326
0.000183257
0.000183264
0.000183267
0.00018326
0.000183272
0.000183275
0.000183268
0.000183284
0.000183284
0.000183269
0.000183292
0.000183297
0.000183273
0.000183296
0.000183307
0.000183283
0.000183299
0.000183311
0.000183297
0.000183309
0.000183317
0.000183304
0.00018332
0.000183327
0.000183314
0.000183322
0.000183335
0.000183327
0.00018333
0.000183345
0.00018334
0.000183331
0.00018335
0.000183358
0.000183349
0.000183353
0.000183369
0.000183367
0.000183358
0.000183366
0.000183376
0.000183375
0.000183371
0.000183375
0.000183379
0.000183378
0.000183383
0.000183379
0.000183376
0.000183386
0.000183381
0.000183378
0.000183389
0.00018338
0.000183375
0.000183393
0.00018338
0.000183369
0.000183392
0.000183385
0.000183368
0.000183389
0.000183391
0.000183374
0.000183387
0.000183388
0.000183379
0.000183395
0.000183387
0.000183375
0.000183392
0.00018339
0.000183375
0.000183388
0.000183383
0.000183371
0.000183387
0.000183384
0.00018337
0.000183384
0.000183381
0.000183365
0.000183379
0.000183376
0.000183361
0.000183375
0.000183373
0.000183358
0.000183373
0.000183371
0.000183357
0.000183371
0.00018337
0.000183355
0.00018337
0.000183369
0.000183354
0.000183369
0.000183369
0.000183354
0.000183368
0.000183368
0.000183353
0.000183368
0.000183368
0.000183353
0.000183368
0.000183369
0.000183354
0.000183367
0.000183369
0.000183353
0.000183367
0.000183371
0.000183354
0.000183371
0.00018337
0.000183361
0.000183367
0.000183378
0.000183358
0.000183363
0.000183378
0.000183355
0.000183383
0.000183352
0.000183386
0.000183368
0.000183379
0.000183367
0.000183375
0.000183389
0.000183374
0.000183366
0.000183358
0.000183398
0.000183378
0.000183383
0.000183364
0.000183396
0.000183359
0.000183391
0.000183365
0.000183388
0.000183379
0.000183376
0.000183386
0.000183317
0.000176933
0.000190644
0.000188503
0.000185545
0.000185267
0.000186406
0.000135438
6.93482e-05
4.95742e-05
4.15657e-05
4.17524e-05
4.85994e-05
5.92111e-05
6.81813e-05
7.52321e-05
8.46239e-05
9.47878e-05
0.000105083
0.00011578
0.000125678
0.000135292
0.000144092
0.000152063
0.000159263
0.000165884
0.000172168
0.000177718
0.000182427
0.000186741
0.000191061
0.000196964
0.000202135
0.000204775
0.000206945
0.000208737
0.000210222
0.000211457
0.00021249
0.000213356
0.000214086
0.000214705
0.000215231
0.00021568
0.000216066
0.000216397
0.000216686
0.000216933
0.000217152
0.000217338
0.000217504
0.000217644
0.00021777
0.000217876
0.000217973
0.000218053
0.000218127
0.000218188
0.000218249
0.000218293
0.000218348
0.00021837
0.000218429
0.000218414
0.000218578
0.000217667
0.00021087
0.000208529
0.000210617
0.000212955
0.000214001
0.000214486
0.000214058
0.000213302
0.000212209
0.00021091
0.000209609
0.000208299
0.000206949
0.000205704
0.000204681
0.000203738
0.00020286
0.000202142
0.000201514
0.000200958
0.000200523
0.000200169
0.000199863
0.000199629
0.000199434
0.000199266
0.000199151
0.000199061
0.000198978
0.000198932
0.000198904
0.000198864
0.000198853
0.000198852
0.000198833
0.000198838
0.000198845
0.000198839
0.000198846
0.000198857
0.000198854
0.000198857
0.000198874
0.000198872
0.00019887
0.000198883
0.000198889
0.000198884
0.000198892
0.000198904
0.000198902
0.0001989
0.000198911
0.00019892
0.000198917
0.000198914
0.000198923
0.000198932
0.000198931
0.000198928
0.000198932
0.00019894
0.000198945
0.000198948
0.000198949
0.00019895
0.000198951
0.000198954
0.000198957
0.00019896
0.000198963
0.000198967
0.00019897
0.000198974
0.000198978
0.000198981
0.000198984
0.000198987
0.00019899
0.000198992
0.000198995
0.000198998
0.000199
0.000199002
0.000199004
0.000199008
0.000199012
0.00019901
0.000199016
0.000199019
0.000199013
0.000199024
0.000199027
0.000199021
0.000199035
0.000199037
0.000199023
0.000199044
0.000199049
0.000199027
0.000199047
0.000199058
0.000199037
0.000199051
0.000199062
0.000199051
0.000199061
0.000199069
0.000199058
0.000199072
0.000199079
0.000199068
0.000199073
0.000199086
0.000199079
0.000199082
0.000199096
0.000199092
0.000199084
0.0001991
0.000199108
0.000199101
0.000199104
0.000199119
0.000199117
0.000199109
0.000199115
0.000199125
0.000199125
0.000199121
0.000199125
0.000199128
0.000199127
0.000199131
0.000199128
0.000199125
0.000199133
0.000199128
0.000199125
0.000199135
0.000199126
0.000199121
0.000199138
0.000199126
0.000199115
0.000199135
0.000199129
0.000199113
0.000199131
0.000199133
0.000199117
0.000199128
0.000199129
0.00019912
0.000199134
0.000199127
0.000199114
0.000199128
0.000199126
0.000199112
0.000199123
0.000199119
0.000199108
0.000199121
0.000199118
0.000199104
0.000199116
0.000199114
0.000199098
0.00019911
0.000199107
0.000199092
0.000199104
0.000199103
0.000199088
0.0001991
0.000199099
0.000199085
0.000199097
0.000199096
0.000199082
0.000199095
0.000199094
0.00019908
0.000199093
0.000199093
0.000199078
0.000199091
0.000199091
0.000199077
0.00019909
0.000199091
0.000199076
0.000199089
0.00019909
0.000199077
0.000199088
0.000199091
0.000199075
0.000199088
0.000199092
0.000199076
0.000199092
0.000199091
0.000199082
0.000199088
0.000199098
0.000199079
0.000199083
0.000199099
0.000199077
0.000199102
0.000199075
0.000199106
0.00019909
0.000199101
0.00019909
0.000199095
0.00019911
0.000199096
0.000199089
0.000199079
0.000199117
0.0001991
0.000199106
0.000199087
0.000199117
0.000199083
0.000199112
0.000199088
0.00019911
0.000199101
0.000199099
0.000199113
0.000199034
0.000194355
0.000207674
0.000204474
0.000201508
0.00020085
0.000201644
0.000194704
0.00011164
7.29073e-05
5.46878e-05
4.592e-05
4.55483e-05
5.11798e-05
6.05136e-05
6.93267e-05
7.74829e-05
8.50136e-05
9.40558e-05
0.000104021
0.000114083
0.000124523
0.000134425
0.000143833
0.00015236
0.000160312
0.000167554
0.000174454
0.0001806
0.000186928
0.000194387
0.000203393
0.000208607
0.00021209
0.000215042
0.000217552
0.000219689
0.000221513
0.000223069
0.000224399
0.000225538
0.000226514
0.000227352
0.000228072
0.000228694
0.00022923
0.000229695
0.000230095
0.000230446
0.000230746
0.00023101
0.000231234
0.000231433
0.000231603
0.000231754
0.000231882
0.000231996
0.000232093
0.000232185
0.000232256
0.000232333
0.000232378
0.000232453
0.000232455
0.000232617
0.000231735
0.000225219
0.000222653
0.000224459
0.000226796
0.000227997
0.000228682
0.00022842
0.000227874
0.000226903
0.000225757
0.000224526
0.000223272
0.000221938
0.000220695
0.000219624
0.000218645
0.000217715
0.000216941
0.00021626
0.00021565
0.000215163
0.000214761
0.000214415
0.000214143
0.000213915
0.000213722
0.000213581
0.000213471
0.000213375
0.000213315
0.000213275
0.00021323
0.000213212
0.000213205
0.000213186
0.000213187
0.000213193
0.000213187
0.000213193
0.000213204
0.000213203
0.000213206
0.000213222
0.000213222
0.000213221
0.000213233
0.000213241
0.000213238
0.000213246
0.000213258
0.000213258
0.000213257
0.000213267
0.000213276
0.000213275
0.000213272
0.000213281
0.000213289
0.00021329
0.000213287
0.000213291
0.000213299
0.000213305
0.000213307
0.000213309
0.00021331
0.000213311
0.000213313
0.000213316
0.000213319
0.000213323
0.000213326
0.00021333
0.000213334
0.000213338
0.000213341
0.000213344
0.000213347
0.000213351
0.000213353
0.000213355
0.000213358
0.00021336
0.000213363
0.000213365
0.000213369
0.000213372
0.00021337
0.000213376
0.000213379
0.000213373
0.000213383
0.000213387
0.000213381
0.000213395
0.000213397
0.000213384
0.000213403
0.000213408
0.000213388
0.000213406
0.000213417
0.000213399
0.00021341
0.000213421
0.000213412
0.000213421
0.000213428
0.000213418
0.000213431
0.000213438
0.000213428
0.000213432
0.000213443
0.000213438
0.00021344
0.000213453
0.000213451
0.000213443
0.000213457
0.000213465
0.000213459
0.00021346
0.000213474
0.000213474
0.000213466
0.000213471
0.00021348
0.00021348
0.000213477
0.000213479
0.000213482
0.000213481
0.000213485
0.000213482
0.000213478
0.000213484
0.00021348
0.000213476
0.000213485
0.000213477
0.000213471
0.000213486
0.000213475
0.000213464
0.000213481
0.000213476
0.000213462
0.000213477
0.000213478
0.000213463
0.000213472
0.000213473
0.000213464
0.000213475
0.000213469
0.000213457
0.000213468
0.000213466
0.000213452
0.000213462
0.000213457
0.000213447
0.000213457
0.000213454
0.000213441
0.000213451
0.000213448
0.000213434
0.000213443
0.00021344
0.000213426
0.000213436
0.000213434
0.00021342
0.00021343
0.000213428
0.000213415
0.000213425
0.000213424
0.000213411
0.000213421
0.000213421
0.000213407
0.000213418
0.000213418
0.000213405
0.000213415
0.000213416
0.000213403
0.000213413
0.000213414
0.000213401
0.000213412
0.000213413
0.000213401
0.000213411
0.000213413
0.000213399
0.00021341
0.000213414
0.0002134
0.000213413
0.000213413
0.000213404
0.000213409
0.000213419
0.000213402
0.000213404
0.000213419
0.000213401
0.000213423
0.000213399
0.000213427
0.000213414
0.000213423
0.000213413
0.000213417
0.000213432
0.000213418
0.000213414
0.000213402
0.000213438
0.000213423
0.00021343
0.000213411
0.000213438
0.000213409
0.000213434
0.000213413
0.000213432
0.000213424
0.000213423
0.00021344
0.000213359
0.000213915
0.000221903
0.000219091
0.000215985
0.00021507
0.000215576
0.000183921
0.000176016
0.000115042
7.89228e-05
6.03174e-05
5.08756e-05
4.91831e-05
5.35253e-05
6.16969e-05
7.19951e-05
7.85194e-05
8.64089e-05
9.40429e-05
0.000102829
0.000112496
0.000122221
0.00013224
0.000141764
0.000151054
0.00015933
0.000167649
0.000176439
0.000186338
0.000197839
0.000207015
0.00021214
0.000216579
0.000220436
0.000223789
0.000226699
0.000229222
0.000231406
0.000233293
0.000234923
0.00023633
0.000237545
0.000238594
0.000239501
0.000240285
0.000240965
0.000241551
0.000242062
0.0002425
0.000242884
0.000243212
0.000243499
0.000243747
0.000243963
0.000244149
0.000244313
0.000244453
0.000244581
0.000244685
0.00024479
0.00024486
0.000244955
0.000244978
0.000245139
0.000244326
0.000238173
0.000235524
0.000237001
0.000239237
0.000240538
0.00024135
0.00024123
0.000240852
0.000239995
0.000239
0.000237855
0.000236682
0.000235405
0.000234197
0.000233113
0.000232128
0.000231176
0.000230372
0.00022966
0.000229017
0.000228492
0.000228057
0.000227682
0.00022738
0.000227127
0.000226914
0.000226754
0.000226626
0.000226521
0.00022645
0.0002264
0.000226352
0.000226328
0.000226316
0.000226297
0.000226296
0.0002263
0.000226296
0.000226301
0.000226311
0.000226311
0.000226315
0.000226331
0.000226332
0.000226333
0.000226345
0.000226353
0.000226353
0.000226361
0.000226373
0.000226375
0.000226375
0.000226384
0.000226394
0.000226394
0.000226392
0.000226399
0.000226408
0.00022641
0.000226408
0.000226411
0.000226419
0.000226425
0.000226428
0.00022643
0.000226431
0.000226432
0.000226434
0.000226437
0.00022644
0.000226444
0.000226447
0.000226451
0.000226455
0.000226459
0.000226462
0.000226465
0.000226469
0.000226472
0.000226474
0.000226477
0.000226479
0.000226481
0.000226484
0.000226486
0.000226489
0.000226493
0.000226491
0.000226496
0.000226499
0.000226494
0.000226503
0.000226507
0.000226502
0.000226514
0.000226517
0.000226505
0.000226521
0.000226527
0.00022651
0.000226524
0.000226536
0.00022652
0.000226529
0.00022654
0.000226532
0.00022654
0.000226546
0.000226538
0.000226549
0.000226556
0.000226547
0.000226549
0.00022656
0.000226556
0.000226557
0.000226569
0.000226568
0.000226561
0.000226573
0.000226581
0.000226576
0.000226576
0.000226589
0.000226589
0.000226581
0.000226585
0.000226593
0.000226593
0.00022659
0.000226592
0.000226594
0.000226593
0.000226596
0.000226593
0.000226589
0.000226593
0.000226589
0.000226585
0.000226592
0.000226584
0.000226578
0.00022659
0.000226581
0.000226571
0.000226584
0.00022658
0.000226568
0.000226579
0.00022658
0.000226566
0.000226573
0.000226573
0.000226564
0.000226573
0.000226567
0.000226556
0.000226563
0.000226561
0.000226549
0.000226556
0.000226551
0.000226541
0.000226548
0.000226546
0.000226534
0.000226541
0.000226538
0.000226524
0.000226531
0.000226528
0.000226515
0.000226522
0.00022652
0.000226507
0.000226514
0.000226513
0.0002265
0.000226508
0.000226507
0.000226494
0.000226503
0.000226502
0.00022649
0.000226498
0.000226498
0.000226486
0.000226495
0.000226495
0.000226483
0.000226492
0.000226493
0.000226481
0.00022649
0.000226491
0.000226479
0.000226488
0.00022649
0.000226477
0.000226486
0.000226491
0.000226478
0.00022649
0.00022649
0.000226481
0.000226486
0.000226494
0.000226479
0.00022648
0.000226494
0.000226478
0.000226498
0.000226477
0.000226502
0.000226491
0.0002265
0.000226491
0.000226494
0.000226508
0.000226495
0.000226492
0.000226479
0.000226512
0.000226499
0.000226507
0.000226489
0.000226514
0.000226488
0.000226509
0.000226491
0.000226508
0.000226501
0.000226501
0.00022652
0.000226447
0.000229991
0.000234608
0.000232297
0.000229104
0.000228014
0.000228276
0.000165732
0.000252829
0.000176365
0.000120569
8.50199e-05
6.61503e-05
5.58252e-05
5.29924e-05
5.58209e-05
6.27477e-05
7.19351e-05
8.18356e-05
8.76114e-05
9.51299e-05
0.000102765
0.000111118
0.000120529
0.000130205
0.000140271
0.000150218
0.000160694
0.000173335
0.000187424
0.000199932
0.000206888
0.000213099
0.000218606
0.000223484
0.000227792
0.000231581
0.000234898
0.000237792
0.00024031
0.000242496
0.000244392
0.000246034
0.000247456
0.000248687
0.000249752
0.000250676
0.000251474
0.000252167
0.000252763
0.000253282
0.000253728
0.000254116
0.000254453
0.000254744
0.000254997
0.000255216
0.000255405
0.000255575
0.000255716
0.000255853
0.000255952
0.000256068
0.000256116
0.000256276
0.00025556
0.000249848
0.000247265
0.000248388
0.000250441
0.000251788
0.000252675
0.000252679
0.000252429
0.000251677
0.000250812
0.000249758
0.000248672
0.000247472
0.000246322
0.000245249
0.000244282
0.000243333
0.000242521
0.000241801
0.000241143
0.000240599
0.000240145
0.000239754
0.000239434
0.000239166
0.000238941
0.000238769
0.000238631
0.000238519
0.000238442
0.000238386
0.000238336
0.00023831
0.000238295
0.000238277
0.000238274
0.000238278
0.000238275
0.00023828
0.00023829
0.000238293
0.000238298
0.000238313
0.000238316
0.000238319
0.000238331
0.00023834
0.000238342
0.00023835
0.000238363
0.000238366
0.000238367
0.000238376
0.000238386
0.000238387
0.000238386
0.000238392
0.000238402
0.000238404
0.000238403
0.000238406
0.000238413
0.00023842
0.000238424
0.000238425
0.000238426
0.000238428
0.00023843
0.000238433
0.000238436
0.000238439
0.000238443
0.000238447
0.000238451
0.000238454
0.000238458
0.000238461
0.000238464
0.000238467
0.00023847
0.000238472
0.000238475
0.000238477
0.00023848
0.000238481
0.000238484
0.000238487
0.000238486
0.00023849
0.000238493
0.000238489
0.000238497
0.000238501
0.000238497
0.000238507
0.00023851
0.0002385
0.000238514
0.000238519
0.000238504
0.000238517
0.000238527
0.000238514
0.000238521
0.000238532
0.000238526
0.000238532
0.000238538
0.000238531
0.00023854
0.000238548
0.000238539
0.00023854
0.00023855
0.000238547
0.000238547
0.000238558
0.000238557
0.000238551
0.000238561
0.000238569
0.000238565
0.000238564
0.000238575
0.000238576
0.000238569
0.000238571
0.000238578
0.000238579
0.000238576
0.000238576
0.000238578
0.000238576
0.000238578
0.000238575
0.000238571
0.000238574
0.000238569
0.000238565
0.00023857
0.000238563
0.000238556
0.000238566
0.000238558
0.000238548
0.000238558
0.000238555
0.000238544
0.000238552
0.000238552
0.00023854
0.000238544
0.000238543
0.000238535
0.000238541
0.000238535
0.000238525
0.000238529
0.000238526
0.000238515
0.00023852
0.000238515
0.000238506
0.00023851
0.000238507
0.000238496
0.000238501
0.000238497
0.000238484
0.000238489
0.000238485
0.000238473
0.000238478
0.000238475
0.000238463
0.000238468
0.000238466
0.000238454
0.00023846
0.000238459
0.000238447
0.000238453
0.000238453
0.000238441
0.000238448
0.000238447
0.000238436
0.000238443
0.000238443
0.000238432
0.000238439
0.00023844
0.000238429
0.000238436
0.000238437
0.000238427
0.000238434
0.000238435
0.000238424
0.000238432
0.000238436
0.000238425
0.000238434
0.000238434
0.000238426
0.00023843
0.000238438
0.000238425
0.000238424
0.000238438
0.000238424
0.000238441
0.000238423
0.000238445
0.000238436
0.000238444
0.000238437
0.000238439
0.000238452
0.00023844
0.000238438
0.000238425
0.000238454
0.000238444
0.000238452
0.000238436
0.000238457
0.000238436
0.000238454
0.000238438
0.000238452
0.000238446
0.000238446
0.000238468
0.000238414
0.000241665
0.000245935
0.000244123
0.000240964
0.000239758
0.000239815
0.000140425
0.000288892
0.000247173
0.000178092
0.000125173
9.05678e-05
7.17428e-05
6.08621e-05
5.66947e-05
5.82188e-05
6.36644e-05
7.18803e-05
8.1506e-05
9.03942e-05
9.67068e-05
0.00010428
0.000112521
0.000121835
0.000132274
0.000144118
0.000157692
0.000173322
0.000187357
0.000196258
0.000204431
0.000211862
0.000218563
0.000224577
0.00022994
0.000234687
0.000238865
0.000242524
0.000245719
0.000248501
0.000250919
0.000253017
0.000254837
0.000256414
0.00025778
0.000258964
0.000259988
0.000260875
0.00026164
0.000262304
0.000262876
0.000263372
0.000263805
0.000264176
0.000264499
0.000264778
0.00026502
0.000265235
0.000265415
0.000265586
0.000265716
0.000265855
0.000265929
0.000266088
0.000265489
0.000260305
0.000257926
0.000258696
0.000260505
0.000261843
0.00026277
0.000262887
0.000262736
0.000262083
0.000261322
0.000260352
0.000259345
0.000258226
0.000257143
0.000256099
0.000255161
0.000254234
0.000253433
0.000252722
0.000252067
0.000251521
0.000251065
0.00025067
0.000250344
0.000250074
0.000249846
0.00024967
0.000249529
0.000249418
0.000249339
0.000249282
0.000249235
0.000249208
0.000249193
0.000249178
0.000249176
0.00024918
0.000249179
0.000249185
0.000249196
0.000249201
0.000249208
0.000249223
0.000249228
0.000249233
0.000249245
0.000249256
0.000249259
0.000249268
0.000249281
0.000249286
0.000249288
0.000249297
0.000249307
0.00024931
0.000249309
0.000249315
0.000249325
0.000249328
0.000249327
0.00024933
0.000249337
0.000249344
0.000249348
0.00024935
0.000249351
0.000249353
0.000249355
0.000249358
0.000249361
0.000249364
0.000249368
0.000249372
0.000249376
0.000249379
0.000249383
0.000249386
0.000249389
0.000249392
0.000249395
0.000249397
0.000249399
0.000249401
0.000249404
0.000249405
0.000249408
0.00024941
0.00024941
0.000249413
0.000249416
0.000249412
0.000249419
0.000249423
0.00024942
0.000249429
0.000249432
0.000249424
0.000249435
0.00024944
0.000249428
0.000249438
0.000249448
0.000249436
0.000249442
0.000249453
0.000249447
0.000249452
0.000249458
0.000249452
0.00024946
0.000249467
0.000249459
0.000249459
0.000249467
0.000249465
0.000249465
0.000249474
0.000249474
0.000249469
0.000249477
0.000249485
0.000249481
0.00024948
0.000249489
0.00024949
0.000249484
0.000249484
0.00024949
0.000249491
0.000249488
0.000249487
0.000249488
0.000249486
0.000249488
0.000249485
0.00024948
0.000249481
0.000249477
0.000249472
0.000249475
0.000249468
0.000249461
0.000249468
0.000249461
0.000249452
0.000249458
0.000249455
0.000249445
0.00024945
0.00024945
0.000249439
0.000249441
0.000249439
0.000249431
0.000249435
0.000249429
0.000249419
0.000249421
0.000249417
0.000249407
0.00024941
0.000249405
0.000249395
0.000249397
0.000249394
0.000249384
0.000249386
0.000249382
0.00024937
0.000249371
0.000249367
0.000249356
0.000249358
0.000249355
0.000249344
0.000249347
0.000249344
0.000249334
0.000249337
0.000249335
0.000249325
0.000249329
0.000249328
0.000249318
0.000249322
0.000249321
0.000249311
0.000249316
0.000249315
0.000249306
0.000249311
0.000249311
0.000249302
0.000249307
0.000249308
0.000249299
0.000249304
0.000249305
0.000249295
0.000249301
0.000249305
0.000249296
0.000249303
0.000249303
0.000249296
0.000249299
0.000249305
0.000249294
0.000249293
0.000249305
0.000249294
0.000249308
0.000249293
0.000249312
0.000249306
0.000249313
0.000249307
0.000249308
0.000249319
0.000249309
0.000249308
0.000249296
0.000249319
0.000249312
0.000249321
0.000249307
0.000249324
0.000249307
0.000249321
0.000249309
0.00024932
0.000249315
0.000249316
0.000249339
0.000249314
0.000252183
0.00025598
0.000254624
0.000251588
0.000250319
0.000250201
0.000141615
0.000283553
0.000323215
0.000239442
0.000177325
0.000127931
9.53988e-05
7.69538e-05
6.55928e-05
6.04649e-05
6.05299e-05
6.47403e-05
7.17097e-05
8.05521e-05
9.0414e-05
0.000100606
0.000108591
0.000118218
0.000129339
0.000142912
0.000157519
0.000168904
0.000179924
0.00019027
0.000199901
0.000208777
0.000216862
0.000224146
0.000230643
0.000236394
0.000241457
0.000245897
0.000249778
0.000253161
0.000256103
0.00025866
0.000260878
0.000262802
0.000264469
0.000265914
0.000267163
0.000268245
0.000269179
0.000269988
0.000270686
0.000271292
0.000271818
0.000272271
0.000272665
0.000273004
0.000273298
0.000273558
0.000273778
0.000273983
0.000274144
0.000274307
0.000274406
0.000274565
0.000274087
0.00026954
0.000267456
0.000267917
0.000269443
0.000270723
0.000271664
0.00027189
0.000271822
0.000271262
0.00027058
0.000269682
0.000268739
0.00026769
0.000266669
0.000265664
0.000264759
0.000263865
0.000263085
0.000262397
0.000261761
0.000261226
0.000260782
0.000260396
0.000260078
0.000259816
0.000259596
0.000259424
0.00025929
0.000259184
0.00025911
0.000259057
0.000259015
0.000258992
0.00025898
0.00025897
0.00025897
0.000258977
0.00025898
0.000258988
0.000259001
0.000259009
0.000259017
0.000259032
0.000259041
0.000259047
0.00025906
0.000259072
0.000259078
0.000259087
0.0002591
0.000259107
0.00025911
0.000259119
0.000259129
0.000259133
0.000259133
0.000259139
0.000259148
0.000259152
0.000259152
0.000259155
0.000259162
0.000259168
0.000259173
0.000259175
0.000259176
0.000259178
0.00025918
0.000259183
0.000259186
0.000259189
0.000259193
0.000259197
0.0002592
0.000259204
0.000259207
0.000259211
0.000259214
0.000259216
0.000259219
0.000259221
0.000259223
0.000259225
0.000259227
0.000259229
0.000259231
0.000259233
0.000259232
0.000259235
0.000259237
0.000259235
0.000259241
0.000259244
0.000259242
0.00025925
0.000259253
0.000259246
0.000259255
0.000259259
0.000259249
0.000259258
0.000259266
0.000259257
0.000259262
0.000259272
0.000259267
0.000259271
0.000259276
0.000259272
0.000259278
0.000259284
0.000259277
0.000259276
0.000259283
0.000259281
0.000259281
0.000259289
0.000259289
0.000259285
0.000259291
0.000259298
0.000259295
0.000259294
0.000259301
0.000259301
0.000259296
0.000259296
0.0002593
0.0002593
0.000259297
0.000259296
0.000259296
0.000259294
0.000259294
0.000259291
0.000259286
0.000259286
0.000259281
0.000259276
0.000259277
0.00025927
0.000259263
0.000259267
0.00025926
0.000259252
0.000259255
0.000259252
0.000259243
0.000259246
0.000259244
0.000259235
0.000259235
0.000259232
0.000259224
0.000259225
0.000259219
0.000259209
0.000259209
0.000259205
0.000259196
0.000259196
0.000259191
0.000259182
0.000259181
0.000259177
0.000259168
0.000259168
0.000259162
0.000259151
0.000259151
0.000259146
0.000259135
0.000259135
0.000259131
0.000259121
0.000259122
0.000259119
0.000259109
0.000259111
0.000259108
0.000259099
0.000259101
0.000259099
0.00025909
0.000259093
0.000259091
0.000259082
0.000259085
0.000259084
0.000259076
0.000259079
0.000259079
0.000259071
0.000259074
0.000259074
0.000259067
0.00025907
0.00025907
0.000259063
0.000259067
0.00025907
0.000259063
0.000259068
0.000259068
0.000259062
0.000259064
0.000259069
0.00025906
0.000259059
0.000259068
0.00025906
0.00025907
0.000259059
0.000259075
0.000259071
0.000259077
0.000259073
0.000259074
0.000259082
0.000259074
0.000259073
0.000259062
0.00025908
0.000259076
0.000259084
0.000259073
0.000259087
0.000259073
0.000259085
0.000259075
0.000259084
0.000259079
0.000259081
0.000259105
0.000259115
0.000261526
0.000264753
0.000263788
0.00026092
0.000259634
0.00025934
0.000143157
0.000283429
0.00039835
0.000298793
0.000228264
0.000173401
0.000129199
9.90913e-05
8.12833e-05
6.98283e-05
6.39587e-05
6.29655e-05
6.58847e-05
7.18242e-05
7.97965e-05
8.92427e-05
9.94706e-05
0.000110396
0.000121945
0.000133986
0.000146348
0.000158754
0.000171027
0.000182855
0.000194106
0.000204621
0.000214194
0.000222764
0.000230374
0.000237097
0.00024301
0.000248192
0.00025272
0.000256667
0.000260101
0.000263084
0.000265674
0.00026792
0.000269866
0.000271554
0.000273012
0.000274276
0.000275366
0.00027631
0.000277125
0.000277833
0.000278446
0.000278976
0.000279435
0.00027983
0.000280173
0.000280474
0.000280731
0.00028097
0.000281158
0.000281343
0.000281465
0.000281625
0.000281261
0.000277493
0.000275707
0.000275928
0.000277166
0.000278354
0.000279294
0.000279621
0.000279629
0.000279158
0.000278534
0.000277694
0.000276792
0.000275798
0.000274827
0.000273861
0.000272982
0.000272124
0.000271374
0.000270716
0.000270109
0.000269597
0.000269174
0.000268808
0.000268507
0.000268264
0.000268058
0.000267899
0.000267778
0.000267684
0.00026762
0.000267576
0.000267544
0.000267528
0.000267522
0.000267517
0.000267522
0.000267533
0.00026754
0.000267552
0.000267567
0.000267578
0.000267589
0.000267605
0.000267616
0.000267624
0.000267638
0.000267651
0.000267659
0.00026767
0.000267683
0.000267691
0.000267696
0.000267704
0.000267714
0.000267719
0.00026772
0.000267725
0.000267734
0.000267738
0.000267739
0.000267742
0.000267749
0.000267755
0.00026776
0.000267762
0.000267764
0.000267766
0.000267768
0.000267771
0.000267774
0.000267777
0.00026778
0.000267784
0.000267788
0.000267791
0.000267794
0.000267798
0.000267801
0.000267803
0.000267805
0.000267807
0.000267809
0.000267811
0.000267813
0.000267814
0.000267816
0.000267818
0.000267817
0.000267819
0.000267821
0.00026782
0.000267824
0.000267827
0.000267826
0.000267832
0.000267835
0.00026783
0.000267837
0.00026784
0.000267833
0.000267839
0.000267847
0.00026784
0.000267844
0.000267853
0.000267848
0.000267851
0.000267855
0.000267853
0.000267857
0.000267862
0.000267856
0.000267855
0.00026786
0.000267859
0.000267858
0.000267864
0.000267864
0.000267862
0.000267866
0.000267872
0.000267869
0.000267868
0.000267874
0.000267874
0.000267869
0.000267868
0.000267871
0.00026787
0.000267867
0.000267865
0.000267864
0.000267862
0.000267861
0.000267858
0.000267853
0.000267852
0.000267847
0.000267841
0.00026784
0.000267833
0.000267826
0.000267827
0.000267821
0.000267812
0.000267814
0.00026781
0.000267802
0.000267802
0.000267799
0.000267791
0.00026779
0.000267786
0.000267778
0.000267777
0.00026777
0.00026776
0.000267758
0.000267754
0.000267745
0.000267744
0.000267738
0.000267729
0.000267727
0.000267722
0.000267713
0.000267711
0.000267704
0.000267694
0.000267691
0.000267685
0.000267675
0.000267674
0.000267669
0.00026766
0.000267659
0.000267655
0.000267646
0.000267646
0.000267642
0.000267634
0.000267634
0.000267631
0.000267624
0.000267624
0.000267622
0.000267615
0.000267616
0.000267614
0.000267607
0.000267608
0.000267607
0.0002676
0.000267602
0.000267601
0.000267595
0.000267597
0.000267597
0.00026759
0.000267593
0.000267595
0.00026759
0.000267594
0.000267593
0.000267588
0.000267589
0.000267593
0.000267586
0.000267585
0.000267591
0.000267585
0.000267593
0.000267585
0.000267599
0.000267596
0.000267602
0.000267599
0.0002676
0.000267606
0.000267599
0.000267597
0.000267589
0.000267601
0.000267599
0.000267606
0.000267599
0.000267609
0.0002676
0.000267608
0.000267601
0.000267608
0.000267604
0.000267606
0.000267633
0.000267676
0.000269583
0.000272186
0.000271527
0.000268838
0.00026755
0.000267068
0.000140988
0.000284135
0.000449792
0.000350314
0.00027229
0.00021363
0.000166819
0.000128175
0.000101228
8.38696e-05
7.31058e-05
6.70403e-05
6.53533e-05
6.74741e-05
7.25912e-05
8.00701e-05
8.91034e-05
9.94008e-05
0.000110816
0.000123042
0.000135866
0.000149118
0.000162601
0.000175916
0.000188675
0.000200535
0.000211341
0.000221019
0.000229607
0.000237183
0.000243838
0.000249662
0.000254745
0.000259174
0.000263024
0.00026637
0.000269273
0.00027179
0.000273973
0.000275865
0.000277499
0.000278915
0.000280136
0.000281195
0.000282109
0.000282902
0.000283588
0.000284183
0.000284696
0.00028514
0.000285523
0.00028586
0.000286147
0.000286415
0.000286624
0.000286831
0.00028697
0.000287132
0.000286865
0.000283912
0.000282446
0.000282493
0.000283474
0.000284555
0.000285486
0.000285906
0.000285983
0.000285596
0.000285013
0.000284214
0.000283335
0.000282376
0.000281437
0.000280506
0.000279643
0.000278818
0.000278096
0.00027747
0.000276896
0.000276412
0.000276016
0.000275674
0.000275398
0.000275178
0.000274992
0.000274851
0.000274747
0.000274668
0.000274617
0.000274585
0.000274564
0.000274557
0.000274559
0.000274562
0.000274573
0.000274588
0.0002746
0.000274615
0.000274633
0.000274648
0.000274662
0.000274679
0.000274691
0.000274703
0.000274717
0.000274731
0.000274741
0.000274752
0.000274765
0.000274774
0.000274781
0.000274789
0.000274799
0.000274804
0.000274806
0.000274812
0.00027482
0.000274824
0.000274826
0.000274829
0.000274835
0.000274842
0.000274846
0.000274849
0.000274851
0.000274852
0.000274855
0.000274857
0.00027486
0.000274863
0.000274866
0.00027487
0.000274874
0.000274877
0.00027488
0.000274883
0.000274886
0.000274889
0.000274891
0.000274892
0.000274894
0.000274896
0.000274897
0.000274898
0.000274899
0.000274901
0.0002749
0.000274902
0.000274904
0.000274903
0.000274906
0.000274909
0.000274909
0.000274914
0.000274915
0.000274913
0.000274917
0.000274919
0.000274915
0.00027492
0.000274926
0.000274921
0.000274925
0.000274931
0.000274928
0.00027493
0.000274933
0.000274932
0.000274935
0.000274939
0.000274933
0.000274932
0.000274936
0.000274934
0.000274934
0.000274938
0.000274938
0.000274936
0.000274939
0.000274944
0.000274942
0.000274941
0.000274945
0.000274944
0.00027494
0.000274939
0.00027494
0.000274939
0.000274936
0.000274933
0.000274931
0.000274929
0.000274927
0.000274923
0.000274919
0.000274916
0.000274911
0.000274905
0.000274902
0.000274895
0.000274888
0.000274887
0.00027488
0.000274872
0.000274872
0.000274867
0.000274859
0.000274858
0.000274854
0.000274846
0.000274844
0.000274838
0.000274831
0.000274828
0.000274821
0.000274811
0.000274808
0.000274802
0.000274795
0.000274791
0.000274785
0.000274776
0.000274773
0.000274767
0.000274759
0.000274754
0.000274747
0.000274737
0.000274733
0.000274726
0.000274716
0.000274713
0.000274707
0.000274699
0.000274697
0.000274691
0.000274684
0.000274682
0.000274677
0.00027467
0.000274669
0.000274665
0.000274658
0.000274658
0.000274654
0.000274648
0.000274647
0.000274645
0.000274639
0.000274639
0.000274637
0.000274631
0.000274632
0.00027463
0.000274625
0.000274625
0.000274624
0.000274619
0.000274621
0.000274622
0.000274618
0.000274621
0.00027462
0.000274615
0.000274615
0.000274619
0.000274613
0.000274613
0.000274616
0.000274612
0.000274617
0.000274612
0.000274624
0.000274622
0.000274629
0.000274625
0.000274628
0.00027463
0.000274625
0.000274622
0.000274616
0.000274624
0.000274624
0.000274629
0.000274626
0.000274633
0.000274628
0.000274633
0.000274629
0.000274633
0.000274631
0.000274632
0.000274663
0.00027473
0.000276145
0.000278137
0.000277684
0.000275181
0.000273828
0.000273167
0.00014294
0.000284141
0.000444796
0.000388622
0.000304638
0.000243373
0.000195392
0.000156199
0.000123749
0.00010098
8.4775e-05
7.4573e-05
6.91486e-05
6.77815e-05
6.98979e-05
7.50205e-05
8.24279e-05
9.17381e-05
0.000102759
0.000115042
0.000128366
0.000142284
0.000156529
0.000170742
0.000184453
0.000197243
0.00020894
0.000219449
0.00022878
0.000237003
0.000244213
0.000250514
0.000256008
0.000260789
0.000264945
0.000268553
0.000271684
0.000274399
0.000276753
0.000278793
0.000280554
0.000282079
0.000283396
0.000284537
0.000285522
0.000286377
0.000287117
0.000287759
0.000288311
0.00028879
0.000289202
0.000289566
0.000289875
0.000290165
0.000290388
0.000290611
0.000290761
0.000290927
0.00029073
0.000288476
0.000287336
0.000287274
0.000288057
0.000289046
0.000289967
0.000290463
0.000290599
0.000290281
0.000289725
0.000288953
0.000288082
0.000287141
0.000286218
0.000285311
0.000284453
0.000283654
0.000282957
0.000282357
0.000281811
0.000281353
0.000280983
0.000280664
0.00028041
0.000280213
0.000280046
0.000279923
0.000279836
0.000279771
0.000279733
0.000279714
0.000279703
0.000279705
0.000279714
0.000279724
0.000279741
0.00027976
0.000279777
0.000279796
0.000279816
0.000279834
0.000279851
0.000279868
0.000279882
0.000279895
0.000279911
0.000279925
0.000279937
0.000279949
0.000279961
0.000279971
0.000279979
0.000279987
0.000279997
0.000280002
0.000280005
0.000280011
0.000280018
0.000280023
0.000280025
0.000280029
0.000280034
0.00028004
0.000280045
0.000280048
0.000280049
0.000280051
0.000280053
0.000280055
0.000280058
0.000280061
0.000280064
0.000280068
0.000280071
0.000280075
0.000280078
0.000280081
0.000280083
0.000280086
0.000280088
0.000280089
0.000280091
0.000280092
0.000280093
0.000280094
0.000280095
0.000280096
0.000280096
0.000280097
0.000280098
0.000280098
0.000280101
0.000280103
0.000280103
0.000280107
0.000280108
0.000280107
0.000280111
0.000280111
0.000280108
0.000280113
0.000280117
0.000280113
0.000280117
0.000280122
0.000280119
0.000280122
0.000280123
0.000280122
0.000280125
0.000280128
0.000280123
0.000280122
0.000280124
0.000280122
0.000280121
0.000280124
0.000280124
0.000280123
0.000280125
0.000280129
0.000280127
0.000280127
0.000280129
0.000280128
0.000280124
0.000280122
0.000280122
0.000280121
0.000280117
0.000280115
0.000280112
0.000280109
0.000280107
0.000280103
0.000280098
0.000280095
0.000280089
0.000280083
0.000280079
0.000280072
0.000280065
0.000280062
0.000280055
0.000280047
0.000280046
0.000280039
0.000280032
0.00028003
0.000280024
0.000280017
0.000280014
0.000280007
0.00028
0.000279996
0.000279988
0.000279979
0.000279975
0.000279968
0.000279961
0.000279956
0.000279949
0.000279941
0.000279937
0.00027993
0.000279922
0.000279917
0.000279908
0.000279899
0.000279893
0.000279885
0.000279876
0.000279872
0.000279865
0.000279857
0.000279854
0.000279847
0.000279841
0.000279838
0.000279832
0.000279826
0.000279823
0.000279819
0.000279813
0.000279811
0.000279807
0.000279801
0.0002798
0.000279796
0.000279791
0.00027979
0.000279787
0.000279783
0.000279782
0.000279779
0.000279775
0.000279775
0.000279773
0.000279769
0.00027977
0.00027977
0.000279767
0.000279769
0.000279767
0.000279764
0.000279763
0.000279766
0.00027976
0.000279763
0.000279762
0.000279759
0.000279762
0.00027976
0.000279772
0.000279769
0.000279776
0.000279772
0.000279777
0.000279775
0.000279771
0.000279768
0.000279764
0.000279768
0.00027977
0.000279774
0.000279773
0.000279777
0.000279776
0.000279779
0.000279777
0.000279779
0.000279779
0.000279779
0.000279817
0.000279895
0.000280905
0.000282396
0.00028204
0.000279668
0.000278205
0.000277401
0.000186476
0.000284895
0.000441492
0.00040917
0.000321776
0.000259158
0.000210693
0.000171513
0.00013927
0.000114458
9.54235e-05
8.28319e-05
7.49849e-05
7.12083e-05
7.11268e-05
7.43826e-05
8.03532e-05
8.87201e-05
9.92075e-05
0.00011127
0.000124652
0.0001388
0.000153328
0.000167886
0.000182037
0.000195342
0.000207542
0.000218515
0.000228256
0.000236832
0.000244343
0.0002509
0.000256613
0.000261581
0.000265898
0.000269645
0.000272896
0.000275715
0.000278159
0.000280276
0.000282104
0.000283687
0.000285054
0.000286238
0.000287261
0.000288148
0.000288916
0.000289582
0.000290155
0.000290653
0.00029108
0.000291458
0.000291778
0.000292082
0.00029231
0.000292544
0.000292697
0.000292868
0.000292707
0.000290877
0.000289973
0.000289863
0.000290538
0.00029147
0.000292388
0.000292927
0.0002931
0.000292825
0.000292284
0.000291524
0.000290654
0.00028972
0.000288803
0.000287909
0.000287047
0.000286263
0.00028558
0.000284996
0.000284466
0.000284025
0.000283671
0.000283365
0.000283126
0.000282944
0.000282788
0.000282677
0.000282601
0.000282545
0.000282515
0.000282503
0.000282499
0.000282507
0.00028252
0.000282535
0.000282555
0.000282577
0.000282597
0.000282618
0.00028264
0.000282659
0.000282678
0.000282696
0.000282711
0.000282725
0.000282741
0.000282755
0.000282768
0.00028278
0.000282793
0.000282803
0.000282811
0.00028282
0.000282829
0.000282835
0.000282839
0.000282844
0.000282851
0.000282855
0.000282858
0.000282862
0.000282867
0.000282873
0.000282877
0.00028288
0.000282882
0.000282883
0.000282885
0.000282888
0.00028289
0.000282893
0.000282896
0.0002829
0.000282903
0.000282906
0.000282909
0.000282912
0.000282915
0.000282917
0.000282919
0.00028292
0.000282922
0.000282923
0.000282924
0.000282925
0.000282925
0.000282926
0.000282926
0.000282927
0.000282927
0.000282928
0.00028293
0.000282932
0.000282933
0.000282937
0.000282936
0.000282936
0.00028294
0.000282939
0.000282937
0.000282942
0.000282944
0.000282941
0.000282946
0.000282949
0.000282946
0.000282949
0.00028295
0.000282949
0.000282952
0.000282954
0.000282949
0.000282948
0.00028295
0.000282947
0.000282947
0.000282949
0.000282947
0.000282947
0.000282949
0.000282952
0.000282951
0.000282951
0.000282952
0.00028295
0.000282947
0.000282945
0.000282944
0.000282942
0.000282939
0.000282936
0.000282933
0.000282929
0.000282927
0.000282923
0.000282918
0.000282914
0.000282908
0.000282903
0.000282898
0.00028289
0.000282883
0.00028288
0.000282872
0.000282865
0.000282863
0.000282855
0.000282848
0.000282846
0.000282839
0.000282833
0.000282829
0.000282821
0.000282814
0.00028281
0.000282801
0.000282793
0.000282788
0.00028278
0.000282773
0.000282768
0.00028276
0.000282753
0.000282748
0.000282741
0.000282733
0.000282727
0.000282718
0.000282709
0.000282703
0.000282693
0.000282685
0.00028268
0.000282672
0.000282665
0.000282661
0.000282654
0.000282648
0.000282644
0.000282638
0.000282632
0.00028263
0.000282624
0.000282619
0.000282616
0.000282611
0.000282606
0.000282604
0.0002826
0.000282595
0.000282594
0.00028259
0.000282586
0.000282586
0.000282582
0.000282579
0.000282578
0.000282575
0.000282572
0.000282573
0.000282571
0.00028257
0.000282571
0.000282568
0.000282565
0.000282564
0.000282567
0.000282562
0.000282566
0.000282562
0.000282561
0.000282563
0.000282562
0.000282574
0.00028257
0.000282579
0.000282573
0.000282581
0.000282574
0.000282572
0.000282567
0.000282566
0.000282567
0.00028257
0.000282573
0.000282575
0.000282577
0.000282577
0.000282579
0.000282579
0.000282579
0.00028258
0.00028258
0.000282626
0.000282706
0.000283482
0.000284691
0.000284342
0.000282008
0.000280458
0.000279577
)
;

boundaryField
{
    inlet
    {
        type            calculated;
        value           nonuniform List<scalar> 
18
(
1.8247e-06
3.48483e-06
6.74434e-06
1.44821e-05
7.2904e-05
0.000172233
0.000171824
0.000188769
0.000183663
0.000180232
0.000173259
0.000158283
0.000135256
0.000136839
0.000138576
0.000136605
0.000138558
0.000180393
)
;
    }
    outlet
    {
        type            calculated;
        value           nonuniform List<scalar> 
18
(
2.38234e-05
5.57608e-05
8.43906e-05
0.000109267
0.000131189
0.000151167
0.000169294
0.000186406
0.000201644
0.000215576
0.000228276
0.000239815
0.000250201
0.00025934
0.000267068
0.000273167
0.000277401
0.000279577
)
;
    }
    sideWall
    {
        type            empty;
    }
    bed
    {
        type            calculated;
        value           nonuniform List<scalar> 
300
(
2.70163e-05
2.16037e-05
1.86078e-05
1.86469e-05
1.83508e-05
1.83564e-05
1.82142e-05
1.82088e-05
1.81572e-05
1.81772e-05
1.81813e-05
1.8215e-05
1.8248e-05
1.8301e-05
1.83502e-05
1.84127e-05
1.8476e-05
1.85467e-05
1.86166e-05
1.86935e-05
1.87738e-05
1.88564e-05
1.89409e-05
1.90263e-05
1.91126e-05
1.91991e-05
1.92791e-05
1.93484e-05
1.9407e-05
1.94558e-05
1.94967e-05
1.95305e-05
1.95587e-05
1.9582e-05
1.96016e-05
1.96175e-05
1.96312e-05
1.96421e-05
1.96519e-05
1.96594e-05
1.96666e-05
1.96717e-05
1.96772e-05
1.96806e-05
1.9685e-05
1.9687e-05
1.96907e-05
1.96915e-05
1.96956e-05
1.96939e-05
1.97008e-05
1.96931e-05
1.97079e-05
1.96864e-05
1.97229e-05
1.96658e-05
1.976e-05
1.96189e-05
1.98975e-05
1.93158e-05
1.69178e-05
1.66779e-05
1.67714e-05
1.67267e-05
1.68414e-05
1.68134e-05
1.69043e-05
1.68832e-05
1.69352e-05
1.69174e-05
1.69355e-05
1.69536e-05
1.69336e-05
1.69078e-05
1.69376e-05
1.69357e-05
1.69172e-05
1.69333e-05
1.69348e-05
1.69057e-05
1.69139e-05
1.69182e-05
1.69017e-05
1.69101e-05
1.69137e-05
1.68971e-05
1.69039e-05
1.69062e-05
1.68922e-05
1.68989e-05
1.69017e-05
1.68888e-05
1.68964e-05
1.68985e-05
1.68877e-05
1.68952e-05
1.68965e-05
1.68889e-05
1.68931e-05
1.6898e-05
1.68901e-05
1.68917e-05
1.6898e-05
1.68928e-05
1.68906e-05
1.68976e-05
1.68966e-05
1.68916e-05
1.68948e-05
1.68992e-05
1.68953e-05
1.68925e-05
1.68972e-05
1.68998e-05
1.6896e-05
1.68943e-05
1.68979e-05
1.68999e-05
1.68989e-05
1.68976e-05
1.68981e-05
1.68999e-05
1.69009e-05
1.69017e-05
1.69021e-05
1.69025e-05
1.69028e-05
1.6903e-05
1.69033e-05
1.69035e-05
1.69035e-05
1.69038e-05
1.69041e-05
1.69043e-05
1.69046e-05
1.69048e-05
1.69052e-05
1.69054e-05
1.69059e-05
1.6906e-05
1.69063e-05
1.69067e-05
1.69066e-05
1.6908e-05
1.69065e-05
1.6908e-05
1.69091e-05
1.69056e-05
1.69115e-05
1.69096e-05
1.69055e-05
1.69132e-05
1.69103e-05
1.69053e-05
1.69164e-05
1.69115e-05
1.69029e-05
1.69189e-05
1.69148e-05
1.69016e-05
1.69192e-05
1.69184e-05
1.69033e-05
1.69178e-05
1.69187e-05
1.69077e-05
1.69188e-05
1.69169e-05
1.69095e-05
1.69205e-05
1.6922e-05
1.69109e-05
1.69177e-05
1.6924e-05
1.69162e-05
1.69189e-05
1.69272e-05
1.6922e-05
1.6917e-05
1.69258e-05
1.69272e-05
1.69188e-05
1.69211e-05
1.6928e-05
1.69256e-05
1.69215e-05
1.69248e-05
1.69274e-05
1.69268e-05
1.69245e-05
1.69265e-05
1.69271e-05
1.69256e-05
1.69297e-05
1.69254e-05
1.69251e-05
1.69302e-05
1.69246e-05
1.69252e-05
1.69329e-05
1.69248e-05
1.69257e-05
1.69373e-05
1.69268e-05
1.69249e-05
1.69392e-05
1.69303e-05
1.6924e-05
1.69388e-05
1.6934e-05
1.69276e-05
1.69377e-05
1.6933e-05
1.69306e-05
1.69413e-05
1.69335e-05
1.69285e-05
1.69414e-05
1.6936e-05
1.69312e-05
1.69412e-05
1.69347e-05
1.69297e-05
1.69417e-05
1.69363e-05
1.69315e-05
1.69432e-05
1.69381e-05
1.69329e-05
1.69446e-05
1.69396e-05
1.69342e-05
1.69459e-05
1.6941e-05
1.69354e-05
1.69472e-05
1.69424e-05
1.69366e-05
1.69484e-05
1.69438e-05
1.69378e-05
1.69496e-05
1.69451e-05
1.69389e-05
1.69507e-05
1.69464e-05
1.69399e-05
1.69517e-05
1.69476e-05
1.69409e-05
1.69527e-05
1.69487e-05
1.69418e-05
1.69537e-05
1.69495e-05
1.69431e-05
1.69537e-05
1.69515e-05
1.69423e-05
1.69559e-05
1.69513e-05
1.69446e-05
1.69562e-05
1.69495e-05
1.69492e-05
1.69493e-05
1.69626e-05
1.6937e-05
1.69597e-05
1.69497e-05
1.69524e-05
1.69561e-05
1.69429e-05
1.6963e-05
1.69433e-05
1.69662e-05
1.69348e-05
1.69648e-05
1.69467e-05
1.69633e-05
1.6943e-05
1.69561e-05
1.69517e-05
1.69584e-05
1.69496e-05
1.69554e-05
1.69514e-05
1.69496e-05
1.69511e-05
1.695e-05
1.69483e-05
1.69567e-05
1.69341e-05
1.69574e-05
1.69996e-05
1.88344e-05
2.10769e-05
2.03501e-05
1.95123e-05
1.96681e-05
)
;
    }
    topWall
    {
        type            calculated;
        value           nonuniform List<scalar> 
300
(
0.000186476
0.000284895
0.000441492
0.00040917
0.000321776
0.000259158
0.000210693
0.000171513
0.00013927
0.000114458
9.54235e-05
8.28319e-05
7.49849e-05
7.12083e-05
7.11268e-05
7.43826e-05
8.03532e-05
8.87201e-05
9.92075e-05
0.00011127
0.000124652
0.0001388
0.000153328
0.000167886
0.000182037
0.000195342
0.000207542
0.000218515
0.000228256
0.000236832
0.000244343
0.0002509
0.000256613
0.000261581
0.000265898
0.000269645
0.000272896
0.000275715
0.000278159
0.000280276
0.000282104
0.000283687
0.000285054
0.000286238
0.000287261
0.000288148
0.000288916
0.000289582
0.000290155
0.000290653
0.00029108
0.000291458
0.000291778
0.000292082
0.00029231
0.000292544
0.000292697
0.000292868
0.000292707
0.000290877
0.000289973
0.000289863
0.000290538
0.00029147
0.000292388
0.000292927
0.0002931
0.000292825
0.000292284
0.000291524
0.000290654
0.00028972
0.000288803
0.000287909
0.000287047
0.000286263
0.00028558
0.000284996
0.000284466
0.000284025
0.000283671
0.000283365
0.000283126
0.000282944
0.000282788
0.000282677
0.000282601
0.000282545
0.000282515
0.000282503
0.000282499
0.000282507
0.00028252
0.000282535
0.000282555
0.000282577
0.000282597
0.000282618
0.00028264
0.000282659
0.000282678
0.000282696
0.000282711
0.000282725
0.000282741
0.000282755
0.000282768
0.00028278
0.000282793
0.000282803
0.000282811
0.00028282
0.000282829
0.000282835
0.000282839
0.000282844
0.000282851
0.000282855
0.000282858
0.000282862
0.000282867
0.000282873
0.000282877
0.00028288
0.000282882
0.000282883
0.000282885
0.000282888
0.00028289
0.000282893
0.000282896
0.0002829
0.000282903
0.000282906
0.000282909
0.000282912
0.000282915
0.000282917
0.000282919
0.00028292
0.000282922
0.000282923
0.000282924
0.000282925
0.000282925
0.000282926
0.000282926
0.000282927
0.000282927
0.000282928
0.00028293
0.000282932
0.000282933
0.000282937
0.000282936
0.000282936
0.00028294
0.000282939
0.000282937
0.000282942
0.000282944
0.000282941
0.000282946
0.000282949
0.000282946
0.000282949
0.00028295
0.000282949
0.000282952
0.000282954
0.000282949
0.000282948
0.00028295
0.000282947
0.000282947
0.000282949
0.000282947
0.000282947
0.000282949
0.000282952
0.000282951
0.000282951
0.000282952
0.00028295
0.000282947
0.000282945
0.000282944
0.000282942
0.000282939
0.000282936
0.000282933
0.000282929
0.000282927
0.000282923
0.000282918
0.000282914
0.000282908
0.000282903
0.000282898
0.00028289
0.000282883
0.00028288
0.000282872
0.000282865
0.000282863
0.000282855
0.000282848
0.000282846
0.000282839
0.000282833
0.000282829
0.000282821
0.000282814
0.00028281
0.000282801
0.000282793
0.000282788
0.00028278
0.000282773
0.000282768
0.00028276
0.000282753
0.000282748
0.000282741
0.000282733
0.000282727
0.000282718
0.000282709
0.000282703
0.000282693
0.000282685
0.00028268
0.000282672
0.000282665
0.000282661
0.000282654
0.000282648
0.000282644
0.000282638
0.000282632
0.00028263
0.000282624
0.000282619
0.000282616
0.000282611
0.000282606
0.000282604
0.0002826
0.000282595
0.000282594
0.00028259
0.000282586
0.000282586
0.000282582
0.000282579
0.000282578
0.000282575
0.000282572
0.000282573
0.000282571
0.00028257
0.000282571
0.000282568
0.000282565
0.000282564
0.000282567
0.000282562
0.000282566
0.000282562
0.000282561
0.000282563
0.000282562
0.000282574
0.00028257
0.000282579
0.000282573
0.000282581
0.000282574
0.000282572
0.000282567
0.000282566
0.000282567
0.00028257
0.000282573
0.000282575
0.000282577
0.000282577
0.000282579
0.000282579
0.000282579
0.00028258
0.00028258
0.000282626
0.000282706
0.000283482
0.000284691
0.000284342
0.000282008
0.000280458
0.000279577
)
;
    }
}


// ************************************************************************* //
