/*--------------------------------*- C++ -*----------------------------------*\
| =========                 |                                                 |
| \\      /  F ield         | foam-extend: Open Source CFD                    |
|  \\    /   O peration     | Version:     3.2                                |
|   \\  /    A nd           | Web:         http://www.foam-extend.org         |
|    \\/     M anipulation  | For copyright notice see file Copyright         |
\*---------------------------------------------------------------------------*/
FoamFile
{
    version     2.0;
    format      ascii;
    class       volScalarField;
    location    "50";
    object      nut;
}
// * * * * * * * * * * * * * * * * * * * * * * * * * * * * * * * * * * * * * //

dimensions      [0 2 -1 0 0 0 0];

internalField   nonuniform List<scalar> 
5400
(
3.16128e-05
2.51441e-05
2.15492e-05
2.15963e-05
2.12401e-05
2.12469e-05
2.10758e-05
2.10693e-05
2.10072e-05
2.10313e-05
2.10362e-05
2.10768e-05
2.11165e-05
2.11802e-05
2.12395e-05
2.13147e-05
2.13908e-05
2.14758e-05
2.15599e-05
2.16523e-05
2.17488e-05
2.18481e-05
2.19496e-05
2.20523e-05
2.2156e-05
2.22599e-05
2.23559e-05
2.24393e-05
2.25096e-05
2.25683e-05
2.26173e-05
2.26579e-05
2.26918e-05
2.27197e-05
2.27432e-05
2.27624e-05
2.27788e-05
2.2792e-05
2.28037e-05
2.28127e-05
2.28213e-05
2.28274e-05
2.28341e-05
2.28381e-05
2.28434e-05
2.28458e-05
2.28504e-05
2.28516e-05
2.28565e-05
2.28545e-05
2.28627e-05
2.28535e-05
2.28713e-05
2.28455e-05
2.28893e-05
2.28207e-05
2.29337e-05
2.27648e-05
2.30935e-05
2.2393e-05
1.95199e-05
1.92399e-05
1.9349e-05
1.92948e-05
1.94325e-05
1.93985e-05
1.95078e-05
1.94823e-05
1.95449e-05
1.95236e-05
1.9545e-05
1.95671e-05
1.95433e-05
1.95121e-05
1.95475e-05
1.95456e-05
1.95232e-05
1.95423e-05
1.95445e-05
1.95096e-05
1.9519e-05
1.95244e-05
1.95046e-05
1.95144e-05
1.9519e-05
1.9499e-05
1.9507e-05
1.951e-05
1.94931e-05
1.95009e-05
1.95045e-05
1.9489e-05
1.94979e-05
1.95006e-05
1.94877e-05
1.94965e-05
1.94983e-05
1.94891e-05
1.9494e-05
1.94999e-05
1.94906e-05
1.94923e-05
1.94999e-05
1.94938e-05
1.9491e-05
1.94995e-05
1.94983e-05
1.94923e-05
1.94961e-05
1.95014e-05
1.94968e-05
1.94934e-05
1.94989e-05
1.95021e-05
1.94977e-05
1.94955e-05
1.94998e-05
1.95023e-05
1.95011e-05
1.94995e-05
1.95001e-05
1.95023e-05
1.95034e-05
1.95043e-05
1.95049e-05
1.95053e-05
1.95057e-05
1.95059e-05
1.95063e-05
1.95066e-05
1.95066e-05
1.95069e-05
1.95072e-05
1.95076e-05
1.95079e-05
1.95081e-05
1.95086e-05
1.95089e-05
1.95094e-05
1.95096e-05
1.95099e-05
1.95104e-05
1.95103e-05
1.9512e-05
1.95103e-05
1.9512e-05
1.95134e-05
1.95091e-05
1.95163e-05
1.9514e-05
1.9509e-05
1.95183e-05
1.95149e-05
1.95087e-05
1.95221e-05
1.95163e-05
1.95059e-05
1.95251e-05
1.95204e-05
1.95044e-05
1.95253e-05
1.95246e-05
1.95065e-05
1.95237e-05
1.95249e-05
1.95117e-05
1.9525e-05
1.95228e-05
1.95138e-05
1.9527e-05
1.95291e-05
1.95156e-05
1.95236e-05
1.95314e-05
1.95221e-05
1.9525e-05
1.95351e-05
1.9529e-05
1.95229e-05
1.95333e-05
1.95353e-05
1.95252e-05
1.95278e-05
1.95361e-05
1.95333e-05
1.95283e-05
1.95323e-05
1.95353e-05
1.95348e-05
1.9532e-05
1.95343e-05
1.95351e-05
1.95332e-05
1.95383e-05
1.95331e-05
1.95326e-05
1.95388e-05
1.95322e-05
1.95328e-05
1.95421e-05
1.95324e-05
1.95333e-05
1.95473e-05
1.95348e-05
1.95324e-05
1.95495e-05
1.95391e-05
1.95313e-05
1.95491e-05
1.95435e-05
1.95357e-05
1.95478e-05
1.95423e-05
1.95393e-05
1.95521e-05
1.95429e-05
1.95368e-05
1.95523e-05
1.9546e-05
1.954e-05
1.95521e-05
1.95444e-05
1.95382e-05
1.95527e-05
1.95463e-05
1.95403e-05
1.95545e-05
1.95485e-05
1.95421e-05
1.95562e-05
1.95503e-05
1.95436e-05
1.95578e-05
1.9552e-05
1.95451e-05
1.95593e-05
1.95537e-05
1.95466e-05
1.95608e-05
1.95554e-05
1.9548e-05
1.95622e-05
1.9557e-05
1.95494e-05
1.95635e-05
1.95585e-05
1.95506e-05
1.95648e-05
1.956e-05
1.95518e-05
1.9566e-05
1.95613e-05
1.95529e-05
1.95671e-05
1.95622e-05
1.95545e-05
1.95672e-05
1.95647e-05
1.95535e-05
1.95698e-05
1.95645e-05
1.95563e-05
1.95703e-05
1.95623e-05
1.95619e-05
1.95619e-05
1.95781e-05
1.95472e-05
1.95744e-05
1.95625e-05
1.95657e-05
1.95702e-05
1.95543e-05
1.95784e-05
1.95548e-05
1.95824e-05
1.95446e-05
1.95806e-05
1.95589e-05
1.9579e-05
1.95545e-05
1.95703e-05
1.95648e-05
1.9573e-05
1.95624e-05
1.95694e-05
1.95645e-05
1.95624e-05
1.95641e-05
1.95629e-05
1.95607e-05
1.9571e-05
1.95436e-05
1.95743e-05
1.96352e-05
2.18303e-05
2.45006e-05
2.3633e-05
2.2637e-05
2.28234e-05
3.01621e-05
4.00922e-05
4.35874e-05
4.6216e-05
4.78857e-05
4.87143e-05
4.93327e-05
4.97058e-05
5.0095e-05
5.03971e-05
5.07005e-05
5.09951e-05
5.12843e-05
5.15857e-05
5.18747e-05
5.21644e-05
5.24567e-05
5.27472e-05
5.30413e-05
5.33332e-05
5.36216e-05
5.39066e-05
5.41856e-05
5.44573e-05
5.47185e-05
5.49566e-05
5.51578e-05
5.53178e-05
5.5442e-05
5.55384e-05
5.56131e-05
5.56718e-05
5.57177e-05
5.57543e-05
5.57831e-05
5.58068e-05
5.58254e-05
5.58414e-05
5.58538e-05
5.58653e-05
5.58738e-05
5.58824e-05
5.58883e-05
5.58951e-05
5.58991e-05
5.59043e-05
5.59077e-05
5.59113e-05
5.59149e-05
5.59158e-05
5.59218e-05
5.59169e-05
5.59284e-05
5.59128e-05
5.59396e-05
5.58965e-05
5.59644e-05
5.58644e-05
5.5946e-05
5.4332e-05
5.3461e-05
5.23186e-05
5.12517e-05
5.05222e-05
4.98708e-05
4.9505e-05
4.91767e-05
4.89693e-05
4.87997e-05
4.8664e-05
4.85421e-05
4.84421e-05
4.83595e-05
4.82965e-05
4.82394e-05
4.81889e-05
4.81591e-05
4.81393e-05
4.81165e-05
4.80917e-05
4.80896e-05
4.80766e-05
4.80586e-05
4.80597e-05
4.80557e-05
4.80445e-05
4.80515e-05
4.80495e-05
4.80394e-05
4.80456e-05
4.80446e-05
4.80362e-05
4.80423e-05
4.80405e-05
4.80352e-05
4.8041e-05
4.80397e-05
4.80365e-05
4.80394e-05
4.80412e-05
4.80375e-05
4.80402e-05
4.80428e-05
4.804e-05
4.80412e-05
4.80449e-05
4.80436e-05
4.80433e-05
4.80448e-05
4.80455e-05
4.80459e-05
4.80475e-05
4.80482e-05
4.80476e-05
4.8049e-05
4.80507e-05
4.80512e-05
4.80506e-05
4.80523e-05
4.80541e-05
4.80553e-05
4.80555e-05
4.80562e-05
4.80576e-05
4.80596e-05
4.80613e-05
4.80628e-05
4.8064e-05
4.80654e-05
4.80666e-05
4.80668e-05
4.80675e-05
4.80687e-05
4.80695e-05
4.80701e-05
4.80713e-05
4.8072e-05
4.80729e-05
4.80732e-05
4.8074e-05
4.80746e-05
4.80749e-05
4.80757e-05
4.80778e-05
4.80783e-05
4.80795e-05
4.80806e-05
4.80794e-05
4.80842e-05
4.80826e-05
4.80811e-05
4.80881e-05
4.80852e-05
4.8083e-05
4.80918e-05
4.8088e-05
4.80843e-05
4.80963e-05
4.80913e-05
4.80881e-05
4.80988e-05
4.80947e-05
4.80905e-05
4.80999e-05
4.80968e-05
4.80932e-05
4.81038e-05
4.80998e-05
4.80992e-05
4.81051e-05
4.81063e-05
4.81027e-05
4.8107e-05
4.81106e-05
4.81072e-05
4.81109e-05
4.81149e-05
4.81152e-05
4.81168e-05
4.81215e-05
4.81213e-05
4.81197e-05
4.81226e-05
4.81241e-05
4.8124e-05
4.8125e-05
4.8127e-05
4.81264e-05
4.81282e-05
4.81293e-05
4.81305e-05
4.81304e-05
4.81302e-05
4.81325e-05
4.81313e-05
4.81322e-05
4.8135e-05
4.81306e-05
4.81323e-05
4.81358e-05
4.8131e-05
4.81339e-05
4.81391e-05
4.81336e-05
4.8136e-05
4.81423e-05
4.81381e-05
4.81364e-05
4.8148e-05
4.81424e-05
4.81404e-05
4.81494e-05
4.81444e-05
4.81452e-05
4.81502e-05
4.81473e-05
4.81455e-05
4.81548e-05
4.81493e-05
4.81482e-05
4.81543e-05
4.81504e-05
4.81476e-05
4.81561e-05
4.81503e-05
4.81481e-05
4.81572e-05
4.81524e-05
4.81503e-05
4.81597e-05
4.81551e-05
4.81529e-05
4.81624e-05
4.81578e-05
4.81554e-05
4.81649e-05
4.81603e-05
4.81578e-05
4.81673e-05
4.81627e-05
4.81601e-05
4.81696e-05
4.8165e-05
4.81623e-05
4.81717e-05
4.81671e-05
4.81643e-05
4.81737e-05
4.81691e-05
4.81661e-05
4.81755e-05
4.81709e-05
4.81678e-05
4.81772e-05
4.81726e-05
4.817e-05
4.81784e-05
4.81745e-05
4.81703e-05
4.81801e-05
4.81748e-05
4.81729e-05
4.81818e-05
4.81755e-05
4.81774e-05
4.81772e-05
4.81862e-05
4.81698e-05
4.81823e-05
4.81752e-05
4.8181e-05
4.818e-05
4.81742e-05
4.81863e-05
4.81728e-05
4.81911e-05
4.81694e-05
4.81864e-05
4.81803e-05
4.81786e-05
4.81802e-05
4.81816e-05
4.81811e-05
4.81797e-05
4.81817e-05
4.81826e-05
4.81779e-05
4.8181e-05
4.81777e-05
4.81778e-05
4.81786e-05
4.81782e-05
4.81683e-05
4.81943e-05
4.88856e-05
5.01323e-05
5.16136e-05
5.21207e-05
5.3315e-05
5.41746e-05
2.75797e-05
4.36667e-05
5.1355e-05
5.98744e-05
6.64807e-05
6.97933e-05
7.19723e-05
7.37305e-05
7.50663e-05
7.62628e-05
7.72287e-05
7.81367e-05
7.89589e-05
7.97171e-05
8.04439e-05
8.11207e-05
8.17747e-05
8.24076e-05
8.30187e-05
8.36082e-05
8.4175e-05
8.4718e-05
8.52355e-05
8.57228e-05
8.61802e-05
8.6571e-05
8.68632e-05
8.707e-05
8.72156e-05
8.73169e-05
8.73883e-05
8.74373e-05
8.74719e-05
8.74951e-05
8.75121e-05
8.75233e-05
8.75324e-05
8.75384e-05
8.75441e-05
8.7548e-05
8.75523e-05
8.75552e-05
8.75592e-05
8.75615e-05
8.75652e-05
8.75666e-05
8.75701e-05
8.75719e-05
8.75744e-05
8.75765e-05
8.75765e-05
8.75788e-05
8.75783e-05
8.75801e-05
8.75774e-05
8.75799e-05
8.75743e-05
8.76321e-05
8.74427e-05
8.38144e-05
8.39389e-05
8.39841e-05
8.3022e-05
8.19403e-05
8.06315e-05
7.98141e-05
7.89102e-05
7.83206e-05
7.77631e-05
7.73554e-05
7.70301e-05
7.67617e-05
7.65145e-05
7.63869e-05
7.62131e-05
7.60869e-05
7.6017e-05
7.59459e-05
7.58628e-05
7.58465e-05
7.58215e-05
7.57778e-05
7.57719e-05
7.57618e-05
7.57338e-05
7.5741e-05
7.57422e-05
7.57258e-05
7.5733e-05
7.57369e-05
7.57234e-05
7.57313e-05
7.57353e-05
7.57232e-05
7.57324e-05
7.57349e-05
7.57263e-05
7.57335e-05
7.57377e-05
7.57292e-05
7.57342e-05
7.57419e-05
7.57348e-05
7.57348e-05
7.57446e-05
7.57415e-05
7.57371e-05
7.57445e-05
7.57472e-05
7.57419e-05
7.57426e-05
7.57519e-05
7.57508e-05
7.57463e-05
7.57486e-05
7.57556e-05
7.57547e-05
7.57541e-05
7.5755e-05
7.57578e-05
7.57605e-05
7.57614e-05
7.57625e-05
7.57645e-05
7.5767e-05
7.57693e-05
7.57714e-05
7.57732e-05
7.57748e-05
7.57763e-05
7.57779e-05
7.57793e-05
7.57805e-05
7.57818e-05
7.57832e-05
7.57845e-05
7.57857e-05
7.57871e-05
7.5788e-05
7.57892e-05
7.57903e-05
7.57907e-05
7.57922e-05
7.57929e-05
7.57956e-05
7.57987e-05
7.57965e-05
7.58024e-05
7.58018e-05
7.57985e-05
7.58074e-05
7.58059e-05
7.58026e-05
7.58135e-05
7.58097e-05
7.58032e-05
7.58208e-05
7.5816e-05
7.58046e-05
7.58272e-05
7.58236e-05
7.58075e-05
7.58277e-05
7.58281e-05
7.58152e-05
7.58293e-05
7.58294e-05
7.5822e-05
7.58378e-05
7.58359e-05
7.58266e-05
7.58392e-05
7.58447e-05
7.58357e-05
7.58429e-05
7.58512e-05
7.58455e-05
7.58453e-05
7.58611e-05
7.586e-05
7.58517e-05
7.58602e-05
7.58674e-05
7.58626e-05
7.58604e-05
7.58683e-05
7.58695e-05
7.58685e-05
7.58682e-05
7.58727e-05
7.58746e-05
7.58727e-05
7.58766e-05
7.58732e-05
7.58737e-05
7.58803e-05
7.58746e-05
7.58757e-05
7.58823e-05
7.58738e-05
7.58761e-05
7.58879e-05
7.58755e-05
7.58763e-05
7.58926e-05
7.58823e-05
7.58781e-05
7.58956e-05
7.58906e-05
7.58843e-05
7.58959e-05
7.58934e-05
7.58902e-05
7.59018e-05
7.58936e-05
7.58914e-05
7.59055e-05
7.58996e-05
7.5894e-05
7.59052e-05
7.58987e-05
7.58949e-05
7.5907e-05
7.59009e-05
7.5895e-05
7.59066e-05
7.59017e-05
7.58965e-05
7.59087e-05
7.59042e-05
7.58992e-05
7.59115e-05
7.59072e-05
7.5902e-05
7.59143e-05
7.591e-05
7.59046e-05
7.5917e-05
7.59128e-05
7.59071e-05
7.59194e-05
7.59153e-05
7.59094e-05
7.59217e-05
7.59176e-05
7.59116e-05
7.59239e-05
7.59198e-05
7.59135e-05
7.59258e-05
7.59217e-05
7.59152e-05
7.59275e-05
7.59234e-05
7.59171e-05
7.59292e-05
7.59259e-05
7.59178e-05
7.59311e-05
7.59265e-05
7.5918e-05
7.59319e-05
7.59267e-05
7.59252e-05
7.59296e-05
7.59346e-05
7.59204e-05
7.59363e-05
7.5933e-05
7.59176e-05
7.59416e-05
7.59165e-05
7.5942e-05
7.59255e-05
7.59352e-05
7.5924e-05
7.59422e-05
7.59333e-05
7.59306e-05
7.59324e-05
7.59226e-05
7.59486e-05
7.59231e-05
7.59454e-05
7.59211e-05
7.59469e-05
7.59157e-05
7.59457e-05
7.5919e-05
7.59401e-05
7.59225e-05
7.59246e-05
7.59284e-05
7.5953e-05
7.74658e-05
7.89837e-05
8.03247e-05
7.99114e-05
8.14385e-05
8.33905e-05
2.63173e-05
3.79744e-05
4.80646e-05
6.06772e-05
7.15318e-05
7.9372e-05
8.56797e-05
8.96186e-05
9.27538e-05
9.54471e-05
9.76623e-05
9.96301e-05
0.000101363
0.00010294
0.000104387
0.000105704
0.000106944
0.000108109
0.00010921
0.000110248
0.000111224
0.000112139
0.000112991
0.000113774
0.000114485
0.000115066
0.000115477
0.000115752
0.000115929
0.000116038
0.000116102
0.000116135
0.000116149
0.00011615
0.000116145
0.000116135
0.000116125
0.000116115
0.000116107
0.000116099
0.000116093
0.000116088
0.000116085
0.000116083
0.000116081
0.00011608
0.00011608
0.00011608
0.00011608
0.000116081
0.000116079
0.000116082
0.000116079
0.000116084
0.000116075
0.000116088
0.000116065
0.000116167
0.000115788
0.00011062
0.00010944
0.000112064
0.000111993
0.000111074
0.000109645
0.000108553
0.000107225
0.00010626
0.000105301
0.000104571
0.000103958
0.000103422
0.000102948
0.00010267
0.000102356
0.000102104
0.000101938
0.000101786
0.000101636
0.000101575
0.00010152
0.000101447
0.000101421
0.000101397
0.000101353
0.000101353
0.000101353
0.000101329
0.000101336
0.000101344
0.000101326
0.000101336
0.000101345
0.000101329
0.000101341
0.000101348
0.000101337
0.000101346
0.000101353
0.000101343
0.000101348
0.00010136
0.000101352
0.00010135
0.000101363
0.000101361
0.000101354
0.000101363
0.000101368
0.000101361
0.000101361
0.000101373
0.000101374
0.000101367
0.000101368
0.000101379
0.000101379
0.000101377
0.000101376
0.000101381
0.000101385
0.000101387
0.000101387
0.000101389
0.000101391
0.000101394
0.000101397
0.000101399
0.000101401
0.000101403
0.000101405
0.000101407
0.000101409
0.000101411
0.000101413
0.000101415
0.000101416
0.000101418
0.000101419
0.000101421
0.000101422
0.000101422
0.000101424
0.000101426
0.00010143
0.000101433
0.00010143
0.000101438
0.000101438
0.000101433
0.000101444
0.000101443
0.000101438
0.000101452
0.000101448
0.000101438
0.00010146
0.000101457
0.00010144
0.000101467
0.000101468
0.000101444
0.000101468
0.000101472
0.000101455
0.00010147
0.000101474
0.000101463
0.000101482
0.000101482
0.000101468
0.000101483
0.000101492
0.000101481
0.000101488
0.000101499
0.000101491
0.000101489
0.000101509
0.00010151
0.000101499
0.000101509
0.00010152
0.000101514
0.000101509
0.00010152
0.000101523
0.000101521
0.000101519
0.000101525
0.000101528
0.000101526
0.000101531
0.000101527
0.000101527
0.000101536
0.00010153
0.00010153
0.000101539
0.000101529
0.000101529
0.000101545
0.00010153
0.000101527
0.00010155
0.000101537
0.000101529
0.000101551
0.000101548
0.000101537
0.000101551
0.00010155
0.000101544
0.00010156
0.000101549
0.000101544
0.000101563
0.000101557
0.000101548
0.000101562
0.000101554
0.000101548
0.000101564
0.000101558
0.000101549
0.000101563
0.000101558
0.000101549
0.000101564
0.00010156
0.000101551
0.000101567
0.000101562
0.000101553
0.000101569
0.000101565
0.000101556
0.000101571
0.000101567
0.000101558
0.000101574
0.00010157
0.00010156
0.000101576
0.000101572
0.000101562
0.000101578
0.000101574
0.000101564
0.000101579
0.000101576
0.000101566
0.000101581
0.000101578
0.000101568
0.000101582
0.00010158
0.000101568
0.000101584
0.000101581
0.000101568
0.000101586
0.000101581
0.000101577
0.000101583
0.000101591
0.000101572
0.000101588
0.000101588
0.000101569
0.000101597
0.000101566
0.000101599
0.000101578
0.00010159
0.000101577
0.000101595
0.00010159
0.000101587
0.000101579
0.000101577
0.000101606
0.00010158
0.000101597
0.000101574
0.000101603
0.000101566
0.000101603
0.000101572
0.000101597
0.00010158
0.00010158
0.000101584
0.000101591
0.000103867
0.000106246
0.000106248
0.000104243
0.000103737
0.000108267
2.78107e-05
3.2669e-05
4.48266e-05
5.6316e-05
6.61615e-05
7.75126e-05
8.75727e-05
9.5452e-05
0.0001021
0.000107539
0.000111484
0.000114913
0.000117923
0.000120641
0.000123087
0.000125298
0.000127348
0.000129244
0.000131013
0.000132659
0.000134185
0.000135597
0.000136893
0.000138067
0.000139112
0.000139952
0.00014055
0.000140956
0.000141222
0.00014139
0.00014149
0.000141543
0.000141566
0.000141571
0.000141565
0.000141554
0.000141541
0.000141528
0.000141516
0.000141507
0.000141498
0.000141493
0.000141489
0.000141487
0.000141485
0.000141484
0.000141484
0.000141485
0.000141485
0.000141487
0.000141486
0.000141492
0.000141488
0.000141497
0.000141485
0.000141505
0.000141474
0.000141603
0.000141056
0.000134863
0.000130437
0.000136566
0.000137449
0.000136984
0.000135855
0.000134722
0.000133223
0.000132009
0.000130739
0.000129726
0.000128836
0.00012803
0.000127316
0.000126851
0.000126382
0.000125985
0.0001257
0.000125449
0.00012522
0.00012509
0.000124987
0.000124876
0.000124818
0.000124772
0.000124709
0.000124693
0.000124685
0.000124654
0.000124655
0.000124663
0.000124642
0.000124652
0.000124663
0.000124647
0.000124659
0.000124668
0.000124657
0.000124667
0.000124677
0.000124668
0.000124672
0.000124686
0.000124678
0.000124675
0.000124689
0.000124689
0.000124681
0.000124691
0.000124698
0.000124691
0.000124689
0.000124703
0.000124706
0.000124698
0.000124698
0.00012471
0.000124713
0.00012471
0.000124708
0.000124713
0.000124719
0.000124721
0.000124722
0.000124723
0.000124725
0.000124728
0.00012473
0.000124733
0.000124736
0.000124738
0.000124741
0.000124744
0.000124746
0.000124749
0.000124751
0.000124753
0.000124755
0.000124757
0.000124759
0.000124761
0.000124762
0.000124763
0.000124765
0.000124766
0.000124771
0.000124775
0.000124772
0.000124779
0.00012478
0.000124774
0.000124787
0.000124787
0.00012478
0.000124796
0.000124793
0.000124781
0.000124805
0.000124805
0.000124783
0.000124811
0.000124816
0.000124789
0.000124812
0.000124821
0.000124802
0.000124817
0.000124823
0.00012481
0.00012483
0.000124832
0.000124817
0.000124831
0.000124842
0.000124831
0.000124837
0.00012485
0.000124842
0.000124837
0.000124858
0.000124862
0.000124852
0.000124859
0.000124874
0.000124868
0.000124861
0.000124872
0.000124879
0.000124876
0.000124873
0.000124879
0.000124884
0.000124881
0.000124887
0.000124882
0.000124881
0.000124892
0.000124886
0.000124885
0.000124896
0.000124885
0.000124884
0.000124902
0.000124886
0.00012488
0.000124906
0.000124894
0.000124881
0.000124906
0.000124904
0.00012489
0.000124905
0.000124905
0.000124898
0.000124915
0.000124905
0.000124896
0.000124917
0.000124913
0.000124901
0.000124916
0.000124909
0.0001249
0.000124918
0.000124914
0.000124901
0.000124917
0.000124912
0.0001249
0.000124917
0.000124913
0.000124901
0.000124918
0.000124914
0.000124902
0.000124919
0.000124916
0.000124904
0.000124921
0.000124918
0.000124906
0.000124923
0.00012492
0.000124908
0.000124924
0.000124922
0.000124909
0.000124926
0.000124924
0.000124911
0.000124927
0.000124925
0.000124912
0.000124929
0.000124927
0.000124914
0.00012493
0.000124929
0.000124914
0.000124931
0.00012493
0.000124915
0.000124934
0.00012493
0.000124923
0.00012493
0.00012494
0.000124919
0.000124932
0.000124938
0.000124915
0.000124946
0.000124912
0.000124948
0.000124927
0.000124939
0.000124925
0.000124941
0.000124943
0.000124936
0.000124924
0.000124923
0.000124956
0.000124932
0.000124943
0.000124922
0.000124953
0.000124914
0.000124952
0.000124921
0.000124946
0.000124932
0.000124931
0.000124934
0.00012492
0.000126791
0.000131071
0.000129815
0.00012689
0.00012429
0.000127717
3.48154e-05
3.08752e-05
3.82906e-05
5.05017e-05
5.78234e-05
6.98243e-05
8.12016e-05
9.17414e-05
0.000101401
0.000109578
0.000116737
0.000122652
0.000128086
0.000132552
0.00013624
0.000139576
0.000142642
0.000145468
0.000148084
0.000150496
0.000152716
0.000154756
0.000156612
0.000158285
0.000159766
0.000160971
0.000161863
0.000162504
0.000162957
0.00016327
0.000163484
0.000163627
0.000163722
0.000163784
0.000163825
0.000163851
0.00016387
0.000163883
0.000163894
0.000163905
0.000163913
0.000163924
0.000163932
0.000163942
0.00016395
0.000163959
0.000163966
0.000163975
0.000163981
0.000163989
0.000163993
0.000164003
0.000164003
0.000164019
0.000164008
0.000164035
0.000163999
0.000164146
0.00016345
0.000156692
0.000149871
0.000157442
0.000159679
0.000159742
0.000159084
0.000158071
0.000156626
0.000155313
0.000153867
0.000152657
0.000151547
0.000150509
0.000149581
0.00014893
0.000148306
0.000147763
0.000147349
0.000146991
0.000146676
0.000146466
0.000146303
0.000146146
0.000146048
0.00014597
0.000145884
0.000145847
0.000145824
0.000145783
0.000145776
0.000145779
0.000145755
0.000145761
0.000145773
0.000145756
0.000145767
0.000145779
0.000145768
0.000145778
0.00014579
0.000145782
0.000145785
0.000145801
0.000145795
0.000145791
0.000145805
0.000145807
0.000145798
0.000145808
0.000145817
0.000145811
0.000145808
0.000145822
0.000145827
0.00014582
0.000145818
0.00014583
0.000145835
0.000145832
0.000145829
0.000145834
0.000145842
0.000145844
0.000145846
0.000145847
0.000145849
0.000145851
0.000145853
0.000145856
0.000145859
0.000145862
0.000145865
0.000145868
0.000145871
0.000145874
0.000145877
0.000145879
0.000145881
0.000145884
0.000145886
0.000145888
0.00014589
0.000145891
0.000145893
0.000145895
0.0001459
0.000145904
0.000145901
0.000145908
0.00014591
0.000145903
0.000145916
0.000145918
0.00014591
0.000145926
0.000145925
0.000145911
0.000145935
0.000145937
0.000145914
0.00014594
0.000145949
0.000145921
0.000145942
0.000145953
0.000145935
0.000145949
0.000145956
0.000145943
0.000145962
0.000145966
0.000145952
0.000145963
0.000145976
0.000145966
0.000145971
0.000145985
0.000145978
0.000145971
0.000145992
0.000145998
0.000145988
0.000145994
0.00014601
0.000146006
0.000145997
0.000146008
0.000146016
0.000146014
0.000146011
0.000146016
0.000146021
0.000146018
0.000146024
0.00014602
0.000146018
0.000146029
0.000146023
0.000146022
0.000146033
0.000146023
0.000146021
0.00014604
0.000146024
0.000146015
0.000146041
0.000146031
0.000146016
0.00014604
0.000146041
0.000146025
0.000146039
0.00014604
0.000146032
0.00014605
0.000146041
0.00014603
0.00014605
0.000146047
0.000146033
0.000146048
0.000146042
0.000146032
0.00014605
0.000146046
0.000146032
0.000146048
0.000146045
0.00014603
0.000146047
0.000146043
0.00014603
0.000146046
0.000146044
0.00014603
0.000146047
0.000146045
0.000146031
0.000146048
0.000146046
0.000146032
0.000146048
0.000146047
0.000146033
0.000146049
0.000146048
0.000146034
0.00014605
0.000146049
0.000146035
0.000146051
0.00014605
0.000146036
0.000146052
0.000146052
0.000146038
0.000146053
0.000146053
0.000146037
0.000146053
0.000146055
0.000146038
0.000146057
0.000146054
0.000146046
0.000146053
0.000146064
0.000146043
0.000146053
0.000146063
0.000146039
0.000146069
0.000146036
0.000146072
0.000146051
0.000146063
0.000146049
0.000146062
0.00014607
0.00014606
0.000146047
0.000146045
0.000146081
0.00014606
0.000146066
0.000146047
0.000146078
0.000146039
0.000146076
0.000146046
0.000146071
0.00014606
0.000146057
0.000146062
0.000146026
0.000144768
0.000153251
0.000151101
0.00014781
0.000145516
0.000145431
5.07534e-05
3.39713e-05
3.40189e-05
4.16135e-05
5.28011e-05
6.25263e-05
7.15082e-05
8.26176e-05
9.38577e-05
0.000104014
0.000113714
0.000121992
0.000129697
0.000136278
0.0001422
0.000147273
0.000151944
0.000156412
0.000160308
0.000163635
0.000166686
0.000169481
0.000172017
0.000174304
0.000176356
0.000178081
0.000179409
0.000180418
0.000181179
0.000181753
0.000182185
0.000182513
0.000182764
0.000182957
0.00018311
0.000183232
0.000183332
0.000183416
0.000183487
0.00018355
0.000183602
0.000183652
0.000183694
0.000183734
0.000183766
0.000183798
0.000183824
0.00018385
0.000183869
0.000183891
0.000183906
0.000183927
0.000183936
0.00018396
0.000183955
0.00018399
0.000183956
0.000184113
0.000183298
0.000176322
0.00016962
0.000174737
0.000179233
0.000179737
0.000179548
0.000178726
0.000177477
0.000176181
0.000174695
0.000173382
0.000172129
0.00017092
0.000169828
0.000169015
0.000168253
0.000167575
0.000167041
0.000166579
0.000166175
0.000165884
0.000165653
0.000165446
0.000165304
0.000165187
0.000165075
0.000165014
0.000164971
0.000164916
0.000164898
0.000164893
0.000164864
0.000164866
0.000164875
0.000164858
0.000164867
0.000164879
0.00016487
0.000164878
0.000164891
0.000164885
0.000164888
0.000164904
0.0001649
0.000164896
0.00016491
0.000164913
0.000164906
0.000164914
0.000164925
0.00016492
0.000164917
0.00016493
0.000164937
0.000164931
0.000164928
0.00016494
0.000164946
0.000164944
0.000164941
0.000164945
0.000164953
0.000164957
0.000164959
0.00016496
0.000164961
0.000164963
0.000164965
0.000164968
0.000164971
0.000164974
0.000164978
0.000164981
0.000164985
0.000164988
0.000164991
0.000164993
0.000164996
0.000164999
0.000165001
0.000165003
0.000165005
0.000165007
0.000165009
0.000165011
0.000165016
0.00016502
0.000165017
0.000165024
0.000165027
0.00016502
0.000165032
0.000165035
0.000165027
0.000165043
0.000165043
0.000165028
0.000165052
0.000165056
0.000165032
0.000165056
0.000165066
0.000165041
0.000165059
0.000165071
0.000165055
0.000165068
0.000165076
0.000165063
0.00016508
0.000165086
0.000165072
0.000165082
0.000165095
0.000165086
0.00016509
0.000165105
0.000165099
0.00016509
0.00016511
0.000165117
0.000165109
0.000165113
0.000165129
0.000165126
0.000165117
0.000165127
0.000165136
0.000165135
0.000165131
0.000165136
0.00016514
0.000165138
0.000165144
0.00016514
0.000165138
0.000165148
0.000165143
0.000165141
0.000165152
0.000165143
0.000165139
0.000165158
0.000165143
0.000165133
0.000165158
0.00016515
0.000165133
0.000165156
0.000165157
0.000165141
0.000165155
0.000165156
0.000165148
0.000165164
0.000165156
0.000165144
0.000165163
0.000165161
0.000165146
0.00016516
0.000165155
0.000165144
0.000165161
0.000165158
0.000165144
0.000165159
0.000165156
0.000165141
0.000165155
0.000165153
0.000165138
0.000165153
0.000165151
0.000165137
0.000165153
0.000165151
0.000165137
0.000165152
0.000165151
0.000165137
0.000165152
0.000165151
0.000165137
0.000165152
0.000165152
0.000165137
0.000165152
0.000165152
0.000165137
0.000165153
0.000165153
0.000165138
0.000165153
0.000165154
0.000165139
0.000165153
0.000165155
0.000165138
0.000165153
0.000165156
0.000165139
0.000165158
0.000165156
0.000165147
0.000165153
0.000165165
0.000165144
0.000165151
0.000165164
0.000165141
0.000165169
0.000165137
0.000165172
0.000165153
0.000165165
0.000165152
0.000165162
0.000165173
0.000165161
0.00016515
0.000165145
0.000165183
0.000165163
0.000165167
0.000165149
0.00016518
0.000165143
0.000165177
0.000165149
0.000165173
0.000165164
0.00016516
0.000165168
0.000165114
0.000160326
0.000172402
0.00017021
0.000166997
0.000166682
0.000164688
8.08322e-05
4.56081e-05
3.6566e-05
3.73387e-05
4.48453e-05
5.6262e-05
6.31754e-05
7.32781e-05
8.33406e-05
9.39645e-05
0.000105009
0.00011497
0.000124588
0.000133121
0.000141112
0.000148101
0.000154357
0.000160287
0.000165594
0.000170449
0.000174781
0.000178517
0.000181789
0.00018459
0.000187901
0.000191392
0.000193309
0.000194828
0.000196035
0.000196997
0.000197768
0.00019839
0.000198896
0.000199311
0.000199654
0.000199941
0.000200183
0.00020039
0.000200566
0.00020072
0.000200851
0.00020097
0.00020107
0.000201161
0.000201237
0.000201308
0.000201365
0.000201421
0.000201464
0.000201507
0.000201541
0.000201579
0.000201602
0.000201639
0.000201645
0.000201691
0.000201664
0.000201826
0.000200936
0.000193981
0.000190166
0.000192231
0.000196576
0.000197386
0.000197586
0.000196967
0.000195969
0.000194761
0.000193338
0.000192003
0.000190688
0.000189376
0.00018818
0.000187241
0.000186371
0.000185579
0.000184941
0.000184387
0.000183902
0.000183534
0.000183237
0.000182979
0.00018279
0.000182633
0.000182494
0.000182404
0.000182339
0.00018227
0.000182238
0.000182222
0.000182188
0.000182183
0.000182188
0.00018217
0.000182177
0.000182187
0.000182179
0.000182187
0.0001822
0.000182195
0.000182198
0.000182215
0.000182211
0.000182209
0.000182222
0.000182226
0.00018222
0.000182228
0.00018224
0.000182237
0.000182234
0.000182246
0.000182254
0.000182249
0.000182247
0.000182257
0.000182264
0.000182263
0.00018226
0.000182264
0.000182272
0.000182276
0.000182279
0.00018228
0.000182281
0.000182283
0.000182285
0.000182288
0.000182291
0.000182294
0.000182298
0.000182301
0.000182305
0.000182308
0.000182311
0.000182314
0.000182317
0.00018232
0.000182322
0.000182325
0.000182327
0.000182329
0.000182332
0.000182334
0.000182338
0.000182342
0.000182339
0.000182347
0.000182349
0.000182342
0.000182354
0.000182357
0.00018235
0.000182366
0.000182367
0.000182352
0.000182374
0.000182379
0.000182356
0.000182378
0.000182389
0.000182366
0.000182381
0.000182393
0.00018238
0.000182391
0.000182399
0.000182387
0.000182403
0.000182409
0.000182397
0.000182404
0.000182418
0.00018241
0.000182413
0.000182428
0.000182423
0.000182414
0.000182432
0.00018244
0.000182433
0.000182436
0.000182452
0.00018245
0.000182441
0.000182449
0.000182458
0.000182458
0.000182454
0.000182458
0.000182462
0.000182461
0.000182466
0.000182463
0.00018246
0.000182469
0.000182464
0.000182461
0.000182472
0.000182463
0.000182459
0.000182477
0.000182464
0.000182453
0.000182476
0.000182469
0.000182452
0.000182473
0.000182474
0.000182458
0.00018247
0.000182472
0.000182463
0.000182479
0.000182471
0.000182459
0.000182475
0.000182473
0.000182459
0.000182471
0.000182467
0.000182456
0.000182471
0.000182468
0.000182454
0.000182468
0.000182465
0.00018245
0.000182463
0.00018246
0.000182446
0.000182459
0.000182457
0.000182443
0.000182457
0.000182456
0.000182441
0.000182455
0.000182454
0.00018244
0.000182454
0.000182454
0.000182439
0.000182453
0.000182453
0.000182438
0.000182452
0.000182453
0.000182438
0.000182452
0.000182453
0.000182438
0.000182452
0.000182453
0.000182439
0.000182452
0.000182454
0.000182438
0.000182451
0.000182455
0.000182438
0.000182456
0.000182455
0.000182445
0.000182451
0.000182462
0.000182443
0.000182448
0.000182462
0.00018244
0.000182466
0.000182437
0.00018247
0.000182453
0.000182464
0.000182452
0.000182459
0.000182473
0.000182459
0.00018245
0.000182443
0.000182481
0.000182463
0.000182467
0.000182449
0.00018248
0.000182444
0.000182475
0.00018245
0.000182472
0.000182464
0.000182461
0.000182472
0.000182405
0.00017598
0.000189684
0.000187518
0.000184545
0.000184266
0.000185406
0.000134438
6.83482e-05
4.85742e-05
4.05657e-05
4.07524e-05
4.75994e-05
5.82111e-05
6.71813e-05
7.42321e-05
8.36239e-05
9.37878e-05
0.000104083
0.00011478
0.000124678
0.000134292
0.000143092
0.000151063
0.000158263
0.000164884
0.000171168
0.000176718
0.000181427
0.000185741
0.000190061
0.000195964
0.000201135
0.000203775
0.000205945
0.000207737
0.000209222
0.000210457
0.00021149
0.000212356
0.000213086
0.000213705
0.000214231
0.00021468
0.000215066
0.000215397
0.000215686
0.000215933
0.000216152
0.000216338
0.000216504
0.000216644
0.00021677
0.000216876
0.000216973
0.000217053
0.000217127
0.000217188
0.000217249
0.000217293
0.000217348
0.00021737
0.000217429
0.000217414
0.000217578
0.000216667
0.000209885
0.000207579
0.000209686
0.000212026
0.000213055
0.000213542
0.000213113
0.00021236
0.000211268
0.000209972
0.000208673
0.000207365
0.000206015
0.000204773
0.000203748
0.000202805
0.00020193
0.000201211
0.000200582
0.000200027
0.000199592
0.000199237
0.000198932
0.000198698
0.000198503
0.000198335
0.000198219
0.00019813
0.000198047
0.000198001
0.000197972
0.000197933
0.000197921
0.00019792
0.000197901
0.000197906
0.000197913
0.000197907
0.000197914
0.000197925
0.000197922
0.000197926
0.000197942
0.00019794
0.000197939
0.000197951
0.000197957
0.000197952
0.00019796
0.000197972
0.000197971
0.000197968
0.00019798
0.000197988
0.000197985
0.000197982
0.000197992
0.000198
0.000198
0.000197997
0.000198
0.000198008
0.000198014
0.000198016
0.000198017
0.000198018
0.00019802
0.000198022
0.000198025
0.000198028
0.000198031
0.000198035
0.000198039
0.000198043
0.000198046
0.000198049
0.000198053
0.000198056
0.000198059
0.000198061
0.000198064
0.000198066
0.000198068
0.000198071
0.000198073
0.000198077
0.000198081
0.000198079
0.000198085
0.000198088
0.000198081
0.000198093
0.000198096
0.00019809
0.000198104
0.000198106
0.000198092
0.000198112
0.000198118
0.000198096
0.000198116
0.000198127
0.000198107
0.00019812
0.000198131
0.00019812
0.00019813
0.000198138
0.000198127
0.000198141
0.000198148
0.000198137
0.000198142
0.000198155
0.000198149
0.000198151
0.000198165
0.000198161
0.000198153
0.000198169
0.000198178
0.000198171
0.000198173
0.000198188
0.000198187
0.000198178
0.000198185
0.000198194
0.000198194
0.000198191
0.000198194
0.000198198
0.000198196
0.000198201
0.000198198
0.000198195
0.000198202
0.000198198
0.000198195
0.000198204
0.000198196
0.000198191
0.000198207
0.000198195
0.000198185
0.000198205
0.000198199
0.000198183
0.000198201
0.000198203
0.000198187
0.000198198
0.000198199
0.00019819
0.000198204
0.000198197
0.000198185
0.000198198
0.000198197
0.000198183
0.000198193
0.000198189
0.000198178
0.000198191
0.000198188
0.000198175
0.000198187
0.000198184
0.000198169
0.00019818
0.000198178
0.000198163
0.000198175
0.000198173
0.000198159
0.000198171
0.000198169
0.000198155
0.000198168
0.000198167
0.000198153
0.000198165
0.000198165
0.000198151
0.000198163
0.000198163
0.000198149
0.000198161
0.000198162
0.000198148
0.00019816
0.000198161
0.000198147
0.00019816
0.000198161
0.000198148
0.000198159
0.000198161
0.000198146
0.000198158
0.000198163
0.000198147
0.000198162
0.000198162
0.000198153
0.000198158
0.000198168
0.00019815
0.000198154
0.000198169
0.000198149
0.000198172
0.000198146
0.000198176
0.000198161
0.000198172
0.00019816
0.000198166
0.00019818
0.000198167
0.000198159
0.00019815
0.000198187
0.000198171
0.000198176
0.000198158
0.000198187
0.000198155
0.000198182
0.00019816
0.00019818
0.000198173
0.00019817
0.000198184
0.000198109
0.0001934
0.000206712
0.000203485
0.000200507
0.000199849
0.000200643
0.000193704
0.00011064
7.19073e-05
5.36878e-05
4.492e-05
4.45483e-05
5.01798e-05
5.95136e-05
6.83267e-05
7.64829e-05
8.40136e-05
9.30558e-05
0.000103021
0.000113083
0.000123523
0.000133425
0.000142833
0.00015136
0.000159312
0.000166554
0.000173454
0.0001796
0.000185928
0.000193387
0.000202393
0.000207607
0.00021109
0.000214042
0.000216552
0.000218689
0.000220513
0.000222069
0.000223399
0.000224538
0.000225514
0.000226352
0.000227072
0.000227694
0.00022823
0.000228695
0.000229095
0.000229446
0.000229746
0.00023001
0.000230234
0.000230433
0.000230603
0.000230754
0.000230882
0.000230996
0.000231093
0.000231185
0.000231256
0.000231333
0.000231378
0.000231453
0.000231455
0.000231617
0.000230734
0.000224232
0.000221694
0.000223516
0.000225854
0.000227041
0.000227726
0.000227462
0.000226919
0.000225948
0.000224805
0.000223576
0.000222323
0.00022099
0.000219749
0.000218678
0.000217699
0.00021677
0.000215996
0.000215315
0.000214706
0.000214219
0.000213816
0.000213471
0.000213198
0.00021297
0.000212778
0.000212637
0.000212526
0.00021243
0.000212371
0.00021233
0.000212285
0.000212267
0.00021226
0.000212241
0.000212243
0.000212248
0.000212243
0.000212248
0.000212259
0.000212258
0.000212261
0.000212277
0.000212277
0.000212277
0.000212288
0.000212296
0.000212293
0.000212301
0.000212313
0.000212313
0.000212312
0.000212322
0.000212331
0.00021233
0.000212327
0.000212336
0.000212345
0.000212345
0.000212343
0.000212346
0.000212354
0.00021236
0.000212363
0.000212364
0.000212365
0.000212366
0.000212369
0.000212372
0.000212375
0.000212378
0.000212382
0.000212385
0.000212389
0.000212393
0.000212396
0.0002124
0.000212403
0.000212406
0.000212408
0.000212411
0.000212413
0.000212416
0.000212418
0.00021242
0.000212424
0.000212427
0.000212426
0.000212432
0.000212434
0.000212429
0.000212439
0.000212443
0.000212437
0.00021245
0.000212452
0.00021244
0.000212458
0.000212463
0.000212444
0.000212461
0.000212472
0.000212455
0.000212465
0.000212476
0.000212468
0.000212476
0.000212483
0.000212474
0.000212486
0.000212494
0.000212484
0.000212487
0.000212499
0.000212494
0.000212496
0.000212509
0.000212506
0.000212499
0.000212513
0.000212521
0.000212515
0.000212516
0.00021253
0.00021253
0.000212522
0.000212527
0.000212536
0.000212536
0.000212533
0.000212535
0.000212538
0.000212537
0.000212541
0.000212538
0.000212534
0.00021254
0.000212536
0.000212533
0.000212541
0.000212533
0.000212528
0.000212542
0.000212531
0.000212521
0.000212537
0.000212533
0.000212519
0.000212533
0.000212535
0.00021252
0.000212529
0.000212529
0.000212521
0.000212532
0.000212526
0.000212514
0.000212525
0.000212523
0.000212509
0.000212518
0.000212514
0.000212504
0.000212513
0.000212511
0.000212498
0.000212508
0.000212505
0.000212491
0.0002125
0.000212497
0.000212483
0.000212493
0.000212491
0.000212477
0.000212487
0.000212485
0.000212472
0.000212482
0.000212481
0.000212468
0.000212478
0.000212478
0.000212465
0.000212475
0.000212475
0.000212462
0.000212472
0.000212473
0.00021246
0.00021247
0.000212471
0.000212458
0.000212469
0.00021247
0.000212458
0.000212468
0.00021247
0.000212456
0.000212467
0.000212471
0.000212457
0.00021247
0.00021247
0.000212462
0.000212467
0.000212476
0.000212459
0.000212461
0.000212476
0.000212458
0.000212479
0.000212456
0.000212483
0.000212471
0.00021248
0.00021247
0.000212475
0.000212489
0.000212476
0.00021247
0.00021246
0.000212494
0.00021248
0.000212486
0.000212468
0.000212495
0.000212466
0.00021249
0.000212471
0.000212488
0.000212482
0.00021248
0.000212498
0.00021242
0.000212953
0.000220931
0.000218097
0.000214983
0.000214069
0.000214575
0.000182921
0.000175016
0.000114042
7.79228e-05
5.93174e-05
4.98756e-05
4.81831e-05
5.25253e-05
6.06969e-05
7.09951e-05
7.75194e-05
8.54089e-05
9.30429e-05
0.000101829
0.000111496
0.000121221
0.00013124
0.000140764
0.000150054
0.00015833
0.000166649
0.000175439
0.000185338
0.000196839
0.000206015
0.00021114
0.000215579
0.000219436
0.000222789
0.000225699
0.000228222
0.000230406
0.000232293
0.000233923
0.00023533
0.000236545
0.000237594
0.000238501
0.000239285
0.000239965
0.000240551
0.000241062
0.0002415
0.000241884
0.000242212
0.000242499
0.000242747
0.000242963
0.000243149
0.000243313
0.000243453
0.000243581
0.000243685
0.00024379
0.00024386
0.000243955
0.000243978
0.000244139
0.000243324
0.000237183
0.000234559
0.000236049
0.000238287
0.000239578
0.000240388
0.000240265
0.000239888
0.000239032
0.000238038
0.000236895
0.000235723
0.000234447
0.000233242
0.000232156
0.000231172
0.000230221
0.000229417
0.000228706
0.000228063
0.000227539
0.000227103
0.000226728
0.000226426
0.000226173
0.000225961
0.000225801
0.000225673
0.000225567
0.000225497
0.000225446
0.000225398
0.000225375
0.000225362
0.000225344
0.000225342
0.000225346
0.000225342
0.000225347
0.000225357
0.000225358
0.000225362
0.000225377
0.000225379
0.00022538
0.000225391
0.0002254
0.000225399
0.000225407
0.000225419
0.000225421
0.000225421
0.000225431
0.00022544
0.00022544
0.000225438
0.000225445
0.000225455
0.000225456
0.000225454
0.000225457
0.000225465
0.000225471
0.000225475
0.000225476
0.000225477
0.000225479
0.000225481
0.000225484
0.000225487
0.00022549
0.000225494
0.000225497
0.000225501
0.000225505
0.000225508
0.000225512
0.000225515
0.000225518
0.000225521
0.000225523
0.000225526
0.000225528
0.000225531
0.000225532
0.000225536
0.000225539
0.000225538
0.000225543
0.000225546
0.000225541
0.00022555
0.000225554
0.000225549
0.000225561
0.000225563
0.000225552
0.000225568
0.000225573
0.000225557
0.000225571
0.000225582
0.000225567
0.000225575
0.000225586
0.000225579
0.000225586
0.000225593
0.000225585
0.000225596
0.000225603
0.000225594
0.000225596
0.000225607
0.000225603
0.000225604
0.000225616
0.000225614
0.000225608
0.00022562
0.000225628
0.000225623
0.000225623
0.000225635
0.000225636
0.000225628
0.000225632
0.00022564
0.000225641
0.000225638
0.000225639
0.000225641
0.00022564
0.000225643
0.00022564
0.000225637
0.000225641
0.000225636
0.000225633
0.000225639
0.000225632
0.000225626
0.000225638
0.000225629
0.000225619
0.000225631
0.000225628
0.000225616
0.000225627
0.000225627
0.000225614
0.000225621
0.00022562
0.000225612
0.000225621
0.000225615
0.000225604
0.000225611
0.000225609
0.000225597
0.000225604
0.000225599
0.00022559
0.000225596
0.000225594
0.000225582
0.000225589
0.000225586
0.000225573
0.000225579
0.000225576
0.000225563
0.00022557
0.000225568
0.000225555
0.000225562
0.000225561
0.000225548
0.000225556
0.000225555
0.000225543
0.000225551
0.00022555
0.000225538
0.000225546
0.000225546
0.000225534
0.000225543
0.000225543
0.000225531
0.00022554
0.000225541
0.000225529
0.000225538
0.000225539
0.000225528
0.000225536
0.000225538
0.000225526
0.000225534
0.000225539
0.000225526
0.000225537
0.000225538
0.000225529
0.000225534
0.000225542
0.000225527
0.000225528
0.000225542
0.000225527
0.000225545
0.000225525
0.000225549
0.000225539
0.000225548
0.000225539
0.000225542
0.000225555
0.000225543
0.00022554
0.000225528
0.000225559
0.000225548
0.000225555
0.000225538
0.000225561
0.000225537
0.000225557
0.00022554
0.000225556
0.00022555
0.000225548
0.000225569
0.000225499
0.000229028
0.000233631
0.000231301
0.000228103
0.000227013
0.000227275
0.000164732
0.000251829
0.000175365
0.000119569
8.40199e-05
6.51503e-05
5.48252e-05
5.19924e-05
5.48209e-05
6.17477e-05
7.09351e-05
8.08356e-05
8.66114e-05
9.41299e-05
0.000101765
0.000110118
0.000119529
0.000129205
0.000139271
0.000149218
0.000159694
0.000172335
0.000186424
0.000198932
0.000205888
0.000212099
0.000217606
0.000222484
0.000226792
0.000230581
0.000233898
0.000236792
0.00023931
0.000241496
0.000243392
0.000245034
0.000246456
0.000247687
0.000248752
0.000249676
0.000250474
0.000251167
0.000251763
0.000252282
0.000252728
0.000253116
0.000253453
0.000253744
0.000253997
0.000254216
0.000254405
0.000254575
0.000254716
0.000254853
0.000254952
0.000255068
0.000255116
0.000255275
0.000254559
0.000248854
0.000246291
0.000247426
0.000249481
0.000250827
0.000251705
0.000251705
0.000251455
0.000250704
0.00024984
0.000248787
0.000247701
0.000246503
0.000245355
0.000244282
0.000243315
0.000242367
0.000241556
0.000240835
0.000240178
0.000239635
0.000239181
0.00023879
0.00023847
0.000238202
0.000237978
0.000237805
0.000237666
0.000237556
0.000237478
0.000237422
0.000237373
0.000237346
0.00023733
0.000237313
0.00023731
0.000237313
0.000237311
0.000237316
0.000237326
0.000237329
0.000237334
0.000237348
0.000237352
0.000237355
0.000237366
0.000237376
0.000237378
0.000237386
0.000237398
0.000237402
0.000237403
0.000237412
0.000237422
0.000237423
0.000237422
0.000237428
0.000237438
0.00023744
0.000237439
0.000237442
0.000237449
0.000237456
0.000237459
0.000237461
0.000237462
0.000237464
0.000237466
0.000237469
0.000237472
0.000237475
0.000237479
0.000237483
0.000237487
0.00023749
0.000237494
0.000237497
0.0002375
0.000237503
0.000237506
0.000237508
0.000237511
0.000237513
0.000237516
0.000237517
0.00023752
0.000237523
0.000237522
0.000237527
0.000237529
0.000237525
0.000237533
0.000237537
0.000237533
0.000237543
0.000237546
0.000237537
0.00023755
0.000237555
0.000237541
0.000237553
0.000237563
0.000237551
0.000237558
0.000237568
0.000237562
0.000237568
0.000237574
0.000237568
0.000237576
0.000237584
0.000237576
0.000237577
0.000237586
0.000237583
0.000237584
0.000237594
0.000237593
0.000237588
0.000237598
0.000237605
0.000237601
0.000237601
0.000237612
0.000237612
0.000237606
0.000237607
0.000237614
0.000237615
0.000237612
0.000237613
0.000237614
0.000237613
0.000237615
0.000237612
0.000237608
0.000237611
0.000237606
0.000237602
0.000237607
0.0002376
0.000237594
0.000237603
0.000237595
0.000237586
0.000237595
0.000237592
0.000237581
0.000237589
0.000237589
0.000237577
0.000237581
0.00023758
0.000237572
0.000237578
0.000237573
0.000237562
0.000237566
0.000237564
0.000237553
0.000237557
0.000237553
0.000237543
0.000237547
0.000237544
0.000237534
0.000237538
0.000237535
0.000237522
0.000237526
0.000237522
0.00023751
0.000237515
0.000237512
0.0002375
0.000237506
0.000237503
0.000237492
0.000237498
0.000237496
0.000237485
0.000237491
0.00023749
0.000237479
0.000237485
0.000237485
0.000237474
0.00023748
0.00023748
0.00023747
0.000237476
0.000237477
0.000237467
0.000237473
0.000237474
0.000237465
0.000237471
0.000237472
0.000237462
0.000237469
0.000237473
0.000237462
0.000237472
0.000237472
0.000237464
0.000237468
0.000237475
0.000237462
0.000237462
0.000237474
0.000237462
0.000237477
0.000237461
0.000237482
0.000237474
0.000237482
0.000237475
0.000237477
0.000237489
0.000237478
0.000237475
0.000237463
0.00023749
0.000237482
0.000237489
0.000237474
0.000237494
0.000237474
0.00023749
0.000237476
0.000237489
0.000237484
0.000237484
0.000237506
0.000237455
0.000240693
0.000244951
0.000243126
0.000239962
0.000238757
0.000238814
0.000139425
0.000287892
0.000246173
0.000177092
0.000124173
8.95678e-05
7.07428e-05
5.98621e-05
5.56947e-05
5.72188e-05
6.26644e-05
7.08803e-05
8.0506e-05
8.93942e-05
9.57068e-05
0.00010328
0.000111521
0.000120835
0.000131274
0.000143118
0.000156692
0.000172322
0.000186357
0.000195258
0.000203431
0.000210862
0.000217563
0.000223577
0.00022894
0.000233687
0.000237865
0.000241524
0.000244719
0.000247501
0.000249919
0.000252017
0.000253837
0.000255414
0.00025678
0.000257964
0.000258988
0.000259875
0.00026064
0.000261304
0.000261876
0.000262372
0.000262805
0.000263176
0.000263499
0.000263778
0.00026402
0.000264235
0.000264415
0.000264586
0.000264716
0.000264855
0.000264929
0.000265088
0.000264487
0.000259305
0.000256938
0.000257716
0.000259526
0.000260863
0.000261782
0.000261894
0.000261743
0.000261089
0.00026033
0.00025936
0.000258354
0.000257236
0.000256154
0.00025511
0.000254173
0.000253247
0.000252446
0.000251734
0.000251081
0.000250535
0.000250078
0.000249684
0.000249359
0.000249088
0.000248862
0.000248685
0.000248544
0.000248433
0.000248354
0.000248296
0.00024825
0.000248223
0.000248207
0.000248193
0.000248191
0.000248194
0.000248194
0.0002482
0.000248211
0.000248216
0.000248223
0.000248237
0.000248243
0.000248248
0.00024826
0.00024827
0.000248274
0.000248283
0.000248296
0.000248301
0.000248303
0.000248312
0.000248322
0.000248325
0.000248324
0.00024833
0.000248339
0.000248343
0.000248342
0.000248345
0.000248352
0.000248359
0.000248363
0.000248365
0.000248366
0.000248368
0.00024837
0.000248373
0.000248376
0.000248379
0.000248383
0.000248387
0.00024839
0.000248394
0.000248397
0.000248401
0.000248404
0.000248407
0.000248409
0.000248412
0.000248414
0.000248416
0.000248419
0.00024842
0.000248423
0.000248425
0.000248425
0.000248428
0.000248431
0.000248428
0.000248434
0.000248438
0.000248435
0.000248444
0.000248447
0.000248439
0.00024845
0.000248454
0.000248443
0.000248452
0.000248462
0.000248452
0.000248457
0.000248467
0.000248462
0.000248467
0.000248472
0.000248468
0.000248474
0.000248481
0.000248474
0.000248474
0.000248482
0.00024848
0.00024848
0.000248489
0.000248489
0.000248485
0.000248492
0.0002485
0.000248496
0.000248496
0.000248504
0.000248505
0.000248499
0.0002485
0.000248505
0.000248506
0.000248503
0.000248503
0.000248503
0.000248502
0.000248503
0.0002485
0.000248496
0.000248497
0.000248492
0.000248488
0.00024849
0.000248484
0.000248477
0.000248483
0.000248476
0.000248468
0.000248473
0.000248471
0.000248461
0.000248466
0.000248465
0.000248455
0.000248457
0.000248455
0.000248447
0.000248451
0.000248445
0.000248435
0.000248436
0.000248433
0.000248423
0.000248426
0.000248421
0.000248412
0.000248413
0.00024841
0.0002484
0.000248402
0.000248397
0.000248386
0.000248387
0.000248383
0.000248372
0.000248374
0.000248371
0.00024836
0.000248363
0.00024836
0.00024835
0.000248353
0.000248351
0.000248341
0.000248345
0.000248343
0.000248334
0.000248338
0.000248337
0.000248327
0.000248332
0.000248331
0.000248322
0.000248326
0.000248327
0.000248318
0.000248323
0.000248323
0.000248315
0.000248319
0.00024832
0.000248311
0.000248317
0.000248321
0.000248312
0.000248319
0.000248319
0.000248312
0.000248315
0.000248321
0.00024831
0.000248309
0.00024832
0.00024831
0.000248323
0.00024831
0.000248327
0.000248321
0.000248329
0.000248323
0.000248324
0.000248334
0.000248325
0.000248323
0.000248312
0.000248334
0.000248328
0.000248336
0.000248323
0.000248339
0.000248323
0.000248337
0.000248325
0.000248336
0.000248331
0.000248332
0.000248355
0.000248333
0.000251191
0.000254981
0.00025362
0.000250584
0.000249317
0.000249199
0.000140615
0.000282553
0.000322215
0.000238442
0.000176325
0.000126931
9.43988e-05
7.59538e-05
6.45928e-05
5.94649e-05
5.95299e-05
6.37403e-05
7.07097e-05
7.95521e-05
8.9414e-05
9.96061e-05
0.000107591
0.000117218
0.000128339
0.000141912
0.000156519
0.000167904
0.000178924
0.00018927
0.000198901
0.000207777
0.000215862
0.000223146
0.000229643
0.000235394
0.000240457
0.000244897
0.000248778
0.000252161
0.000255103
0.00025766
0.000259878
0.000261802
0.000263469
0.000264914
0.000266163
0.000267245
0.000268179
0.000268988
0.000269686
0.000270292
0.000270818
0.000271271
0.000271665
0.000272004
0.000272298
0.000272558
0.000272778
0.000272983
0.000273144
0.000273307
0.000273406
0.000273565
0.000273085
0.000268534
0.000266451
0.000266911
0.000268435
0.000269714
0.000270648
0.000270868
0.000270799
0.000270237
0.000269557
0.000268659
0.000267715
0.000266668
0.00026565
0.000264644
0.000263738
0.000262845
0.000262066
0.000261378
0.000260744
0.000260209
0.000259764
0.000259379
0.000259061
0.000258799
0.00025858
0.000258408
0.000258273
0.000258168
0.000258093
0.00025804
0.000257999
0.000257976
0.000257963
0.000257953
0.000257954
0.00025796
0.000257963
0.000257971
0.000257984
0.000257992
0.000258001
0.000258016
0.000258024
0.000258031
0.000258043
0.000258055
0.000258061
0.00025807
0.000258083
0.00025809
0.000258094
0.000258102
0.000258112
0.000258116
0.000258116
0.000258122
0.000258131
0.000258135
0.000258135
0.000258138
0.000258145
0.000258152
0.000258156
0.000258158
0.00025816
0.000258161
0.000258164
0.000258166
0.000258169
0.000258173
0.000258176
0.00025818
0.000258184
0.000258187
0.000258191
0.000258194
0.000258197
0.0002582
0.000258202
0.000258204
0.000258206
0.000258208
0.000258211
0.000258212
0.000258214
0.000258216
0.000258216
0.000258219
0.000258221
0.000258218
0.000258224
0.000258227
0.000258226
0.000258233
0.000258236
0.00025823
0.000258238
0.000258242
0.000258233
0.000258241
0.000258249
0.000258241
0.000258246
0.000258255
0.000258251
0.000258254
0.000258259
0.000258255
0.000258261
0.000258267
0.00025826
0.000258259
0.000258266
0.000258265
0.000258264
0.000258271
0.000258272
0.000258269
0.000258274
0.000258281
0.000258278
0.000258277
0.000258284
0.000258285
0.00025828
0.000258279
0.000258283
0.000258284
0.000258281
0.00025828
0.000258279
0.000258277
0.000258278
0.000258275
0.00025827
0.000258269
0.000258265
0.00025826
0.00025826
0.000258254
0.000258247
0.00025825
0.000258244
0.000258236
0.000258239
0.000258236
0.000258227
0.000258229
0.000258228
0.000258219
0.000258219
0.000258216
0.000258208
0.000258209
0.000258203
0.000258193
0.000258193
0.000258189
0.00025818
0.00025818
0.000258174
0.000258166
0.000258165
0.000258161
0.000258152
0.000258152
0.000258146
0.000258135
0.000258135
0.000258129
0.000258119
0.000258119
0.000258115
0.000258105
0.000258106
0.000258103
0.000258093
0.000258095
0.000258092
0.000258083
0.000258085
0.000258083
0.000258074
0.000258076
0.000258075
0.000258066
0.000258069
0.000258068
0.00025806
0.000258062
0.000258062
0.000258054
0.000258057
0.000258057
0.00025805
0.000258053
0.000258053
0.000258046
0.00025805
0.000258053
0.000258046
0.000258051
0.000258051
0.000258045
0.000258047
0.000258052
0.000258043
0.000258042
0.000258051
0.000258043
0.000258053
0.000258043
0.000258058
0.000258054
0.000258061
0.000258056
0.000258057
0.000258065
0.000258058
0.000258056
0.000258046
0.000258062
0.000258059
0.000258066
0.000258057
0.000258069
0.000258057
0.000258068
0.000258059
0.000258067
0.000258063
0.000258064
0.000258089
0.000258101
0.000260502
0.000263729
0.000262772
0.000259914
0.000258631
0.000258339
0.000142157
0.000282429
0.00039735
0.000297793
0.000227264
0.000172401
0.000128199
9.80913e-05
8.02833e-05
6.88283e-05
6.29587e-05
6.19655e-05
6.48847e-05
7.08242e-05
7.87965e-05
8.82427e-05
9.84706e-05
0.000109396
0.000120945
0.000132986
0.000145348
0.000157754
0.000170027
0.000181855
0.000193106
0.000203621
0.000213194
0.000221764
0.000229374
0.000236097
0.00024201
0.000247192
0.00025172
0.000255667
0.000259101
0.000262084
0.000264674
0.00026692
0.000268866
0.000270554
0.000272012
0.000273276
0.000274366
0.00027531
0.000276125
0.000276833
0.000277446
0.000277976
0.000278435
0.00027883
0.000279173
0.000279474
0.000279731
0.00027997
0.000280158
0.000280343
0.000280465
0.000280625
0.000280259
0.000276483
0.000274684
0.000274895
0.000276129
0.000277315
0.000278251
0.000278571
0.000278577
0.000278104
0.000277481
0.000276641
0.000275739
0.000274746
0.000273777
0.000272811
0.000271931
0.000271074
0.000270324
0.000269666
0.000269061
0.000268549
0.000268125
0.00026776
0.00026746
0.000267216
0.000267011
0.000266852
0.000266731
0.000266637
0.000266572
0.000266528
0.000266497
0.00026648
0.000266474
0.00026647
0.000266475
0.000266485
0.000266493
0.000266504
0.000266519
0.000266531
0.000266542
0.000266557
0.000266568
0.000266577
0.00026659
0.000266603
0.000266612
0.000266622
0.000266635
0.000266643
0.000266648
0.000266656
0.000266666
0.000266671
0.000266672
0.000266678
0.000266686
0.000266691
0.000266692
0.000266695
0.000266701
0.000266708
0.000266712
0.000266715
0.000266716
0.000266718
0.00026672
0.000266723
0.000266726
0.000266729
0.000266733
0.000266736
0.00026674
0.000266743
0.000266747
0.00026675
0.000266753
0.000266755
0.000266758
0.000266759
0.000266761
0.000266763
0.000266765
0.000266766
0.000266768
0.00026677
0.000266769
0.000266772
0.000266773
0.000266772
0.000266776
0.000266779
0.000266779
0.000266784
0.000266787
0.000266783
0.000266789
0.000266792
0.000266786
0.000266791
0.000266798
0.000266792
0.000266796
0.000266804
0.000266801
0.000266803
0.000266807
0.000266805
0.000266809
0.000266814
0.000266808
0.000266807
0.000266812
0.000266811
0.00026681
0.000266816
0.000266816
0.000266814
0.000266818
0.000266824
0.000266821
0.000266821
0.000266826
0.000266826
0.000266822
0.00026682
0.000266823
0.000266822
0.00026682
0.000266818
0.000266816
0.000266814
0.000266814
0.00026681
0.000266806
0.000266804
0.000266799
0.000266793
0.000266792
0.000266785
0.000266779
0.000266779
0.000266773
0.000266765
0.000266766
0.000266762
0.000266755
0.000266754
0.000266751
0.000266744
0.000266742
0.000266738
0.00026673
0.000266729
0.000266722
0.000266713
0.000266711
0.000266706
0.000266698
0.000266696
0.00026669
0.000266681
0.000266679
0.000266674
0.000266666
0.000266663
0.000266657
0.000266647
0.000266644
0.000266637
0.000266628
0.000266626
0.000266621
0.000266612
0.000266611
0.000266607
0.000266599
0.000266598
0.000266594
0.000266587
0.000266586
0.000266583
0.000266576
0.000266576
0.000266574
0.000266567
0.000266567
0.000266565
0.000266559
0.00026656
0.000266559
0.000266553
0.000266554
0.000266553
0.000266547
0.000266549
0.000266548
0.000266542
0.000266545
0.000266547
0.000266542
0.000266545
0.000266545
0.00026654
0.00026654
0.000266544
0.000266537
0.000266537
0.000266542
0.000266537
0.000266544
0.000266537
0.00026655
0.000266547
0.000266554
0.00026655
0.000266552
0.000266556
0.000266551
0.000266548
0.000266541
0.000266552
0.000266551
0.000266557
0.000266551
0.00026656
0.000266552
0.000266559
0.000266553
0.000266559
0.000266556
0.000266557
0.000266585
0.000266629
0.000268528
0.000271139
0.000270502
0.000267831
0.000266548
0.000266067
0.000139988
0.000283135
0.000448792
0.000349314
0.00027129
0.00021263
0.000165819
0.000127175
0.000100228
8.28696e-05
7.21058e-05
6.60403e-05
6.43533e-05
6.64741e-05
7.15912e-05
7.90701e-05
8.81034e-05
9.84008e-05
0.000109816
0.000122042
0.000134866
0.000148118
0.000161601
0.000174916
0.000187675
0.000199535
0.000210341
0.000220019
0.000228607
0.000236183
0.000242838
0.000248662
0.000253745
0.000258174
0.000262024
0.00026537
0.000268273
0.00027079
0.000272973
0.000274865
0.000276499
0.000277915
0.000279136
0.000280195
0.000281109
0.000281902
0.000282588
0.000283183
0.000283696
0.00028414
0.000284523
0.00028486
0.000285147
0.000285415
0.000285624
0.000285831
0.00028597
0.000286132
0.000285865
0.000282901
0.00028141
0.000281439
0.000282415
0.000283496
0.000284425
0.000284839
0.000284914
0.000284525
0.000283942
0.000283144
0.000282264
0.000281306
0.000280369
0.000279437
0.000278574
0.00027775
0.000277029
0.000276402
0.000275829
0.000275345
0.000274949
0.000274608
0.000274331
0.000274111
0.000273926
0.000273785
0.000273681
0.000273602
0.00027355
0.000273519
0.000273498
0.000273491
0.000273492
0.000273496
0.000273506
0.000273521
0.000273534
0.000273549
0.000273567
0.000273581
0.000273596
0.000273612
0.000273625
0.000273636
0.00027365
0.000273664
0.000273674
0.000273685
0.000273698
0.000273707
0.000273714
0.000273722
0.000273732
0.000273737
0.000273739
0.000273745
0.000273753
0.000273757
0.000273759
0.000273762
0.000273768
0.000273774
0.000273779
0.000273782
0.000273784
0.000273785
0.000273787
0.00027379
0.000273793
0.000273796
0.000273799
0.000273803
0.000273806
0.00027381
0.000273813
0.000273816
0.000273819
0.000273821
0.000273823
0.000273825
0.000273827
0.000273828
0.00027383
0.000273831
0.000273832
0.000273833
0.000273833
0.000273835
0.000273836
0.000273836
0.000273839
0.000273842
0.000273842
0.000273846
0.000273848
0.000273846
0.00027385
0.000273852
0.000273848
0.000273853
0.000273858
0.000273853
0.000273857
0.000273864
0.00027386
0.000273863
0.000273866
0.000273864
0.000273867
0.000273871
0.000273866
0.000273865
0.000273868
0.000273867
0.000273866
0.00027387
0.00027387
0.000273869
0.000273872
0.000273876
0.000273875
0.000273874
0.000273877
0.000273877
0.000273873
0.000273871
0.000273872
0.000273871
0.000273868
0.000273866
0.000273864
0.000273861
0.00027386
0.000273856
0.000273851
0.000273849
0.000273843
0.000273838
0.000273834
0.000273828
0.000273821
0.000273819
0.000273813
0.000273805
0.000273805
0.0002738
0.000273792
0.00027379
0.000273786
0.000273779
0.000273776
0.000273771
0.000273764
0.000273761
0.000273753
0.000273745
0.000273741
0.000273735
0.000273728
0.000273724
0.000273717
0.000273709
0.000273705
0.000273699
0.000273692
0.000273687
0.000273679
0.00027367
0.000273665
0.000273658
0.000273649
0.000273646
0.00027364
0.000273632
0.000273629
0.000273624
0.000273617
0.000273614
0.00027361
0.000273603
0.000273601
0.000273597
0.000273591
0.00027359
0.000273586
0.000273581
0.00027358
0.000273577
0.000273571
0.000273571
0.000273569
0.000273564
0.000273564
0.000273562
0.000273557
0.000273557
0.000273556
0.000273552
0.000273553
0.000273554
0.00027355
0.000273553
0.000273551
0.000273547
0.000273547
0.00027355
0.000273545
0.000273545
0.000273547
0.000273544
0.000273548
0.000273544
0.000273556
0.000273554
0.00027356
0.000273557
0.00027356
0.000273561
0.000273557
0.000273553
0.000273548
0.000273555
0.000273556
0.00027356
0.000273558
0.000273564
0.00027356
0.000273564
0.000273561
0.000273564
0.000273563
0.000273564
0.000273595
0.000273662
0.000275071
0.000277076
0.000276656
0.000274176
0.000272826
0.000272165
0.00014194
0.000283141
0.000443796
0.000387622
0.000303638
0.000242373
0.000194392
0.000155199
0.000122749
9.99804e-05
8.3775e-05
7.3573e-05
6.81486e-05
6.67815e-05
6.88979e-05
7.40205e-05
8.14279e-05
9.07381e-05
0.000101759
0.000114042
0.000127366
0.000141284
0.000155529
0.000169742
0.000183453
0.000196243
0.00020794
0.000218449
0.00022778
0.000236003
0.000243213
0.000249514
0.000255008
0.000259789
0.000263945
0.000267553
0.000270684
0.000273399
0.000275753
0.000277793
0.000279554
0.000281079
0.000282396
0.000283537
0.000284522
0.000285377
0.000286117
0.000286759
0.000287311
0.00028779
0.000288202
0.000288566
0.000288875
0.000289165
0.000289388
0.000289611
0.000289761
0.000289927
0.000289733
0.000287465
0.000286292
0.000286209
0.00028699
0.000287978
0.000288899
0.00028939
0.000289525
0.000289206
0.00028865
0.000287878
0.000287006
0.000286066
0.000285146
0.000284238
0.000283379
0.000282581
0.000281884
0.000281283
0.000280738
0.000280281
0.00027991
0.000279592
0.000279338
0.000279141
0.000278974
0.000278851
0.000278764
0.000278699
0.000278661
0.000278641
0.00027863
0.000278632
0.000278641
0.000278651
0.000278668
0.000278687
0.000278704
0.000278723
0.000278743
0.000278761
0.000278778
0.000278795
0.000278809
0.000278822
0.000278837
0.000278852
0.000278863
0.000278875
0.000278888
0.000278898
0.000278905
0.000278914
0.000278923
0.000278929
0.000278932
0.000278937
0.000278945
0.000278949
0.000278952
0.000278955
0.000278961
0.000278967
0.000278971
0.000278974
0.000278976
0.000278978
0.000278979
0.000278982
0.000278984
0.000278988
0.000278991
0.000278994
0.000278998
0.000279001
0.000279004
0.000279007
0.00027901
0.000279012
0.000279014
0.000279016
0.000279017
0.000279018
0.00027902
0.00027902
0.000279021
0.000279022
0.000279022
0.000279023
0.000279024
0.000279024
0.000279027
0.000279029
0.00027903
0.000279034
0.000279034
0.000279033
0.000279037
0.000279037
0.000279035
0.000279039
0.000279042
0.00027904
0.000279044
0.000279048
0.000279045
0.000279048
0.000279049
0.000279049
0.000279051
0.000279054
0.000279049
0.000279048
0.00027905
0.000279048
0.000279048
0.00027905
0.00027905
0.000279049
0.000279051
0.000279055
0.000279053
0.000279053
0.000279055
0.000279054
0.000279051
0.000279048
0.000279048
0.000279047
0.000279044
0.000279041
0.000279038
0.000279035
0.000279033
0.000279029
0.000279024
0.000279021
0.000279015
0.000279009
0.000279005
0.000278998
0.000278991
0.000278988
0.000278981
0.000278973
0.000278972
0.000278965
0.000278959
0.000278956
0.00027895
0.000278944
0.00027894
0.000278934
0.000278927
0.000278922
0.000278914
0.000278906
0.000278901
0.000278894
0.000278887
0.000278883
0.000278875
0.000278868
0.000278863
0.000278856
0.000278848
0.000278843
0.000278834
0.000278825
0.000278819
0.000278811
0.000278803
0.000278798
0.000278791
0.000278784
0.00027878
0.000278773
0.000278767
0.000278764
0.000278758
0.000278752
0.000278749
0.000278744
0.000278739
0.000278737
0.000278732
0.000278727
0.000278726
0.000278722
0.000278717
0.000278716
0.000278712
0.000278708
0.000278708
0.000278705
0.000278701
0.0002787
0.000278698
0.000278695
0.000278696
0.000278695
0.000278693
0.000278694
0.000278692
0.000278689
0.000278688
0.000278691
0.000278686
0.000278688
0.000278686
0.000278685
0.000278687
0.000278686
0.000278697
0.000278694
0.000278702
0.000278697
0.000278703
0.000278699
0.000278696
0.000278693
0.00027869
0.000278692
0.000278695
0.000278698
0.000278699
0.000278702
0.000278701
0.000278704
0.000278702
0.000278704
0.000278704
0.000278704
0.000278742
0.000278819
0.000279825
0.000281331
0.000281016
0.000278668
0.000277204
0.000276399
0.000185476
0.000283895
0.000440492
0.00040817
0.000320776
0.000258158
0.000209693
0.000170513
0.00013827
0.000113458
9.44235e-05
8.18319e-05
7.39849e-05
7.02083e-05
7.01268e-05
7.33826e-05
7.93532e-05
8.77201e-05
9.82075e-05
0.00011027
0.000123652
0.0001378
0.000152328
0.000166886
0.000181037
0.000194342
0.000206542
0.000217515
0.000227256
0.000235832
0.000243343
0.0002499
0.000255613
0.000260581
0.000264898
0.000268645
0.000271896
0.000274715
0.000277159
0.000279276
0.000281104
0.000282687
0.000284054
0.000285238
0.000286261
0.000287148
0.000287916
0.000288582
0.000289155
0.000289653
0.00029008
0.000290458
0.000290778
0.000291082
0.00029131
0.000291544
0.000291697
0.000291868
0.000291711
0.000289868
0.000288928
0.000288799
0.000289474
0.000290406
0.000291324
0.000291862
0.000292034
0.000291757
0.000291217
0.000290457
0.000289587
0.000288653
0.000287738
0.000286844
0.000285981
0.000285198
0.000284515
0.00028393
0.0002834
0.00028296
0.000282605
0.0002823
0.000282061
0.000281878
0.000281723
0.000281611
0.000281535
0.000281479
0.000281449
0.000281436
0.000281432
0.000281441
0.000281454
0.000281468
0.000281489
0.00028151
0.00028153
0.000281552
0.000281573
0.000281592
0.000281611
0.000281629
0.000281644
0.000281658
0.000281674
0.000281688
0.000281701
0.000281713
0.000281726
0.000281736
0.000281744
0.000281753
0.000281762
0.000281768
0.000281772
0.000281777
0.000281784
0.000281788
0.000281791
0.000281795
0.0002818
0.000281805
0.00028181
0.000281813
0.000281815
0.000281816
0.000281818
0.00028182
0.000281823
0.000281826
0.000281829
0.000281832
0.000281836
0.000281839
0.000281842
0.000281845
0.000281848
0.00028185
0.000281852
0.000281853
0.000281854
0.000281856
0.000281857
0.000281857
0.000281858
0.000281859
0.000281859
0.00028186
0.00028186
0.00028186
0.000281863
0.000281864
0.000281866
0.000281869
0.000281869
0.000281869
0.000281872
0.000281871
0.00028187
0.000281875
0.000281876
0.000281874
0.000281879
0.000281881
0.000281879
0.000281882
0.000281882
0.000281882
0.000281884
0.000281886
0.000281882
0.000281881
0.000281882
0.00028188
0.000281879
0.000281881
0.00028188
0.00028188
0.000281882
0.000281884
0.000281883
0.000281884
0.000281884
0.000281883
0.00028188
0.000281878
0.000281877
0.000281875
0.000281872
0.000281869
0.000281866
0.000281862
0.00028186
0.000281856
0.000281851
0.000281847
0.000281841
0.000281835
0.000281831
0.000281823
0.000281816
0.000281813
0.000281804
0.000281798
0.000281796
0.000281788
0.000281781
0.000281779
0.000281772
0.000281766
0.000281762
0.000281754
0.000281747
0.000281743
0.000281734
0.000281726
0.000281721
0.000281713
0.000281706
0.000281701
0.000281693
0.000281686
0.000281681
0.000281673
0.000281666
0.00028166
0.00028165
0.000281642
0.000281635
0.000281626
0.000281618
0.000281613
0.000281605
0.000281598
0.000281594
0.000281587
0.000281581
0.000281577
0.00028157
0.000281565
0.000281562
0.000281556
0.000281551
0.000281549
0.000281543
0.000281539
0.000281537
0.000281532
0.000281528
0.000281526
0.000281522
0.000281519
0.000281518
0.000281514
0.000281511
0.00028151
0.000281507
0.000281504
0.000281505
0.000281503
0.000281502
0.000281503
0.0002815
0.000281498
0.000281496
0.000281499
0.000281494
0.000281498
0.000281493
0.000281493
0.000281494
0.000281494
0.000281506
0.000281502
0.000281511
0.000281505
0.000281512
0.000281505
0.000281503
0.000281499
0.000281498
0.000281498
0.000281502
0.000281504
0.000281507
0.000281508
0.000281509
0.000281511
0.000281511
0.000281511
0.000281512
0.000281512
0.000281558
0.000281637
0.00028241
0.000283634
0.000283325
0.000281012
0.000279457
0.000278575
)
;

boundaryField
{
    inlet
    {
        type            calculated;
        value           nonuniform List<scalar> 
18
(
8.24697e-07
2.48483e-06
5.74434e-06
1.34821e-05
7.1904e-05
0.000171233
0.000170824
0.000187769
0.000182663
0.000179232
0.000172259
0.000157283
0.000134256
0.000135839
0.000137576
0.000135605
0.000137558
0.000179393
)
;
    }
    outlet
    {
        type            calculated;
        value           nonuniform List<scalar> 
18
(
2.28234e-05
5.47608e-05
8.33905e-05
0.000108267
0.000130189
0.000150167
0.000168293
0.000185406
0.000200643
0.000214575
0.000227275
0.000238814
0.000249199
0.000258339
0.000266067
0.000272165
0.000276399
0.000278575
)
;
    }
    sideWall
    {
        type            empty;
    }
    bed
    {
        type            nutRoughWallFunction;
        Cmu             0.09;
        kappa           0.41;
        E               9.8;
        Cs              uniform 0.5;
        Ks              uniform 0.005;
        value           nonuniform List<scalar> 
300
(
2.60163e-05
2.06037e-05
1.76078e-05
1.76469e-05
1.73508e-05
1.73564e-05
1.72142e-05
1.72088e-05
1.71572e-05
1.71772e-05
1.71813e-05
1.7215e-05
1.7248e-05
1.7301e-05
1.73502e-05
1.74127e-05
1.7476e-05
1.75467e-05
1.76166e-05
1.76935e-05
1.77738e-05
1.78564e-05
1.79409e-05
1.80263e-05
1.81126e-05
1.81991e-05
1.82791e-05
1.83484e-05
1.8407e-05
1.84558e-05
1.84967e-05
1.85305e-05
1.85587e-05
1.8582e-05
1.86016e-05
1.86175e-05
1.86312e-05
1.86421e-05
1.86519e-05
1.86594e-05
1.86666e-05
1.86717e-05
1.86772e-05
1.86806e-05
1.8685e-05
1.8687e-05
1.86907e-05
1.86915e-05
1.86956e-05
1.86939e-05
1.87008e-05
1.86931e-05
1.87079e-05
1.86864e-05
1.87229e-05
1.86658e-05
1.876e-05
1.86189e-05
1.88975e-05
1.83163e-05
1.59192e-05
1.56804e-05
1.57738e-05
1.57291e-05
1.58437e-05
1.58156e-05
1.59065e-05
1.58854e-05
1.59374e-05
1.59196e-05
1.59375e-05
1.59559e-05
1.5936e-05
1.591e-05
1.59396e-05
1.5938e-05
1.59194e-05
1.59354e-05
1.59371e-05
1.5908e-05
1.5916e-05
1.59204e-05
1.5904e-05
1.59122e-05
1.5916e-05
1.58993e-05
1.5906e-05
1.59085e-05
1.58945e-05
1.5901e-05
1.5904e-05
1.58911e-05
1.58986e-05
1.59008e-05
1.589e-05
1.58974e-05
1.58988e-05
1.58912e-05
1.58953e-05
1.59002e-05
1.58924e-05
1.58938e-05
1.59002e-05
1.58951e-05
1.58928e-05
1.58998e-05
1.58988e-05
1.58938e-05
1.5897e-05
1.59014e-05
1.58975e-05
1.58947e-05
1.58994e-05
1.5902e-05
1.58983e-05
1.58965e-05
1.59e-05
1.59021e-05
1.59011e-05
1.58998e-05
1.59003e-05
1.59021e-05
1.59031e-05
1.59038e-05
1.59043e-05
1.59047e-05
1.5905e-05
1.59052e-05
1.59055e-05
1.59057e-05
1.59057e-05
1.59059e-05
1.59063e-05
1.59065e-05
1.59068e-05
1.5907e-05
1.59074e-05
1.59076e-05
1.59081e-05
1.59082e-05
1.59085e-05
1.59089e-05
1.59088e-05
1.59102e-05
1.59088e-05
1.59102e-05
1.59113e-05
1.59078e-05
1.59137e-05
1.59118e-05
1.59077e-05
1.59154e-05
1.59125e-05
1.59074e-05
1.59186e-05
1.59137e-05
1.59051e-05
1.59211e-05
1.59171e-05
1.59038e-05
1.59213e-05
1.59207e-05
1.59055e-05
1.59199e-05
1.59209e-05
1.59099e-05
1.5921e-05
1.59192e-05
1.59117e-05
1.59227e-05
1.59243e-05
1.59132e-05
1.59199e-05
1.59263e-05
1.59185e-05
1.5921e-05
1.59294e-05
1.59243e-05
1.59192e-05
1.59279e-05
1.59295e-05
1.59211e-05
1.59233e-05
1.59302e-05
1.59278e-05
1.59237e-05
1.5927e-05
1.59296e-05
1.59291e-05
1.59267e-05
1.59287e-05
1.59293e-05
1.59278e-05
1.5932e-05
1.59277e-05
1.59273e-05
1.59325e-05
1.59269e-05
1.59274e-05
1.59351e-05
1.5927e-05
1.59279e-05
1.59395e-05
1.59291e-05
1.59271e-05
1.59414e-05
1.59326e-05
1.59262e-05
1.5941e-05
1.59363e-05
1.59298e-05
1.59399e-05
1.59352e-05
1.59328e-05
1.59435e-05
1.59358e-05
1.59307e-05
1.59436e-05
1.59383e-05
1.59334e-05
1.59435e-05
1.5937e-05
1.59319e-05
1.59439e-05
1.59386e-05
1.59337e-05
1.59455e-05
1.59404e-05
1.59351e-05
1.59469e-05
1.59419e-05
1.59364e-05
1.59482e-05
1.59433e-05
1.59376e-05
1.59495e-05
1.59447e-05
1.59388e-05
1.59507e-05
1.59461e-05
1.594e-05
1.59518e-05
1.59474e-05
1.59411e-05
1.5953e-05
1.59487e-05
1.59422e-05
1.5954e-05
1.59499e-05
1.59432e-05
1.5955e-05
1.5951e-05
1.59441e-05
1.59559e-05
1.59518e-05
1.59453e-05
1.5956e-05
1.59538e-05
1.59445e-05
1.59582e-05
1.59536e-05
1.59469e-05
1.59585e-05
1.59518e-05
1.59515e-05
1.59516e-05
1.5965e-05
1.59393e-05
1.59619e-05
1.5952e-05
1.59547e-05
1.59584e-05
1.59452e-05
1.59653e-05
1.59456e-05
1.59686e-05
1.59371e-05
1.5967e-05
1.5949e-05
1.59656e-05
1.59454e-05
1.59584e-05
1.5954e-05
1.59607e-05
1.59519e-05
1.59577e-05
1.59537e-05
1.59519e-05
1.59534e-05
1.59523e-05
1.59506e-05
1.5959e-05
1.59364e-05
1.59597e-05
1.60018e-05
1.78354e-05
2.00771e-05
1.93501e-05
1.85123e-05
1.86681e-05
)
;
    }
    topWall
    {
        type            slip;
        value           nonuniform List<scalar> 
300
(
0.000185476
0.000283895
0.000440492
0.00040817
0.000320776
0.000258158
0.000209693
0.000170513
0.00013827
0.000113458
9.44235e-05
8.18319e-05
7.39849e-05
7.02083e-05
7.01268e-05
7.33826e-05
7.93532e-05
8.77201e-05
9.82075e-05
0.00011027
0.000123652
0.0001378
0.000152328
0.000166886
0.000181037
0.000194342
0.000206542
0.000217515
0.000227256
0.000235832
0.000243343
0.0002499
0.000255613
0.000260581
0.000264898
0.000268645
0.000271896
0.000274715
0.000277159
0.000279276
0.000281104
0.000282687
0.000284054
0.000285238
0.000286261
0.000287148
0.000287916
0.000288582
0.000289155
0.000289653
0.00029008
0.000290458
0.000290778
0.000291082
0.00029131
0.000291544
0.000291697
0.000291868
0.000291711
0.000289868
0.000288928
0.000288799
0.000289474
0.000290406
0.000291324
0.000291862
0.000292034
0.000291757
0.000291217
0.000290457
0.000289587
0.000288653
0.000287738
0.000286844
0.000285981
0.000285198
0.000284515
0.00028393
0.0002834
0.00028296
0.000282605
0.0002823
0.000282061
0.000281878
0.000281723
0.000281611
0.000281535
0.000281479
0.000281449
0.000281436
0.000281432
0.000281441
0.000281454
0.000281468
0.000281489
0.00028151
0.00028153
0.000281552
0.000281573
0.000281592
0.000281611
0.000281629
0.000281644
0.000281658
0.000281674
0.000281688
0.000281701
0.000281713
0.000281726
0.000281736
0.000281744
0.000281753
0.000281762
0.000281768
0.000281772
0.000281777
0.000281784
0.000281788
0.000281791
0.000281795
0.0002818
0.000281805
0.00028181
0.000281813
0.000281815
0.000281816
0.000281818
0.00028182
0.000281823
0.000281826
0.000281829
0.000281832
0.000281836
0.000281839
0.000281842
0.000281845
0.000281848
0.00028185
0.000281852
0.000281853
0.000281854
0.000281856
0.000281857
0.000281857
0.000281858
0.000281859
0.000281859
0.00028186
0.00028186
0.00028186
0.000281863
0.000281864
0.000281866
0.000281869
0.000281869
0.000281869
0.000281872
0.000281871
0.00028187
0.000281875
0.000281876
0.000281874
0.000281879
0.000281881
0.000281879
0.000281882
0.000281882
0.000281882
0.000281884
0.000281886
0.000281882
0.000281881
0.000281882
0.00028188
0.000281879
0.000281881
0.00028188
0.00028188
0.000281882
0.000281884
0.000281883
0.000281884
0.000281884
0.000281883
0.00028188
0.000281878
0.000281877
0.000281875
0.000281872
0.000281869
0.000281866
0.000281862
0.00028186
0.000281856
0.000281851
0.000281847
0.000281841
0.000281835
0.000281831
0.000281823
0.000281816
0.000281813
0.000281804
0.000281798
0.000281796
0.000281788
0.000281781
0.000281779
0.000281772
0.000281766
0.000281762
0.000281754
0.000281747
0.000281743
0.000281734
0.000281726
0.000281721
0.000281713
0.000281706
0.000281701
0.000281693
0.000281686
0.000281681
0.000281673
0.000281666
0.00028166
0.00028165
0.000281642
0.000281635
0.000281626
0.000281618
0.000281613
0.000281605
0.000281598
0.000281594
0.000281587
0.000281581
0.000281577
0.00028157
0.000281565
0.000281562
0.000281556
0.000281551
0.000281549
0.000281543
0.000281539
0.000281537
0.000281532
0.000281528
0.000281526
0.000281522
0.000281519
0.000281518
0.000281514
0.000281511
0.00028151
0.000281507
0.000281504
0.000281505
0.000281503
0.000281502
0.000281503
0.0002815
0.000281498
0.000281496
0.000281499
0.000281494
0.000281498
0.000281493
0.000281493
0.000281494
0.000281494
0.000281506
0.000281502
0.000281511
0.000281505
0.000281512
0.000281505
0.000281503
0.000281499
0.000281498
0.000281498
0.000281502
0.000281504
0.000281507
0.000281508
0.000281509
0.000281511
0.000281511
0.000281511
0.000281512
0.000281512
0.000281558
0.000281637
0.00028241
0.000283634
0.000283325
0.000281012
0.000279457
0.000278575
)
;
    }
}


// ************************************************************************* //
