/*--------------------------------*- C++ -*----------------------------------*\
| =========                 |                                                 |
| \\      /  F ield         | foam-extend: Open Source CFD                    |
|  \\    /   O peration     | Version:     3.2                                |
|   \\  /    A nd           | Web:         http://www.foam-extend.org         |
|    \\/     M anipulation  | For copyright notice see file Copyright         |
\*---------------------------------------------------------------------------*/
FoamFile
{
    version     2.0;
    format      ascii;
    class       volScalarField;
    location    "50";
    object      zDim;
}
// * * * * * * * * * * * * * * * * * * * * * * * * * * * * * * * * * * * * * //

dimensions      [0 1 0 0 0 0 0];

internalField   nonuniform List<scalar> 
5400
(
0.00191667
0.00191667
0.00191667
0.00191667
0.00191667
0.00191667
0.00191667
0.00191667
0.00191667
0.00191667
0.00191667
0.00191667
0.00191667
0.00191667
0.00191667
0.00191667
0.00191667
0.00191667
0.00191667
0.00191667
0.00191667
0.00191667
0.00191667
0.00191667
0.00191667
0.00191667
0.00191667
0.00191667
0.00191667
0.00191667
0.00191667
0.00191667
0.00191667
0.00191667
0.00191667
0.00191667
0.00191667
0.00191667
0.00191667
0.00191667
0.00191667
0.00191667
0.00191667
0.00191667
0.00191667
0.00191667
0.00191667
0.0019167
0.0019167
0.0019167
0.0019167
0.0019167
0.0019167
0.0019167
0.0019167
0.0019167
0.0019167
0.00191669
0.00191677
0.00279164
0.00312016
0.00253028
0.00231894
0.00215615
0.00207577
0.00200557
0.0019781
0.00194864
0.0019381
0.00193261
0.0019153
0.00191285
0.00193816
0.00191968
0.00190148
0.00191205
0.00191425
0.00190187
0.00191708
0.00192117
0.00190886
0.00191438
0.00191717
0.00190881
0.0019164
0.00191902
0.00191204
0.00191837
0.00191974
0.00191272
0.00191905
0.00191983
0.00191287
0.00191923
0.00191908
0.00191354
0.00191849
0.00191887
0.00191417
0.00191695
0.00191966
0.00191448
0.00191587
0.00191939
0.00191616
0.00191436
0.00191853
0.0019182
0.00191443
0.00191576
0.00191922
0.00191714
0.00191432
0.00191621
0.00191894
0.00191709
0.00191467
0.0019156
0.00191765
0.00191749
0.0019162
0.00191555
0.00191565
0.0019159
0.00191622
0.00191641
0.00191655
0.00191662
0.00191669
0.00191673
0.00191668
0.0019167
0.00191671
0.00191663
0.00191665
0.00191664
0.00191657
0.00191658
0.00191656
0.00191669
0.00191657
0.0019167
0.00191642
0.00191652
0.0019171
0.0019156
0.00191743
0.00191648
0.00191477
0.00191896
0.00191599
0.00191462
0.00191932
0.00191557
0.00191358
0.00192139
0.00191548
0.00191151
0.00192202
0.00191735
0.0019098
0.00192103
0.00191899
0.00191074
0.00191914
0.00191782
0.00191316
0.00191952
0.00191656
0.00191178
0.00191842
0.00191954
0.00191224
0.00191592
0.0019185
0.00191308
0.00191415
0.00192003
0.00191656
0.00191304
0.00191796
0.00191961
0.00191409
0.00191433
0.00191874
0.00191788
0.00191477
0.00191539
0.00191744
0.00191753
0.00191574
0.00191719
0.00191607
0.00191643
0.00191921
0.00191553
0.00191659
0.00191897
0.00191442
0.00191583
0.0019199
0.00191268
0.0019149
0.00192157
0.0019133
0.00191319
0.0019221
0.00191496
0.00191242
0.0019202
0.0019163
0.00191436
0.00191944
0.00191416
0.00191457
0.00192152
0.00191524
0.00191338
0.00192038
0.0019158
0.00191489
0.0019213
0.00191561
0.00191384
0.00192035
0.00191513
0.00191361
0.00192033
0.00191527
0.00191364
0.00192037
0.00191539
0.00191364
0.0019204
0.00191549
0.00191362
0.00192044
0.00191562
0.00191359
0.00192044
0.00191574
0.00191359
0.00192046
0.00191584
0.00191359
0.00192048
0.00191596
0.00191357
0.0019205
0.00191609
0.00191355
0.00192055
0.00191614
0.00191363
0.00192046
0.00191636
0.00191356
0.00192034
0.00191696
0.00191276
0.00192135
0.00191557
0.0019146
0.00191961
0.00191736
0.00191365
0.00191745
0.00192261
0.00190881
0.00192369
0.00190985
0.00192484
0.00191188
0.00191778
0.00191721
0.00191563
0.00192338
0.00190709
0.00192397
0.00191038
0.00192811
0.00190585
0.00192446
0.00190885
0.00192692
0.00190828
0.00192726
0.00191022
0.00192465
0.00191154
0.00192205
0.00191337
0.00191935
0.00190841
0.00194118
0.00315206
0.00273057
0.00191515
0.00191682
0.00191669
0.00191666
0.00191666
0.00191666
0.00191666
0.00191666
0.00191666
0.00191666
0.00191666
0.00191666
0.00191666
0.00191666
0.00191666
0.00191666
0.00191666
0.00191666
0.00191666
0.00191666
0.00191666
0.00191666
0.00191666
0.00191666
0.00191666
0.00191666
0.00191666
0.00191666
0.00191666
0.00191666
0.00191666
0.00191666
0.00191666
0.00191666
0.00191666
0.00191666
0.00191666
0.00191666
0.00191666
0.00191666
0.00191666
0.00191666
0.00191666
0.00191666
0.00191666
0.00191666
0.00191666
0.00191666
0.00191666
0.00191663
0.00191663
0.00191663
0.00191663
0.00191663
0.00191663
0.00191663
0.00191663
0.0019166
0.0019166
0.00191661
0.00191651
0.00191777
0.00278935
0.00311935
0.00253365
0.00232149
0.00215911
0.00207869
0.00200867
0.00198114
0.00195177
0.00194121
0.00193571
0.00191846
0.00191601
0.00194118
0.00192284
0.00190467
0.00191515
0.00191735
0.00190505
0.00192015
0.00192425
0.00191202
0.00191747
0.00192026
0.00191195
0.00191948
0.0019221
0.00191517
0.00192144
0.00192282
0.00191584
0.00192213
0.00192292
0.00191599
0.00192231
0.00192216
0.00191666
0.00192157
0.00192196
0.00191728
0.00192004
0.00192274
0.00191759
0.00191896
0.00192247
0.00191926
0.00191746
0.00192161
0.00192129
0.00191753
0.00191886
0.00192229
0.00192023
0.00191742
0.0019193
0.00192202
0.00192019
0.00191776
0.00191869
0.00192073
0.00192057
0.00191929
0.00191864
0.00191874
0.00191898
0.00191931
0.00191949
0.00191963
0.0019197
0.00191977
0.00191981
0.00191976
0.00191978
0.00191979
0.00191971
0.00191973
0.00191972
0.00191965
0.00191966
0.00191964
0.00191977
0.00191965
0.00191978
0.0019195
0.00191959
0.00192017
0.00191869
0.0019205
0.00191956
0.00191786
0.00192201
0.00191907
0.00191771
0.00192238
0.00191865
0.00191667
0.00192443
0.00191857
0.00191461
0.00192505
0.00192043
0.00191291
0.00192406
0.00192205
0.00191385
0.00192218
0.00192088
0.00191625
0.00192257
0.00191963
0.00191487
0.00192146
0.0019226
0.00191534
0.00191898
0.00192155
0.00191616
0.00191721
0.00192306
0.00191962
0.00191611
0.00192101
0.00192265
0.00191717
0.00191739
0.00192178
0.00192094
0.00191784
0.00191844
0.00192049
0.00192058
0.0019188
0.00192023
0.00191913
0.00191949
0.00192225
0.0019186
0.00191964
0.00192201
0.00191748
0.00191888
0.00192293
0.00191575
0.00191796
0.00192459
0.00191637
0.00191625
0.00192511
0.00191802
0.00191549
0.00192321
0.00191936
0.00191742
0.00192246
0.00191722
0.00191762
0.00192453
0.0019183
0.00191643
0.00192339
0.00191885
0.00191794
0.00192432
0.00191866
0.0019169
0.00192337
0.00191818
0.00191667
0.00192334
0.00191832
0.00191669
0.00192338
0.00191844
0.00191669
0.00192341
0.00191854
0.00191668
0.00192345
0.00191867
0.00191664
0.00192345
0.00191879
0.00191664
0.00192346
0.00191889
0.00191664
0.00192349
0.001919
0.00191662
0.0019235
0.00191913
0.0019166
0.00192355
0.00191918
0.00191667
0.00192347
0.0019194
0.00191661
0.00192335
0.00191999
0.00191581
0.00192435
0.00191861
0.00191764
0.00192262
0.00192039
0.00191669
0.00192048
0.0019256
0.0019119
0.00192665
0.00191294
0.0019278
0.00191496
0.00192079
0.00192024
0.00191868
0.00192636
0.00191019
0.00192692
0.00191348
0.00193105
0.00190897
0.00192741
0.00191195
0.00192986
0.00191139
0.0019302
0.00191332
0.00192761
0.00191463
0.00192503
0.00191643
0.00192239
0.00191085
0.00194658
0.00315063
0.00272728
0.00191193
0.00191697
0.00191657
0.00191667
0.00191667
0.00191667
0.00191667
0.00191667
0.00191667
0.00191667
0.00191667
0.00191667
0.00191667
0.00191667
0.00191667
0.00191667
0.00191667
0.00191667
0.00191667
0.00191667
0.00191667
0.00191667
0.00191667
0.00191667
0.00191667
0.00191667
0.00191667
0.00191667
0.00191667
0.00191667
0.00191667
0.00191667
0.00191667
0.00191667
0.00191667
0.00191667
0.00191667
0.00191667
0.00191667
0.00191667
0.00191667
0.00191667
0.00191667
0.00191667
0.00191667
0.00191667
0.00191667
0.00191667
0.00191667
0.00191667
0.00191667
0.00191667
0.00191667
0.00191667
0.00191667
0.00191667
0.0019167
0.0019167
0.0019167
0.00191672
0.00191644
0.00192001
0.002786
0.00311756
0.00253905
0.00232636
0.00216493
0.00208465
0.00201503
0.00198749
0.0019583
0.00194774
0.00194222
0.00192509
0.00192267
0.00194759
0.00192947
0.00191138
0.0019217
0.00192388
0.00191172
0.00192665
0.00193074
0.00191864
0.001924
0.00192676
0.00191855
0.00192598
0.00192859
0.00192174
0.00192794
0.00192932
0.00192242
0.00192862
0.00192941
0.00192256
0.0019288
0.00192867
0.00192322
0.00192807
0.00192847
0.00192383
0.00192655
0.00192923
0.00192414
0.00192548
0.00192896
0.00192579
0.001924
0.00192811
0.0019278
0.00192407
0.00192538
0.00192879
0.00192675
0.00192396
0.00192582
0.00192852
0.0019267
0.00192429
0.0019252
0.00192723
0.00192708
0.0019258
0.00192515
0.00192525
0.00192549
0.00192581
0.001926
0.00192613
0.0019262
0.00192627
0.00192631
0.00192626
0.00192628
0.00192629
0.0019262
0.00192622
0.00192621
0.00192614
0.00192615
0.00192614
0.00192626
0.00192614
0.00192627
0.00192599
0.00192609
0.00192665
0.00192519
0.00192697
0.00192604
0.00192437
0.00192847
0.00192557
0.00192421
0.00192883
0.00192514
0.00192318
0.00193086
0.00192506
0.00192114
0.00193146
0.0019269
0.00191945
0.00193048
0.00192851
0.00192038
0.00192861
0.00192735
0.00192276
0.001929
0.0019261
0.00192138
0.0019279
0.00192903
0.00192184
0.00192543
0.00192798
0.00192265
0.00192368
0.00192948
0.00192608
0.00192259
0.00192744
0.00192908
0.00192364
0.00192385
0.00192821
0.00192738
0.0019243
0.00192489
0.00192692
0.00192701
0.00192525
0.00192666
0.00192557
0.00192594
0.00192866
0.00192505
0.00192608
0.00192842
0.00192395
0.00192532
0.00192932
0.00192223
0.0019244
0.00193097
0.00192284
0.0019227
0.00193147
0.00192448
0.00192195
0.00192959
0.00192579
0.00192387
0.00192885
0.00192367
0.00192406
0.0019309
0.00192474
0.00192288
0.00192977
0.00192529
0.00192438
0.00193069
0.0019251
0.00192334
0.00192974
0.00192462
0.00192311
0.00192971
0.00192475
0.00192313
0.00192975
0.00192487
0.00192313
0.00192977
0.00192497
0.00192311
0.00192981
0.00192509
0.00192308
0.00192981
0.00192521
0.00192308
0.00192982
0.0019253
0.00192307
0.00192984
0.00192541
0.00192305
0.00192985
0.00192554
0.00192303
0.0019299
0.00192559
0.0019231
0.00192982
0.0019258
0.00192303
0.0019297
0.00192638
0.00192225
0.00193068
0.00192503
0.00192405
0.00192898
0.00192678
0.00192311
0.00192686
0.00193192
0.0019184
0.00193292
0.00191944
0.00193407
0.00192142
0.00192714
0.00192662
0.0019251
0.00193266
0.00191671
0.00193318
0.00191998
0.00193728
0.00191552
0.00193365
0.00191847
0.00193611
0.00191792
0.00193644
0.00191983
0.00193389
0.00192111
0.00193135
0.00192287
0.00192882
0.00191615
0.00195519
0.00314745
0.00272227
0.00190766
0.00191744
0.00191664
0.00191667
0.00191667
0.00191667
0.00191667
0.00191667
0.00191667
0.00191667
0.00191667
0.00191667
0.00191667
0.00191667
0.00191667
0.00191667
0.00191667
0.00191667
0.00191667
0.00191667
0.00191667
0.00191667
0.00191667
0.00191667
0.00191667
0.00191667
0.00191667
0.00191667
0.00191667
0.00191667
0.00191667
0.00191667
0.00191667
0.00191667
0.00191667
0.00191667
0.00191667
0.00191667
0.00191667
0.00191667
0.00191667
0.00191667
0.00191667
0.00191667
0.00191667
0.00191667
0.00191667
0.00191667
0.00191667
0.00191667
0.00191667
0.00191667
0.00191667
0.00191667
0.00191667
0.00191667
0.00191667
0.00191667
0.00191667
0.00191671
0.00191616
0.00192292
0.00278059
0.00311362
0.00254551
0.0023329
0.00217311
0.00209324
0.00202429
0.00199681
0.00196795
0.00195742
0.0019519
0.00193495
0.00193257
0.00195714
0.00193931
0.00192136
0.00193146
0.00193362
0.00192164
0.00193634
0.00194042
0.00192848
0.00193372
0.00193644
0.00192836
0.00193566
0.00193826
0.00193152
0.00193761
0.00193898
0.00193219
0.00193829
0.00193908
0.00193234
0.00193846
0.00193835
0.00193298
0.00193775
0.00193815
0.00193358
0.00193625
0.0019389
0.00193388
0.00193519
0.00193863
0.0019355
0.00193373
0.00193778
0.00193748
0.0019338
0.00193508
0.00193845
0.00193645
0.00193368
0.00193551
0.00193818
0.00193639
0.001934
0.0019349
0.0019369
0.00193676
0.0019355
0.00193484
0.00193493
0.00193517
0.00193549
0.00193567
0.0019358
0.00193587
0.00193594
0.00193597
0.00193593
0.00193594
0.00193595
0.00193587
0.00193589
0.00193587
0.0019358
0.00193581
0.0019358
0.00193591
0.0019358
0.00193592
0.00193565
0.00193574
0.0019363
0.00193485
0.00193661
0.00193569
0.00193404
0.00193808
0.00193522
0.00193388
0.00193842
0.0019348
0.00193287
0.00194043
0.00193472
0.00193084
0.00194101
0.00193653
0.00192918
0.00194003
0.00193812
0.0019301
0.00193818
0.00193696
0.00193244
0.00193857
0.00193572
0.00193105
0.00193748
0.00193861
0.00193152
0.00193503
0.00193755
0.00193229
0.0019333
0.00193903
0.00193568
0.00193223
0.00193701
0.00193864
0.00193327
0.00193346
0.00193776
0.00193696
0.00193391
0.00193448
0.00193649
0.00193659
0.00193485
0.00193623
0.00193516
0.00193552
0.0019382
0.00193466
0.00193566
0.00193796
0.00193356
0.00193491
0.00193884
0.00193185
0.00193398
0.00194046
0.00193246
0.00193231
0.00194095
0.00193407
0.00193156
0.00193908
0.00193536
0.00193346
0.00193835
0.00193326
0.00193364
0.00194038
0.00193432
0.00193247
0.00193925
0.00193485
0.00193396
0.00194017
0.00193467
0.00193293
0.00193922
0.00193419
0.00193269
0.00193919
0.00193431
0.0019327
0.00193922
0.00193443
0.0019327
0.00193924
0.00193452
0.00193268
0.00193927
0.00193463
0.00193264
0.00193927
0.00193475
0.00193264
0.00193927
0.00193484
0.00193263
0.0019393
0.00193495
0.00193261
0.00193931
0.00193507
0.00193258
0.00193935
0.00193511
0.00193265
0.00193926
0.00193532
0.00193258
0.00193915
0.00193589
0.00193182
0.00194011
0.00193456
0.00193358
0.00193844
0.00193628
0.00193265
0.00193636
0.00194133
0.00192806
0.00194227
0.00192909
0.00194342
0.00193103
0.0019366
0.00193611
0.00193464
0.00194203
0.00192639
0.00194251
0.00192964
0.00194656
0.00192524
0.00194296
0.00192814
0.0019454
0.00192761
0.00194575
0.00192949
0.00194325
0.00193073
0.00194076
0.00193243
0.00193838
0.00192417
0.00196606
0.00314115
0.00271429
0.00190247
0.00191789
0.00191661
0.00191666
0.00191666
0.00191666
0.00191666
0.00191666
0.00191666
0.00191666
0.00191666
0.00191666
0.00191666
0.00191666
0.00191666
0.00191666
0.00191666
0.00191666
0.00191666
0.00191666
0.00191666
0.00191666
0.00191666
0.00191666
0.00191666
0.00191666
0.00191666
0.00191666
0.00191666
0.00191666
0.00191666
0.00191666
0.00191666
0.00191666
0.00191666
0.00191666
0.00191666
0.00191666
0.00191666
0.00191666
0.00191666
0.00191666
0.00191666
0.00191666
0.00191666
0.00191666
0.00191666
0.00191666
0.00191666
0.00191666
0.00191666
0.00191666
0.00191666
0.00191666
0.00191666
0.00191666
0.00191666
0.00191666
0.00191665
0.00191673
0.00191585
0.00192634
0.00277259
0.00310687
0.00255254
0.00234101
0.00218365
0.00210455
0.0020366
0.00200927
0.00198081
0.00197036
0.00196485
0.00194814
0.00194583
0.00196994
0.00195248
0.0019347
0.00194454
0.00194665
0.00193491
0.00194931
0.00195336
0.00194165
0.00194673
0.0019494
0.00194148
0.00194862
0.00195118
0.00194459
0.00195055
0.00195191
0.00194526
0.00195122
0.00195201
0.0019454
0.00195139
0.00195129
0.00194603
0.00195069
0.0019511
0.00194661
0.00194922
0.00195182
0.0019469
0.00194818
0.00195156
0.00194849
0.00194674
0.00195072
0.00195043
0.00194681
0.00194806
0.00195138
0.00194941
0.00194668
0.00194847
0.00195111
0.00194935
0.00194699
0.00194786
0.00194984
0.0019497
0.00194845
0.0019478
0.00194788
0.00194811
0.00194842
0.0019486
0.00194873
0.0019488
0.00194887
0.0019489
0.00194885
0.00194887
0.00194888
0.00194879
0.00194881
0.0019488
0.00194873
0.00194873
0.00194871
0.00194883
0.00194871
0.00194883
0.00194856
0.00194865
0.00194919
0.00194778
0.00194949
0.00194859
0.00194698
0.00195093
0.00194814
0.00194682
0.00195126
0.0019477
0.00194582
0.00195322
0.00194763
0.00194382
0.00195379
0.00194941
0.00194218
0.00195281
0.00195096
0.00194309
0.00195098
0.00194981
0.00194538
0.00195137
0.00194858
0.00194399
0.00195029
0.00195141
0.00194445
0.00194787
0.00195035
0.00194519
0.00194617
0.00195179
0.00194852
0.00194512
0.00194981
0.00195142
0.00194614
0.00194631
0.00195054
0.00194976
0.00194675
0.0019473
0.00194929
0.00194938
0.00194768
0.00194902
0.00194797
0.00194834
0.00195096
0.00194749
0.00194847
0.00195072
0.0019464
0.00194772
0.00195157
0.00194472
0.0019468
0.00195315
0.00194531
0.00194515
0.00195362
0.00194689
0.0019444
0.00195178
0.00194815
0.00194627
0.00195105
0.00194607
0.00194644
0.00195305
0.00194712
0.00194529
0.00195193
0.00194764
0.00194676
0.00195284
0.00194747
0.00194574
0.0019519
0.00194697
0.00194549
0.00195186
0.00194709
0.0019455
0.00195188
0.0019472
0.0019455
0.0019519
0.00194728
0.00194547
0.00195192
0.00194739
0.00194543
0.00195192
0.0019475
0.00194542
0.00195192
0.00194759
0.00194541
0.00195194
0.00194769
0.00194539
0.00195194
0.0019478
0.00194536
0.00195198
0.00194784
0.00194542
0.0019519
0.00194805
0.00194535
0.00195178
0.0019486
0.0019446
0.00195271
0.00194731
0.00194632
0.00195109
0.00194897
0.0019454
0.00194906
0.00195391
0.00194095
0.00195477
0.00194198
0.00195593
0.00194386
0.00194926
0.0019488
0.00194739
0.00195457
0.00193931
0.00195499
0.00194254
0.00195899
0.00193821
0.00195543
0.00194105
0.00195785
0.00194054
0.0019582
0.00194239
0.00195577
0.00194358
0.00195335
0.00194521
0.00195116
0.00193515
0.00197859
0.00313073
0.00270233
0.00189682
0.00191829
0.00191646
0.00191667
0.00191667
0.00191667
0.00191667
0.00191667
0.00191667
0.00191667
0.00191667
0.00191667
0.00191667
0.00191667
0.00191667
0.00191667
0.00191667
0.00191667
0.00191667
0.00191667
0.00191667
0.00191667
0.00191667
0.00191667
0.00191667
0.00191667
0.00191667
0.00191667
0.00191667
0.00191667
0.00191667
0.00191667
0.00191667
0.00191667
0.00191667
0.00191667
0.00191667
0.00191667
0.00191667
0.00191667
0.00191667
0.00191667
0.00191667
0.00191667
0.00191667
0.00191667
0.00191667
0.00191667
0.00191667
0.00191667
0.00191667
0.00191667
0.00191667
0.00191667
0.00191667
0.00191667
0.00191667
0.00191667
0.00191666
0.00191677
0.00191553
0.00192997
0.00276125
0.00309643
0.00255954
0.00235042
0.00219646
0.00211861
0.00205203
0.00202506
0.0019972
0.00198688
0.00198142
0.00196502
0.00196279
0.00198635
0.00196937
0.00195189
0.0019614
0.00196344
0.001952
0.00196603
0.00197003
0.0019586
0.00196349
0.00196609
0.00195837
0.00196532
0.00196784
0.00196142
0.00196722
0.00196855
0.00196207
0.00196788
0.00196866
0.00196222
0.00196804
0.00196797
0.00196283
0.00196736
0.00196777
0.00196338
0.00196593
0.00196847
0.00196367
0.0019649
0.00196821
0.00196521
0.0019635
0.00196738
0.00196711
0.00196356
0.00196477
0.00196803
0.00196611
0.00196342
0.00196517
0.00196776
0.00196604
0.00196371
0.00196456
0.0019665
0.00196638
0.00196514
0.00196449
0.00196456
0.00196479
0.00196509
0.00196527
0.00196539
0.00196546
0.00196552
0.00196555
0.00196551
0.00196552
0.00196552
0.00196544
0.00196545
0.00196544
0.00196537
0.00196537
0.00196535
0.00196546
0.00196535
0.00196546
0.00196519
0.00196528
0.0019658
0.00196443
0.00196609
0.00196521
0.00196364
0.00196748
0.00196476
0.00196347
0.0019678
0.00196433
0.0019625
0.0019697
0.00196425
0.00196053
0.00197025
0.00196599
0.00195893
0.00196928
0.0019675
0.00195981
0.00196748
0.00196636
0.00196204
0.00196786
0.00196515
0.00196066
0.0019668
0.00196791
0.0019611
0.00196441
0.00196684
0.00196179
0.00196274
0.00196824
0.00196505
0.00196171
0.00196629
0.00196788
0.00196271
0.00196286
0.001967
0.00196625
0.0019633
0.00196382
0.00196577
0.00196587
0.0019642
0.0019655
0.00196448
0.00196484
0.0019674
0.00196402
0.00196497
0.00196716
0.00196295
0.00196423
0.00196797
0.00196129
0.00196331
0.0019695
0.00196186
0.00196168
0.00196996
0.0019634
0.00196095
0.00196814
0.00196463
0.00196278
0.00196742
0.00196257
0.00196293
0.00196938
0.00196361
0.0019618
0.00196827
0.00196411
0.00196324
0.00196917
0.00196394
0.00196224
0.00196823
0.00196344
0.00196199
0.00196819
0.00196355
0.00196199
0.0019682
0.00196365
0.00196198
0.00196821
0.00196372
0.00196194
0.00196823
0.00196382
0.0019619
0.00196822
0.00196392
0.00196188
0.00196821
0.001964
0.00196186
0.00196823
0.00196409
0.00196184
0.00196823
0.0019642
0.00196181
0.00196826
0.00196424
0.00196187
0.00196817
0.00196443
0.0019618
0.00196806
0.00196497
0.00196107
0.00196896
0.00196371
0.00196273
0.00196738
0.00196533
0.00196182
0.00196542
0.00197012
0.00195754
0.00197091
0.00195856
0.00197205
0.00196037
0.00196556
0.00196514
0.0019638
0.00197074
0.00195593
0.0019711
0.00195912
0.00197502
0.00195489
0.00197152
0.00195765
0.00197391
0.00195717
0.00197427
0.00195897
0.00197192
0.00196011
0.00196958
0.00196166
0.00196761
0.00194965
0.00199258
0.00311542
0.00268565
0.00189141
0.00191888
0.00191652
0.0019167
0.0019167
0.0019167
0.0019167
0.0019167
0.0019167
0.0019167
0.00191667
0.00191667
0.00191667
0.00191667
0.00191667
0.00191667
0.00191667
0.00191667
0.00191667
0.00191667
0.00191667
0.00191667
0.00191667
0.00191667
0.00191667
0.00191667
0.00191667
0.00191667
0.00191667
0.00191667
0.00191667
0.00191667
0.00191667
0.00191667
0.00191667
0.00191667
0.00191667
0.00191667
0.00191667
0.00191667
0.00191667
0.00191667
0.00191667
0.00191667
0.00191667
0.00191667
0.00191667
0.00191667
0.00191667
0.00191667
0.00191667
0.00191667
0.00191667
0.00191667
0.00191667
0.00191667
0.00191667
0.00191667
0.00191666
0.0019168
0.00191521
0.00193353
0.00274581
0.00308134
0.0025658
0.00236081
0.00221133
0.00213532
0.00207056
0.00204413
0.00201702
0.00200692
0.00200154
0.00198554
0.00198341
0.0020063
0.00198983
0.0019727
0.00198183
0.0019838
0.0019727
0.00198628
0.00199021
0.0019791
0.00198379
0.0019863
0.00197882
0.00198553
0.00198799
0.00198178
0.00198742
0.00198873
0.00198245
0.00198807
0.00198884
0.0019826
0.00198823
0.00198817
0.00198318
0.00198757
0.00198798
0.00198372
0.00198618
0.00198865
0.00198399
0.00198517
0.00198839
0.00198548
0.00198381
0.00198757
0.00198732
0.00198386
0.00198503
0.0019882
0.00198634
0.00198371
0.00198541
0.00198793
0.00198627
0.00198399
0.00198479
0.00198669
0.00198658
0.00198537
0.00198472
0.00198478
0.001985
0.00198529
0.00198546
0.00198558
0.00198564
0.0019857
0.00198573
0.00198568
0.00198569
0.00198569
0.00198561
0.00198562
0.0019856
0.00198553
0.00198553
0.00198551
0.00198561
0.0019855
0.00198561
0.00198535
0.00198543
0.00198593
0.0019846
0.0019862
0.00198534
0.00198383
0.00198754
0.00198491
0.00198365
0.00198784
0.00198448
0.0019827
0.00198968
0.0019844
0.00198078
0.0019902
0.00198608
0.00197921
0.00198924
0.00198754
0.00198006
0.00198747
0.00198642
0.00198222
0.00198785
0.00198522
0.00198084
0.00198681
0.00198789
0.00198128
0.00198446
0.00198682
0.00198191
0.00198282
0.00198817
0.00198508
0.00198182
0.00198626
0.00198782
0.00198279
0.00198291
0.00198695
0.00198623
0.00198334
0.00198384
0.00198574
0.00198583
0.00198422
0.00198546
0.00198448
0.00198484
0.00198731
0.00198405
0.00198495
0.00198707
0.00198298
0.00198422
0.00198784
0.00198136
0.00198331
0.00198932
0.00198191
0.00198172
0.00198974
0.0019834
0.00198099
0.00198796
0.00198458
0.00198277
0.00198725
0.00198256
0.00198291
0.00198916
0.00198357
0.0019818
0.00198806
0.00198405
0.00198321
0.00198895
0.00198389
0.00198222
0.00198803
0.00198339
0.00198196
0.00198797
0.00198348
0.00198196
0.00198798
0.00198357
0.00198193
0.00198797
0.00198363
0.00198189
0.00198798
0.00198372
0.00198184
0.00198796
0.00198381
0.00198182
0.00198795
0.00198388
0.0019818
0.00198796
0.00198396
0.00198177
0.00198795
0.00198406
0.00198173
0.00198798
0.00198409
0.00198178
0.00198789
0.00198428
0.00198171
0.00198778
0.00198479
0.00198101
0.00198863
0.00198358
0.0019826
0.00198712
0.00198513
0.00198171
0.00198523
0.00198975
0.00197762
0.00199046
0.00197862
0.0019916
0.00198036
0.00198531
0.00198494
0.00198368
0.00199033
0.00197605
0.00199063
0.00197918
0.00199446
0.00197507
0.00199102
0.00197774
0.00199338
0.00197729
0.00199375
0.00197904
0.0019915
0.00198011
0.00198924
0.00198157
0.00198751
0.00196759
0.00200712
0.00309368
0.00266281
0.00188628
0.00191935
0.00191649
0.0019166
0.0019166
0.0019166
0.0019166
0.0019166
0.0019166
0.00191663
0.00191663
0.00191663
0.00191663
0.00191663
0.00191663
0.00191663
0.00191663
0.00191666
0.00191666
0.00191666
0.00191666
0.00191666
0.00191666
0.00191666
0.00191666
0.00191666
0.00191666
0.00191666
0.00191666
0.00191666
0.00191666
0.00191666
0.00191666
0.00191666
0.00191666
0.00191666
0.00191666
0.00191666
0.00191666
0.00191666
0.00191666
0.00191666
0.00191666
0.00191666
0.00191666
0.00191666
0.00191666
0.00191666
0.00191666
0.00191666
0.00191666
0.00191666
0.00191666
0.00191666
0.00191666
0.00191666
0.00191666
0.00191666
0.00191665
0.00191682
0.00191491
0.00193679
0.0027255
0.00306063
0.00257072
0.00237193
0.00222821
0.00215474
0.00209232
0.00206667
0.00204053
0.00203073
0.0020255
0.00200999
0.00200796
0.00203008
0.00201424
0.00199755
0.00200624
0.00200811
0.0019974
0.00201046
0.0020143
0.00200358
0.00200803
0.00201044
0.00200322
0.00200966
0.00201206
0.00200605
0.00201144
0.00201271
0.00200667
0.00201207
0.00201283
0.00200682
0.00201222
0.00201215
0.00200734
0.00201155
0.00201196
0.00200785
0.00201021
0.0020126
0.00200811
0.00200923
0.00201234
0.00200954
0.00200791
0.00201154
0.00201131
0.00200796
0.00200907
0.00201215
0.00201035
0.00200779
0.00200943
0.00201188
0.00201027
0.00200805
0.00200882
0.00201066
0.00201055
0.00200938
0.00200873
0.00200878
0.00200898
0.00200926
0.00200942
0.00200954
0.00200959
0.00200965
0.00200968
0.00200963
0.00200963
0.00200964
0.00200955
0.00200956
0.00200954
0.00200946
0.00200946
0.00200944
0.00200953
0.00200943
0.00200952
0.00200927
0.00200935
0.00200981
0.00200854
0.00201008
0.00200924
0.00200778
0.00201135
0.00200882
0.0020076
0.00201163
0.00200839
0.00200667
0.0020134
0.00200831
0.0020048
0.00201388
0.00200992
0.00200328
0.00201293
0.00201132
0.0020041
0.0020112
0.00201022
0.00200617
0.00201158
0.00200904
0.0020048
0.00201055
0.0020116
0.00200522
0.00200826
0.00201053
0.00200579
0.00200665
0.00201182
0.00200885
0.00200568
0.00200997
0.00201148
0.00200662
0.0020067
0.00201061
0.00200993
0.00200713
0.00200759
0.00200943
0.00200953
0.00200797
0.00200915
0.0020082
0.00200856
0.00201094
0.0020078
0.00200866
0.0020107
0.00200676
0.00200795
0.00201142
0.00200518
0.00200704
0.00201283
0.00200569
0.00200549
0.00201323
0.00200713
0.00200477
0.00201148
0.00200825
0.0020065
0.00201079
0.00200627
0.0020066
0.00201264
0.00200726
0.00200552
0.00201156
0.00200771
0.00200689
0.00201243
0.00200756
0.00200593
0.00201151
0.00200706
0.00200567
0.00201144
0.00200713
0.00200565
0.00201144
0.0020072
0.00200561
0.00201142
0.00200725
0.00200556
0.00201142
0.00200733
0.0020055
0.00201139
0.0020074
0.00200548
0.00201137
0.00200746
0.00200544
0.00201137
0.00200753
0.00200541
0.00201136
0.00200762
0.00200537
0.00201138
0.00200765
0.00200541
0.00201129
0.00200782
0.00200533
0.00201118
0.0020083
0.00200466
0.00201198
0.00200715
0.00200618
0.00201054
0.00200863
0.00200531
0.00200872
0.00201306
0.00200142
0.00201367
0.00200241
0.0020148
0.00200405
0.00200875
0.00200842
0.00200724
0.00201359
0.00199991
0.00201381
0.00200296
0.00201754
0.00199899
0.00201419
0.00200154
0.00201649
0.00200113
0.00201687
0.00200282
0.00201473
0.00200382
0.00201258
0.00200519
0.00201109
0.00198932
0.00202169
0.0030642
0.00263269
0.00188174
0.00191965
0.00191635
0.0019167
0.0019167
0.0019167
0.0019167
0.0019167
0.0019167
0.0019167
0.0019167
0.0019167
0.0019167
0.0019167
0.0019167
0.0019167
0.00191667
0.00191667
0.00191667
0.00191667
0.00191667
0.00191667
0.00191667
0.00191667
0.00191667
0.00191667
0.00191667
0.00191667
0.00191667
0.00191667
0.00191667
0.00191667
0.00191667
0.00191667
0.00191667
0.00191667
0.00191667
0.00191667
0.00191667
0.00191667
0.00191667
0.00191667
0.00191667
0.00191667
0.00191667
0.00191667
0.00191667
0.00191667
0.00191667
0.00191667
0.00191667
0.00191667
0.00191667
0.00191667
0.00191667
0.00191667
0.00191667
0.00191667
0.00191665
0.00191684
0.00191466
0.00193958
0.00269954
0.00303325
0.00257365
0.00238354
0.00224707
0.00217697
0.00211749
0.00209293
0.002068
0.00205861
0.00205358
0.00203868
0.00203676
0.00205799
0.00204289
0.00202673
0.00203494
0.00203669
0.00202642
0.00203886
0.00204259
0.00203232
0.0020365
0.00203879
0.00203188
0.002038
0.00204031
0.0020346
0.00203973
0.00204097
0.0020352
0.00204034
0.00204109
0.00203535
0.00204052
0.00204051
0.00203591
0.00203992
0.00204033
0.00203638
0.00203863
0.00204092
0.00203663
0.00203768
0.00204067
0.00203799
0.00203641
0.00203989
0.00203968
0.00203645
0.0020375
0.00204047
0.00203875
0.00203627
0.00203783
0.0020402
0.00203866
0.0020365
0.00203722
0.002039
0.0020389
0.00203777
0.00203713
0.00203716
0.00203735
0.00203761
0.00203776
0.00203787
0.00203792
0.00203797
0.00203799
0.00203794
0.00203794
0.00203794
0.00203786
0.00203786
0.00203784
0.00203776
0.00203775
0.00203773
0.00203782
0.00203771
0.0020378
0.00203755
0.00203763
0.00203806
0.00203685
0.0020383
0.0020375
0.00203611
0.00203951
0.0020371
0.00203592
0.00203976
0.00203666
0.00203502
0.00204144
0.00203657
0.0020332
0.00204188
0.00203811
0.00203173
0.00204095
0.00203944
0.00203251
0.00203927
0.00203836
0.00203448
0.00203963
0.00203721
0.00203313
0.00203862
0.00203965
0.00203352
0.00203639
0.00203857
0.00203402
0.00203482
0.00203978
0.00203695
0.00203389
0.00203799
0.00203946
0.00203479
0.00203484
0.00203859
0.00203796
0.00203525
0.00203567
0.00203744
0.00203754
0.00203605
0.00203716
0.00203626
0.0020366
0.00203888
0.00203588
0.0020367
0.00203864
0.00203487
0.00203599
0.00203931
0.00203333
0.00203509
0.00204064
0.00203381
0.00203359
0.002041
0.00203518
0.00203289
0.0020393
0.00203623
0.00203454
0.00203863
0.00203431
0.00203462
0.00204039
0.00203525
0.00203357
0.00203933
0.00203568
0.00203489
0.00204018
0.00203553
0.00203396
0.00203929
0.00203503
0.00203368
0.0020392
0.00203509
0.00203365
0.00203918
0.00203514
0.0020336
0.00203915
0.00203518
0.00203354
0.00203914
0.00203523
0.00203347
0.0020391
0.00203529
0.00203343
0.00203907
0.00203534
0.00203339
0.00203905
0.0020354
0.00203335
0.00203903
0.00203547
0.0020333
0.00203904
0.00203549
0.00203334
0.00203895
0.00203565
0.00203326
0.00203884
0.0020361
0.00203261
0.00203959
0.002035
0.00203404
0.00203822
0.00203641
0.00203321
0.00203649
0.00204061
0.00202954
0.00204114
0.0020305
0.00204225
0.00203205
0.00203647
0.00203617
0.00203509
0.00204109
0.00202808
0.00204125
0.00203104
0.00204484
0.00202723
0.0020416
0.00202966
0.00204384
0.00202928
0.00204422
0.0020309
0.00204221
0.00203184
0.00204018
0.00203311
0.00203893
0.00201555
0.00203609
0.00302588
0.0025944
0.00187838
0.00192007
0.00191643
0.0019167
0.0019167
0.0019167
0.0019167
0.0019167
0.0019167
0.0019167
0.0019167
0.0019167
0.0019167
0.0019167
0.0019167
0.0019167
0.0019167
0.0019167
0.0019167
0.0019167
0.0019167
0.0019167
0.0019167
0.0019167
0.0019167
0.0019167
0.0019167
0.0019167
0.0019167
0.0019167
0.00191667
0.00191667
0.00191667
0.00191667
0.00191667
0.00191667
0.00191667
0.00191667
0.00191667
0.00191667
0.00191667
0.00191667
0.00191667
0.00191667
0.00191667
0.00191667
0.00191667
0.00191667
0.00191667
0.00191667
0.00191667
0.00191667
0.00191667
0.00191667
0.00191667
0.00191667
0.00191667
0.00191667
0.00191665
0.00191686
0.00191447
0.0019417
0.00266705
0.002998
0.00257383
0.00239526
0.00226772
0.002202
0.00214615
0.00212304
0.00209958
0.00209074
0.002086
0.00207182
0.00207003
0.00209023
0.002076
0.00206049
0.00206813
0.00206975
0.00205997
0.00207171
0.00207529
0.00206553
0.00206942
0.00207157
0.002065
0.00207075
0.00207296
0.00206755
0.0020724
0.00207359
0.00206812
0.00207298
0.0020737
0.00206827
0.00207312
0.00207313
0.00206876
0.00207255
0.00207296
0.0020692
0.00207133
0.00207351
0.00206944
0.00207042
0.00207326
0.00207072
0.0020692
0.0020725
0.00207234
0.00206926
0.00207025
0.00207307
0.00207145
0.00206908
0.00207054
0.0020728
0.00207135
0.00206927
0.00206994
0.00207163
0.00207155
0.00207046
0.00206983
0.00206985
0.00207001
0.00207026
0.00207039
0.00207049
0.00207054
0.00207058
0.0020706
0.00207055
0.00207054
0.00207054
0.00207045
0.00207045
0.00207042
0.00207035
0.00207033
0.00207031
0.00207039
0.00207028
0.00207036
0.00207011
0.00207018
0.00207059
0.00206944
0.00207081
0.00207004
0.00206872
0.00207193
0.00206965
0.00206852
0.00207215
0.00206921
0.00206765
0.00207373
0.00206912
0.0020659
0.00207412
0.00207057
0.00206449
0.00207321
0.00207181
0.00206523
0.00207159
0.00207076
0.00206708
0.00207193
0.00206964
0.00206575
0.00207094
0.00207193
0.00206611
0.00206879
0.00207086
0.00206653
0.00206726
0.00207198
0.0020693
0.00206637
0.00207025
0.00207166
0.00206722
0.00206724
0.0020708
0.00207021
0.00206763
0.002068
0.00206969
0.00206978
0.00206837
0.0020694
0.00206855
0.00206888
0.00207103
0.0020682
0.00206897
0.00207081
0.00206723
0.00206828
0.00207141
0.00206574
0.00206739
0.00207265
0.00206618
0.00206594
0.00207296
0.00206746
0.00206526
0.00207131
0.00206844
0.00206682
0.00207067
0.00206658
0.00206686
0.00207234
0.00206748
0.00206586
0.00207131
0.00206787
0.00206711
0.00207212
0.00206774
0.00206622
0.00207125
0.00206723
0.00206593
0.00207115
0.00206727
0.00206588
0.00207111
0.0020673
0.00206582
0.00207107
0.00206731
0.00206574
0.00207104
0.00206735
0.00206566
0.00207098
0.00206739
0.00206561
0.00207094
0.00206742
0.00206556
0.00207091
0.00206747
0.0020655
0.00207088
0.00206753
0.00206545
0.00207088
0.00206753
0.00206547
0.00207078
0.00206767
0.00206539
0.00207067
0.00206809
0.00206478
0.00207137
0.00206705
0.00206611
0.00207008
0.00206837
0.00206531
0.00206844
0.00207233
0.00206189
0.00207277
0.0020628
0.00207384
0.00206427
0.00206837
0.00206812
0.00206713
0.00207275
0.0020605
0.00207284
0.00206332
0.00207628
0.00205971
0.00207317
0.002062
0.00207532
0.00206165
0.00207571
0.00206321
0.00207383
0.00206408
0.00207194
0.00206524
0.00207092
0.00204628
0.00204937
0.00297673
0.00254632
0.00187614
0.00192027
0.00191641
0.0019166
0.0019166
0.0019166
0.0019166
0.0019166
0.0019166
0.0019166
0.0019166
0.0019166
0.0019166
0.0019166
0.0019166
0.0019166
0.0019166
0.0019166
0.0019166
0.0019166
0.0019166
0.0019166
0.0019166
0.0019166
0.0019166
0.0019166
0.0019166
0.0019166
0.0019166
0.00191663
0.00191663
0.00191663
0.00191663
0.00191663
0.00191663
0.00191663
0.00191663
0.00191666
0.00191666
0.00191666
0.00191666
0.00191666
0.00191666
0.00191666
0.00191666
0.00191666
0.00191666
0.00191666
0.00191666
0.00191666
0.00191666
0.00191666
0.00191666
0.00191666
0.00191666
0.00191666
0.00191666
0.00191666
0.00191664
0.00191687
0.00191433
0.001943
0.00262718
0.00295363
0.0025705
0.00240675
0.00229012
0.0022299
0.00217849
0.00215726
0.00213561
0.00212747
0.0021231
0.0021098
0.00210813
0.00212715
0.00211392
0.00209921
0.00210621
0.00210768
0.00209844
0.00210936
0.00211277
0.0021036
0.00210714
0.00210913
0.00210295
0.00210829
0.00211037
0.00210531
0.00210982
0.00211096
0.00210584
0.00211037
0.00211107
0.00210598
0.0021105
0.00211054
0.00210644
0.00210997
0.00211037
0.00210685
0.00210882
0.00211087
0.00210706
0.00210795
0.00211062
0.00210825
0.0021068
0.00210986
0.0021097
0.00210679
0.0021077
0.00211036
0.00210884
0.00210659
0.00210795
0.00211005
0.00210869
0.00210672
0.00210732
0.00210891
0.00210884
0.00210781
0.0021072
0.00210719
0.00210734
0.00210755
0.00210768
0.00210776
0.0021078
0.00210783
0.00210785
0.00210779
0.00210779
0.00210778
0.00210769
0.00210768
0.00210765
0.00210757
0.00210755
0.00210752
0.00210759
0.00210749
0.00210755
0.00210732
0.00210738
0.00210774
0.00210667
0.00210793
0.00210721
0.00210596
0.00210896
0.00210683
0.00210576
0.00210915
0.0021064
0.00210492
0.00211061
0.0021063
0.00210325
0.00211095
0.00210764
0.00210192
0.00211005
0.00210878
0.00210259
0.00210852
0.00210776
0.0021043
0.00210883
0.00210669
0.002103
0.00210785
0.0021088
0.00210333
0.0021058
0.00210774
0.00210366
0.00210431
0.00210874
0.00210624
0.00210346
0.00210709
0.00210844
0.00210425
0.00210423
0.00210758
0.00210705
0.0021046
0.00210492
0.00210651
0.0021066
0.00210527
0.00210622
0.00210542
0.00210573
0.00210775
0.00210511
0.00210581
0.00210753
0.00210418
0.00210515
0.00210807
0.00210275
0.00210427
0.0021092
0.00210315
0.00210287
0.00210946
0.00210433
0.00210221
0.00210788
0.00210521
0.00210367
0.00210725
0.00210343
0.00210367
0.00210881
0.00210428
0.00210272
0.00210782
0.00210462
0.00210389
0.00210859
0.0021045
0.00210305
0.00210776
0.002104
0.00210275
0.00210763
0.00210401
0.00210268
0.00210757
0.00210401
0.0021026
0.00210751
0.002104
0.00210251
0.00210746
0.00210402
0.00210241
0.00210738
0.00210404
0.00210235
0.00210733
0.00210405
0.00210228
0.00210729
0.00210407
0.00210221
0.00210724
0.00210412
0.00210215
0.00210723
0.00210411
0.00210216
0.00210713
0.00210423
0.00210207
0.00210701
0.00210461
0.00210149
0.00210765
0.00210363
0.00210273
0.00210645
0.00210486
0.00210197
0.0021049
0.00210854
0.00209881
0.00210889
0.00209967
0.00210991
0.00210103
0.00210479
0.00210458
0.00210369
0.0021089
0.00209748
0.00210892
0.00210015
0.00211218
0.00209678
0.00210922
0.00209889
0.00211126
0.00209859
0.00211166
0.00210006
0.00210994
0.00210087
0.00210819
0.00210192
0.00210739
0.00208197
0.00206091
0.00291493
0.0024871
0.00187519
0.00192024
0.0019163
0.0019167
0.0019167
0.0019167
0.0019167
0.0019167
0.0019167
0.0019167
0.0019167
0.0019167
0.0019167
0.0019167
0.0019167
0.0019167
0.0019167
0.0019167
0.0019167
0.0019167
0.0019167
0.0019167
0.0019167
0.0019167
0.0019167
0.0019167
0.0019167
0.0019167
0.0019167
0.0019167
0.0019167
0.0019167
0.0019167
0.0019167
0.0019167
0.0019167
0.00191667
0.00191667
0.00191667
0.00191667
0.00191667
0.00191667
0.00191667
0.00191667
0.00191667
0.00191667
0.00191667
0.00191667
0.00191667
0.00191667
0.00191667
0.00191667
0.00191667
0.00191667
0.00191667
0.00191667
0.00191667
0.00191667
0.00191665
0.00191688
0.0019143
0.00194338
0.00257907
0.00289887
0.00256293
0.00241772
0.00231425
0.00226087
0.00221486
0.00219599
0.00217652
0.00216926
0.00216538
0.00215312
0.0021516
0.00216926
0.0021572
0.00214343
0.00214972
0.00215099
0.00214237
0.00215235
0.00215554
0.00214705
0.00215022
0.00215203
0.00214628
0.00215114
0.00215308
0.00214839
0.00215252
0.0021536
0.00214888
0.00215304
0.00215372
0.00214902
0.00215317
0.00215323
0.00214944
0.00215268
0.00215307
0.00214981
0.00215161
0.00215352
0.00215
0.00215079
0.00215327
0.00215108
0.00214972
0.00215257
0.00215243
0.00214973
0.00215054
0.00215301
0.00215162
0.00214951
0.00215078
0.00215277
0.00215152
0.00214967
0.0021502
0.00215167
0.00215162
0.00215065
0.00215006
0.00215003
0.00215015
0.00215033
0.00215044
0.00215051
0.00215053
0.00215056
0.00215057
0.00215051
0.0021505
0.00215048
0.0021504
0.00215038
0.00215034
0.00215027
0.00215024
0.0021502
0.00215026
0.00215016
0.00215021
0.00214998
0.00215003
0.00215036
0.00214936
0.00215052
0.00214984
0.00214868
0.00215143
0.00214948
0.00214846
0.00215158
0.00214904
0.00214766
0.0021529
0.00214894
0.00214609
0.00215318
0.00215016
0.00214483
0.00215231
0.00215118
0.00214544
0.00215086
0.00215019
0.00214698
0.00215114
0.00214917
0.00214573
0.00215018
0.00215108
0.00214602
0.00214824
0.00215003
0.00214624
0.0021468
0.00215089
0.0021486
0.002146
0.00214933
0.0021506
0.00214672
0.00214666
0.00214976
0.00214928
0.002147
0.00214727
0.00214873
0.00214882
0.00214759
0.00214845
0.0021477
0.00214799
0.00214985
0.00214743
0.00214806
0.00214965
0.00214655
0.00214741
0.00215011
0.00214519
0.00214655
0.00215111
0.00214553
0.00214523
0.0021513
0.00214659
0.00214459
0.0021498
0.00214737
0.00214592
0.00214921
0.00214568
0.00214587
0.00215062
0.00214646
0.00214498
0.00214967
0.00214675
0.00214606
0.0021504
0.00214664
0.00214527
0.0021496
0.00214615
0.00214497
0.00214945
0.00214613
0.00214487
0.00214937
0.0021461
0.00214477
0.00214928
0.00214607
0.00214465
0.00214921
0.00214605
0.00214454
0.00214912
0.00214605
0.00214446
0.00214904
0.00214604
0.00214438
0.00214898
0.00214604
0.0021443
0.00214892
0.00214606
0.00214422
0.00214889
0.00214604
0.00214421
0.00214879
0.00214613
0.00214412
0.00214867
0.00214647
0.00214358
0.00214924
0.00214557
0.0021447
0.00214813
0.00214668
0.00214398
0.0021467
0.00215006
0.00214112
0.00215031
0.00214191
0.00215127
0.00214316
0.00214655
0.00214637
0.00214558
0.00215036
0.00213987
0.0021503
0.00214234
0.00215334
0.00213924
0.00215057
0.00214116
0.00215248
0.00214091
0.00215287
0.0021423
0.00215133
0.00214304
0.00214974
0.00214399
0.00214913
0.00212355
0.00207043
0.00283883
0.00241568
0.00187598
0.00192028
0.00191641
0.0019167
0.0019167
0.0019167
0.0019167
0.0019167
0.0019167
0.0019167
0.0019167
0.0019167
0.0019167
0.0019167
0.0019167
0.0019167
0.0019167
0.0019167
0.0019167
0.0019167
0.0019167
0.0019167
0.0019167
0.0019167
0.0019167
0.0019167
0.0019167
0.0019167
0.0019167
0.0019167
0.0019167
0.0019167
0.0019167
0.0019167
0.0019167
0.0019167
0.0019167
0.0019167
0.0019167
0.0019167
0.0019167
0.0019167
0.0019167
0.0019167
0.0019167
0.0019167
0.0019167
0.0019167
0.0019167
0.0019167
0.00191667
0.00191667
0.00191667
0.00191667
0.00191667
0.00191667
0.00191667
0.00191667
0.00191665
0.00191688
0.00191436
0.00194273
0.00252172
0.0028322
0.00255024
0.00242779
0.00234007
0.00229507
0.00225556
0.00223963
0.00222279
0.00221663
0.00221337
0.00220236
0.00220098
0.00221708
0.00220638
0.00219375
0.00219921
0.00220027
0.00219234
0.00220122
0.00220415
0.00219644
0.00219918
0.00220078
0.00219552
0.00219982
0.00220159
0.00219734
0.00220104
0.00220204
0.00219777
0.0022015
0.00220216
0.00219791
0.00220163
0.00220173
0.0021983
0.00220119
0.00220158
0.00219862
0.00220022
0.00220196
0.00219879
0.00219946
0.00220171
0.00219974
0.00219848
0.00220104
0.00220094
0.00219848
0.00219918
0.00220142
0.00220018
0.00219825
0.00219933
0.00220114
0.00220003
0.00219832
0.00219877
0.00220009
0.00220005
0.00219917
0.00219861
0.00219855
0.00219863
0.00219878
0.00219886
0.00219891
0.00219896
0.00219898
0.00219898
0.00219892
0.0021989
0.00219888
0.00219879
0.00219877
0.00219873
0.00219865
0.00219861
0.00219857
0.00219861
0.00219851
0.00219854
0.00219833
0.00219836
0.00219865
0.00219774
0.00219877
0.00219815
0.00219709
0.00219956
0.0021978
0.00219685
0.00219966
0.00219737
0.00219609
0.00220082
0.00219726
0.00219463
0.00220102
0.00219833
0.00219347
0.00220018
0.00219922
0.002194
0.00219884
0.00219827
0.00219535
0.00219907
0.00219731
0.00219415
0.00219814
0.00219898
0.00219438
0.00219633
0.00219794
0.0021945
0.00219494
0.00219864
0.00219659
0.00219419
0.00219718
0.00219836
0.00219484
0.00219473
0.00219752
0.00219712
0.00219503
0.00219524
0.00219655
0.00219664
0.00219552
0.00219628
0.0021956
0.00219585
0.00219754
0.00219536
0.00219591
0.00219735
0.00219454
0.00219529
0.00219773
0.00219328
0.00219445
0.00219858
0.00219354
0.00219321
0.00219869
0.00219447
0.0021926
0.00219728
0.00219511
0.00219378
0.00219673
0.00219354
0.00219367
0.00219797
0.00219424
0.00219285
0.00219708
0.00219446
0.00219382
0.00219775
0.00219438
0.0021931
0.002197
0.0021939
0.00219278
0.00219682
0.00219383
0.00219265
0.00219671
0.00219377
0.00219252
0.00219659
0.0021937
0.00219239
0.00219649
0.00219366
0.00219225
0.00219638
0.00219363
0.00219215
0.00219628
0.00219359
0.00219205
0.0021962
0.00219357
0.00219195
0.00219612
0.00219356
0.00219186
0.00219608
0.00219352
0.00219184
0.00219596
0.00219359
0.00219173
0.00219584
0.00219387
0.00219123
0.00219633
0.00219305
0.00219222
0.00219533
0.00219404
0.00219157
0.00219401
0.00219707
0.00218902
0.00219723
0.00218972
0.00219811
0.00219086
0.00219385
0.0021937
0.002193
0.0021973
0.00218786
0.00219717
0.0021901
0.00219996
0.00218732
0.00219741
0.00218901
0.00219916
0.00218882
0.00219954
0.00219011
0.0021982
0.00219079
0.00219678
0.00219163
0.00219635
0.00217132
0.00207695
0.00274587
0.00233028
0.00187836
0.00192007
0.00191643
0.0019166
0.0019166
0.0019166
0.0019166
0.0019166
0.0019166
0.0019166
0.0019166
0.0019166
0.0019166
0.0019166
0.0019166
0.0019166
0.0019166
0.0019166
0.0019166
0.0019166
0.0019166
0.0019166
0.0019166
0.0019166
0.0019166
0.0019166
0.0019166
0.0019166
0.0019166
0.0019166
0.0019166
0.0019166
0.0019166
0.0019166
0.0019166
0.0019166
0.0019166
0.0019166
0.0019166
0.0019166
0.0019166
0.0019166
0.0019166
0.0019166
0.0019166
0.0019166
0.0019166
0.0019166
0.0019166
0.00191663
0.00191663
0.00191663
0.00191663
0.00191663
0.00191663
0.00191663
0.00191663
0.00191666
0.00191664
0.00191685
0.0019145
0.00194097
0.00245412
0.00275197
0.00253143
0.00243646
0.00236746
0.00233263
0.0023009
0.00228859
0.00227489
0.00227007
0.0022676
0.00225808
0.00225684
0.00227114
0.00226202
0.00225075
0.00225526
0.00225607
0.00224893
0.00225653
0.00225915
0.00225235
0.0022546
0.00225596
0.00225126
0.00225492
0.00225648
0.00225274
0.00225593
0.00225685
0.0022531
0.00225633
0.00225696
0.00225323
0.00225646
0.00225659
0.00225357
0.00225607
0.00225645
0.00225384
0.00225521
0.00225676
0.00225398
0.00225452
0.00225651
0.00225479
0.00225364
0.00225588
0.00225582
0.00225364
0.00225421
0.00225618
0.00225512
0.00225338
0.00225429
0.00225589
0.00225493
0.0022534
0.00225375
0.0022549
0.00225488
0.00225409
0.00225357
0.00225348
0.00225352
0.00225362
0.00225367
0.00225367
0.00225367
0.00225367
0.00225366
0.0022536
0.00225357
0.00225354
0.00225346
0.00225339
0.00225334
0.00225326
0.00225321
0.00225316
0.00225318
0.00225309
0.0022531
0.0022529
0.00225292
0.00225316
0.00225235
0.00225323
0.00225268
0.00225172
0.00225387
0.00225234
0.00225147
0.00225392
0.00225192
0.00225075
0.00225489
0.0022518
0.00224942
0.00225501
0.0022527
0.00224837
0.00225421
0.00225343
0.00224881
0.00225298
0.00225252
0.00224993
0.00225317
0.00225164
0.0022488
0.00225225
0.00225303
0.00224897
0.0022506
0.00225201
0.00224896
0.00224927
0.00225251
0.00225073
0.00224858
0.00225117
0.00225223
0.00224915
0.00224898
0.00225142
0.00225109
0.00224924
0.00224936
0.0022505
0.00225059
0.0022496
0.00225024
0.00224964
0.00224985
0.00225134
0.00224944
0.00224989
0.00225116
0.00224869
0.00224931
0.00225144
0.00224753
0.00224848
0.00225212
0.00224771
0.00224734
0.00225215
0.00224848
0.00224676
0.00225084
0.00224897
0.00224776
0.00225033
0.00224753
0.00224759
0.00225138
0.00224813
0.00224686
0.00225055
0.00224828
0.00224769
0.00225114
0.00224823
0.00224705
0.00225046
0.00224776
0.00224672
0.00225025
0.00224764
0.00224655
0.00225009
0.00224754
0.00224639
0.00224995
0.00224744
0.00224623
0.00224981
0.00224736
0.00224607
0.00224967
0.00224729
0.00224594
0.00224955
0.00224722
0.00224582
0.00224945
0.00224717
0.0022457
0.00224935
0.00224713
0.0022456
0.00224928
0.00224707
0.00224555
0.00224915
0.0022471
0.00224543
0.00224902
0.00224733
0.00224498
0.00224943
0.0022466
0.00224582
0.00224854
0.00224744
0.00224524
0.00224736
0.00225007
0.00224304
0.00225015
0.00224363
0.00225093
0.00224464
0.00224718
0.00224707
0.00224647
0.00225024
0.00224198
0.00225003
0.00224393
0.00225253
0.00224154
0.00225024
0.00224296
0.00225178
0.00224284
0.00225216
0.00224402
0.00225103
0.00224464
0.00224982
0.00224537
0.00224954
0.00222594
0.00207962
0.00263346
0.00222926
0.0018824
0.00191962
0.00191636
0.0019167
0.0019167
0.0019167
0.0019167
0.0019167
0.0019167
0.0019167
0.0019167
0.0019167
0.0019167
0.0019167
0.0019167
0.0019167
0.0019167
0.0019167
0.0019167
0.0019167
0.0019167
0.0019167
0.0019167
0.0019167
0.0019167
0.0019167
0.0019167
0.0019167
0.0019167
0.0019167
0.0019167
0.0019167
0.0019167
0.0019167
0.0019167
0.0019167
0.0019167
0.0019167
0.0019167
0.0019167
0.0019167
0.0019167
0.0019167
0.0019167
0.0019167
0.0019167
0.0019167
0.0019167
0.0019167
0.0019167
0.0019167
0.0019167
0.0019167
0.0019167
0.0019167
0.0019167
0.00191667
0.00191667
0.00191665
0.00191684
0.00191476
0.0019381
0.00237523
0.0026564
0.00250547
0.00244325
0.00239639
0.00237377
0.00235133
0.00234343
0.00233349
0.00233032
0.0023288
0.00232105
0.00231997
0.00233218
0.00232491
0.00231526
0.00231868
0.0023192
0.00231296
0.00231906
0.0023213
0.00231555
0.00231725
0.00231832
0.00231428
0.00231719
0.0023185
0.00231533
0.00231793
0.00231876
0.00231561
0.00231827
0.00231885
0.00231573
0.00231839
0.00231856
0.00231602
0.00231807
0.00231844
0.00231624
0.00231734
0.00231867
0.00231634
0.00231674
0.00231841
0.002317
0.00231598
0.00231783
0.00231781
0.00231596
0.00231638
0.00231804
0.00231718
0.00231568
0.00231639
0.00231774
0.00231697
0.00231564
0.00231587
0.00231682
0.00231682
0.00231615
0.00231566
0.00231554
0.00231553
0.00231558
0.0023156
0.0023156
0.00231558
0.00231557
0.00231555
0.00231549
0.00231545
0.00231541
0.00231536
0.00231532
0.00231526
0.00231517
0.00231512
0.00231506
0.00231506
0.00231496
0.00231496
0.00231478
0.00231477
0.00231496
0.00231426
0.00231497
0.0023145
0.00231366
0.00231545
0.00231417
0.0023134
0.00231544
0.00231377
0.00231272
0.00231619
0.00231364
0.00231155
0.0023162
0.00231434
0.00231062
0.00231544
0.00231487
0.00231095
0.00231436
0.00231402
0.00231181
0.00231448
0.00231323
0.00231077
0.00231359
0.00231429
0.00231086
0.00231212
0.0023133
0.0023107
0.00231086
0.00231356
0.00231211
0.00231024
0.00231236
0.00231329
0.0023107
0.00231047
0.00231249
0.00231225
0.00231067
0.00231072
0.00231165
0.00231173
0.00231089
0.0023114
0.00231088
0.00231104
0.0023123
0.00231072
0.00231107
0.00231215
0.00231007
0.00231053
0.00231232
0.00230903
0.00230973
0.00231279
0.00230912
0.00230869
0.00231271
0.00230969
0.00230815
0.00231153
0.00231001
0.00230895
0.00231107
0.00230872
0.0023087
0.00231188
0.00230921
0.00230806
0.00231113
0.00230927
0.00230872
0.00231164
0.00230924
0.00230819
0.00231103
0.00230879
0.00230784
0.00231077
0.00230862
0.00230763
0.00231058
0.00230847
0.00230743
0.00231039
0.00230832
0.00230724
0.00231022
0.0023082
0.00230705
0.00231005
0.00230809
0.00230689
0.0023099
0.00230798
0.00230674
0.00230977
0.00230789
0.0023066
0.00230964
0.00230782
0.00230648
0.00230954
0.00230774
0.0023064
0.0023094
0.00230773
0.00230628
0.00230927
0.0023079
0.00230588
0.00230958
0.00230726
0.00230655
0.00230882
0.00230794
0.00230605
0.00230779
0.00231012
0.00230424
0.0023101
0.0023047
0.00231076
0.00230557
0.00230761
0.00230753
0.00230703
0.00231021
0.0023033
0.00230992
0.00230489
0.00231208
0.00230296
0.00231009
0.00230408
0.00231139
0.00230402
0.00231175
0.00230509
0.00231088
0.00230564
0.00230989
0.00230626
0.00230973
0.00228855
0.00207788
0.00249899
0.00211119
0.00188839
0.00191922
0.0019165
0.0019167
0.0019167
0.0019167
0.0019167
0.0019167
0.0019167
0.0019167
0.0019167
0.0019167
0.0019167
0.0019167
0.0019167
0.0019167
0.0019167
0.0019167
0.0019167
0.0019167
0.0019167
0.0019167
0.0019167
0.0019167
0.0019167
0.0019167
0.0019167
0.0019167
0.0019167
0.0019167
0.0019167
0.0019167
0.0019167
0.0019167
0.0019167
0.0019167
0.0019167
0.0019167
0.0019167
0.0019167
0.0019167
0.0019167
0.0019167
0.0019167
0.0019167
0.0019167
0.0019167
0.0019167
0.0019167
0.0019167
0.0019167
0.0019167
0.0019167
0.0019167
0.0019167
0.0019167
0.0019167
0.0019167
0.00191669
0.00191684
0.00191515
0.00193414
0.00228396
0.00254352
0.00247117
0.00244762
0.00242686
0.00241886
0.00240748
0.00240491
0.00239942
0.00239823
0.00239789
0.00239223
0.00239134
0.00240111
0.00239601
0.00238829
0.00239044
0.00239061
0.00238541
0.00238977
0.00239155
0.00238703
0.00238809
0.00238883
0.00238553
0.00238757
0.00238859
0.00238609
0.00238801
0.00238872
0.00238627
0.00238826
0.00238881
0.00238638
0.00238838
0.00238859
0.00238661
0.00238815
0.00238849
0.00238677
0.00238755
0.00238862
0.00238683
0.00238705
0.00238836
0.00238729
0.00238643
0.00238782
0.00238786
0.0023864
0.00238664
0.00238793
0.00238732
0.0023861
0.00238657
0.00238763
0.00238706
0.00238599
0.00238608
0.00238679
0.0023868
0.00238627
0.00238584
0.00238567
0.0023856
0.0023856
0.00238557
0.00238555
0.00238551
0.00238548
0.00238544
0.00238537
0.00238532
0.00238527
0.00238519
0.00238513
0.00238507
0.00238498
0.00238491
0.00238484
0.00238482
0.00238472
0.00238469
0.00238453
0.00238449
0.00238462
0.00238405
0.00238457
0.00238423
0.00238353
0.00238489
0.00238392
0.00238325
0.0023848
0.00238353
0.00238262
0.0023853
0.00238338
0.00238163
0.00238519
0.00238385
0.00238086
0.00238448
0.00238416
0.00238105
0.00238358
0.00238336
0.0023816
0.00238362
0.00238268
0.00238067
0.00238275
0.00238336
0.00238067
0.00238151
0.0023824
0.00238033
0.00238031
0.00238239
0.00238131
0.00237977
0.00238134
0.00238212
0.00238011
0.00237981
0.00238134
0.0023812
0.00237995
0.00237989
0.00238058
0.00238066
0.00237999
0.00238035
0.00237993
0.00238002
0.00238101
0.00237981
0.00238004
0.00238089
0.00237927
0.00237955
0.00238094
0.00237837
0.00237877
0.00238116
0.00237835
0.00237786
0.00238097
0.0023787
0.00237737
0.00237993
0.0023788
0.00237792
0.00237953
0.00237771
0.00237758
0.00238006
0.00237805
0.00237706
0.0023794
0.00237801
0.00237752
0.0023798
0.00237801
0.00237711
0.00237928
0.00237758
0.00237674
0.00237899
0.00237735
0.00237648
0.00237874
0.00237714
0.00237624
0.00237851
0.00237694
0.00237601
0.00237829
0.00237677
0.00237579
0.00237808
0.00237661
0.00237559
0.00237789
0.00237646
0.00237541
0.00237773
0.00237633
0.00237524
0.00237757
0.00237622
0.00237509
0.00237744
0.0023761
0.00237499
0.00237729
0.00237605
0.00237485
0.00237714
0.00237615
0.0023745
0.00237734
0.00237561
0.00237499
0.00237673
0.00237611
0.00237459
0.00237587
0.00237777
0.00237321
0.00237765
0.00237351
0.00237816
0.00237424
0.0023757
0.00237565
0.00237526
0.00237778
0.00237241
0.0023774
0.00237358
0.00237916
0.00237218
0.00237753
0.00237294
0.00237855
0.00237297
0.00237888
0.0023739
0.0023783
0.00237439
0.00237757
0.00237488
0.00237752
0.00235988
0.00212214
0.00233882
0.00197393
0.00189598
0.00191855
0.00191655
0.0019166
0.0019166
0.0019166
0.0019166
0.0019166
0.0019166
0.0019166
0.0019166
0.0019166
0.0019166
0.0019166
0.0019166
0.0019166
0.0019166
0.0019166
0.0019166
0.0019166
0.0019166
0.0019166
0.0019166
0.0019166
0.0019166
0.0019166
0.0019166
0.0019166
0.0019166
0.0019166
0.0019166
0.0019166
0.0019166
0.0019166
0.0019166
0.0019166
0.0019166
0.0019166
0.0019166
0.0019166
0.0019166
0.0019166
0.0019166
0.0019166
0.0019166
0.0019166
0.0019166
0.0019166
0.0019166
0.0019166
0.0019166
0.0019166
0.0019166
0.0019166
0.0019166
0.0019166
0.0019166
0.0019166
0.00191659
0.0019167
0.0019155
0.00192898
0.00217899
0.00241095
0.00242704
0.00244874
0.00245863
0.00246803
0.0024698
0.00247371
0.0024736
0.0024748
0.0024759
0.00247274
0.00247205
0.00247894
0.00247642
0.00247104
0.00247171
0.00247147
0.00246747
0.00246976
0.00247101
0.00246794
0.00246825
0.00246859
0.00246617
0.00246718
0.00246785
0.00246613
0.00246725
0.00246782
0.00246619
0.00246741
0.0024679
0.00246629
0.00246752
0.00246778
0.00246646
0.00246738
0.0024677
0.00246655
0.00246696
0.00246772
0.00246656
0.00246658
0.00246746
0.00246681
0.00246613
0.00246699
0.00246709
0.00246609
0.00246611
0.00246697
0.00246663
0.00246575
0.00246594
0.00246665
0.00246634
0.00246556
0.00246548
0.0024659
0.00246594
0.00246557
0.00246521
0.00246499
0.00246485
0.00246477
0.00246469
0.00246463
0.00246457
0.00246452
0.00246446
0.00246439
0.00246433
0.00246427
0.00246418
0.00246411
0.00246403
0.00246394
0.00246386
0.00246377
0.00246372
0.00246363
0.00246358
0.00246343
0.00246336
0.00246342
0.002463
0.00246325
0.00246299
0.00246244
0.0024633
0.00246269
0.00246214
0.00246313
0.00246231
0.00246153
0.00246328
0.00246211
0.00246076
0.00246303
0.00246231
0.00246015
0.00246239
0.00246235
0.0024602
0.00246169
0.00246162
0.00246038
0.00246163
0.00246107
0.00245957
0.00246079
0.00246129
0.00245947
0.00245981
0.00246038
0.00245894
0.00245869
0.00246003
0.0024594
0.00245825
0.00245916
0.00245976
0.00245845
0.00245806
0.00245901
0.00245899
0.00245813
0.00245796
0.00245835
0.00245842
0.00245796
0.00245814
0.00245784
0.00245784
0.00245853
0.00245777
0.00245786
0.00245844
0.00245736
0.00245742
0.00245835
0.00245663
0.00245668
0.00245828
0.00245647
0.00245592
0.00245794
0.00245656
0.00245549
0.00245708
0.00245641
0.00245573
0.00245675
0.00245554
0.00245528
0.00245694
0.00245572
0.0024549
0.00245639
0.00245555
0.00245514
0.00245667
0.00245559
0.00245487
0.00245626
0.00245519
0.00245448
0.00245591
0.00245488
0.00245416
0.0024556
0.00245461
0.00245386
0.00245531
0.00245435
0.00245358
0.00245505
0.00245411
0.00245332
0.00245479
0.00245389
0.00245309
0.00245456
0.00245369
0.00245287
0.00245436
0.00245351
0.00245267
0.00245416
0.00245336
0.00245249
0.002454
0.0024532
0.00245235
0.00245383
0.0024531
0.0024522
0.00245366
0.00245311
0.00245191
0.00245374
0.0024527
0.00245218
0.0024533
0.00245298
0.00245189
0.00245264
0.00245403
0.00245101
0.00245381
0.00245112
0.00245414
0.00245168
0.00245249
0.00245247
0.00245219
0.00245396
0.00245038
0.00245348
0.00245104
0.00245476
0.00245027
0.00245357
0.00245061
0.00245424
0.00245072
0.00245455
0.00245149
0.00245432
0.00245192
0.00245389
0.00245225
0.00245392
0.00244106
0.00224957
0.00214907
0.00185781
0.00190507
0.00191764
0.00191652
0.0019167
0.0019167
0.0019167
0.0019167
0.0019167
0.0019167
0.0019167
0.0019167
0.0019167
0.0019167
0.0019167
0.0019167
0.0019167
0.0019167
0.0019167
0.0019167
0.0019167
0.0019167
0.0019167
0.0019167
0.0019167
0.0019167
0.0019167
0.0019167
0.0019167
0.0019167
0.0019167
0.0019167
0.0019167
0.0019167
0.0019167
0.0019167
0.0019167
0.0019167
0.0019167
0.0019167
0.0019167
0.0019167
0.0019167
0.0019167
0.0019167
0.0019167
0.0019167
0.0019167
0.0019167
0.0019167
0.0019167
0.0019167
0.0019167
0.0019167
0.0019167
0.0019167
0.0019167
0.0019167
0.0019167
0.0019167
0.00191675
0.00191614
0.00192302
0.00205945
0.00225662
0.00237192
0.00244624
0.00249206
0.00252215
0.00253953
0.00255113
0.00255741
0.00256149
0.00256432
0.00256414
0.00256367
0.00256717
0.00256766
0.002565
0.00256391
0.00256318
0.0025606
0.00256045
0.00256104
0.00255969
0.00255912
0.00255899
0.00255761
0.0025574
0.00255765
0.00255686
0.00255703
0.00255744
0.00255677
0.00255707
0.0025575
0.00255686
0.00255718
0.00255749
0.00255695
0.00255715
0.00255743
0.00255696
0.00255693
0.00255733
0.00255691
0.00255669
0.00255705
0.00255689
0.00255644
0.00255665
0.00255683
0.00255638
0.00255614
0.00255648
0.00255648
0.00255601
0.00255584
0.00255614
0.00255614
0.00255571
0.00255544
0.00255552
0.00255558
0.00255542
0.00255513
0.00255485
0.00255462
0.00255446
0.00255432
0.00255422
0.00255413
0.00255405
0.00255397
0.0025539
0.00255382
0.00255374
0.00255365
0.00255357
0.00255348
0.00255338
0.00255328
0.00255318
0.0025531
0.002553
0.00255292
0.0025528
0.00255269
0.00255266
0.00255242
0.00255245
0.00255232
0.00255195
0.00255222
0.00255203
0.00255163
0.00255195
0.00255172
0.00255117
0.00255182
0.00255154
0.00255065
0.0025514
0.00255142
0.00255025
0.00255083
0.00255113
0.00255012
0.00255038
0.00255048
0.00254987
0.00255021
0.00255009
0.00254921
0.0025494
0.00254977
0.00254898
0.00254873
0.00254891
0.00254822
0.00254771
0.00254816
0.00254806
0.00254738
0.00254751
0.0025479
0.0025474
0.00254692
0.00254717
0.0025473
0.0025469
0.00254659
0.00254663
0.00254669
0.00254648
0.00254646
0.00254628
0.00254619
0.00254651
0.00254627
0.00254619
0.00254646
0.00254603
0.00254582
0.00254621
0.00254549
0.00254512
0.00254579
0.00254517
0.00254453
0.00254529
0.00254495
0.00254418
0.00254462
0.0025445
0.00254406
0.00254438
0.0025439
0.00254349
0.00254417
0.00254388
0.00254328
0.00254376
0.00254356
0.00254323
0.00254388
0.00254365
0.00254313
0.00254361
0.00254328
0.00254272
0.00254319
0.00254289
0.00254233
0.00254281
0.00254253
0.00254197
0.00254246
0.0025422
0.00254164
0.00254213
0.00254189
0.00254133
0.00254182
0.0025416
0.00254104
0.00254154
0.00254134
0.00254078
0.00254129
0.0025411
0.00254054
0.00254105
0.00254089
0.00254033
0.00254084
0.00254069
0.00254014
0.00254065
0.00254053
0.00253997
0.00254047
0.00254044
0.00253977
0.0025404
0.00254018
0.00253977
0.00254016
0.0025402
0.00253963
0.00253972
0.00254053
0.00253933
0.00254019
0.00253921
0.00254031
0.00253957
0.00253961
0.00253962
0.00253947
0.00254035
0.00253889
0.00253977
0.00253894
0.00254049
0.00253891
0.00253983
0.00253874
0.0025401
0.00253895
0.00254038
0.00253952
0.00254056
0.00253985
0.00254051
0.00254001
0.00254062
0.00253383
0.00242561
0.00217561
0.00192658
0.00191581
0.00191678
0.0019167
)
;

boundaryField
{
    inlet
    {
        type            calculated;
        value           uniform 0;
    }
    outlet
    {
        type            calculated;
        value           uniform 0;
    }
    sideWall
    {
        type            empty;
    }
    bed
    {
        type            calculated;
        value           uniform 0;
    }
    topWall
    {
        type            calculated;
        value           uniform 0;
    }
}


// ************************************************************************* //
