/*--------------------------------*- C++ -*----------------------------------*\
| =========                 |                                                 |
| \\      /  F ield         | foam-extend: Open Source CFD                    |
|  \\    /   O peration     | Version:     3.2                                |
|   \\  /    A nd           | Web:         http://www.foam-extend.org         |
|    \\/     M anipulation  | For copyright notice see file Copyright         |
\*---------------------------------------------------------------------------*/
FoamFile
{
    version     2.0;
    format      ascii;
    class       surfaceScalarField;
    location    "2000";
    object      AdSS2;
}
// * * * * * * * * * * * * * * * * * * * * * * * * * * * * * * * * * * * * * //

dimensions      [0 3 -1 0 0 0 0];

internalField   nonuniform List<scalar> 
4492
(
1.67231e-05
2.84473e-06
1.36793e-05
6.74044e-07
1.18042e-05
-4.94539e-07
1.09296e-05
-1.49505e-06
1.05786e-05
-2.01872e-06
1.04501e-05
-2.24118e-06
1.04209e-05
-2.34054e-06
1.04336e-05
-2.38236e-06
1.04658e-05
-2.40192e-06
1.05076e-05
-2.4115e-06
1.05519e-05
-2.41395e-06
1.05928e-05
-2.41063e-06
1.06353e-05
-2.41219e-06
1.06771e-05
-2.41149e-06
1.07168e-05
-2.40934e-06
1.07601e-05
-2.41303e-06
1.08035e-05
-2.41313e-06
1.0847e-05
-2.41315e-06
1.08907e-05
-2.41343e-06
1.09344e-05
-2.4133e-06
1.0978e-05
-2.41332e-06
1.10238e-05
-2.41553e-06
1.10728e-05
-2.41872e-06
1.11222e-05
-2.4191e-06
1.11682e-05
-2.41567e-06
1.121e-05
-2.41145e-06
1.1247e-05
-2.40675e-06
1.12794e-05
-2.40204e-06
1.13072e-05
-2.39755e-06
1.13312e-05
-2.39364e-06
1.13518e-05
-2.39028e-06
1.13691e-05
-2.38699e-06
1.13832e-05
-2.38385e-06
1.13946e-05
-2.38105e-06
1.14039e-05
-2.37896e-06
1.14116e-05
-2.37747e-06
1.14182e-05
-2.37623e-06
1.14237e-05
-2.37522e-06
1.14284e-05
-2.37437e-06
1.14324e-05
-2.37368e-06
1.14358e-05
-2.37309e-06
1.14387e-05
-2.37258e-06
1.14411e-05
-2.37216e-06
1.14432e-05
-2.37179e-06
1.1445e-05
-2.37147e-06
1.14465e-05
-2.37124e-06
1.14478e-05
-2.37097e-06
1.1449e-05
-2.37086e-06
1.145e-05
-2.37067e-06
1.14507e-05
-2.37043e-06
1.14515e-05
-2.3705e-06
1.1452e-05
-2.3702e-06
1.14526e-05
-2.37023e-06
1.14528e-05
-2.36989e-06
1.14533e-05
-2.37025e-06
1.1451e-05
-2.36737e-06
1.14413e-05
-2.36004e-06
1.12571e-05
-2.18541e-06
1.15548e-05
-2.66746e-06
1.4164e-05
-4.97886e-06
1.46982e-05
-2.90391e-06
1.27315e-05
-4.02992e-07
1.27062e-05
-2.3444e-06
1.26788e-05
-2.34222e-06
1.26928e-05
-2.38372e-06
1.26819e-05
-2.35878e-06
1.26796e-05
-2.36746e-06
1.26809e-05
-2.37094e-06
1.26823e-05
-2.37111e-06
1.26832e-05
-2.37063e-06
1.26845e-05
-2.37091e-06
1.26872e-05
-2.37243e-06
1.26896e-05
-2.37215e-06
1.2692e-05
-2.37208e-06
1.26941e-05
-2.37179e-06
1.26962e-05
-2.3717e-06
1.26978e-05
-2.37138e-06
1.26995e-05
-2.37136e-06
1.27008e-05
-2.37102e-06
1.27018e-05
-2.37063e-06
1.27028e-05
-2.37071e-06
1.27036e-05
-2.37053e-06
1.2704e-05
-2.37009e-06
1.27047e-05
-2.37036e-06
1.27051e-05
-2.37011e-06
1.27052e-05
-2.36982e-06
1.27056e-05
-2.37003e-06
1.27058e-05
-2.36994e-06
1.27058e-05
-2.36966e-06
1.2706e-05
-2.36989e-06
1.27058e-05
-2.36949e-06
1.2706e-05
-2.3699e-06
1.27061e-05
-2.36976e-06
1.27059e-05
-2.36956e-06
1.27061e-05
-2.36983e-06
1.27062e-05
-2.36981e-06
1.2706e-05
-2.36948e-06
1.27061e-05
-2.36982e-06
1.27059e-05
-2.36943e-06
1.2706e-05
-2.36985e-06
1.27061e-05
-2.36978e-06
1.27059e-05
-2.36952e-06
1.2706e-05
-2.36981e-06
1.27058e-05
-2.36946e-06
1.27059e-05
-2.36982e-06
1.2706e-05
-2.3698e-06
1.27058e-05
-2.3695e-06
1.2706e-05
-2.36984e-06
1.27057e-05
-2.36944e-06
1.27059e-05
-2.36985e-06
1.2706e-05
-2.36978e-06
1.27058e-05
-2.36951e-06
1.27059e-05
-2.36983e-06
1.27057e-05
-2.36945e-06
1.27059e-05
-2.36984e-06
1.27059e-05
-2.36978e-06
1.27058e-05
-2.3695e-06
1.27059e-05
-2.36988e-06
1.27056e-05
-2.36939e-06
1.27059e-05
-2.3699e-06
1.27058e-05
-2.36968e-06
1.27058e-05
-2.36969e-06
1.27058e-05
-2.36967e-06
1.27057e-05
-2.36958e-06
1.27057e-05
-2.3697e-06
1.27059e-05
-2.36987e-06
1.27058e-05
-2.36956e-06
1.27058e-05
-2.36971e-06
1.27057e-05
-2.36966e-06
1.27055e-05
-2.36947e-06
1.27062e-05
-2.37036e-06
1.27053e-05
-2.36878e-06
1.27062e-05
-2.37065e-06
1.2705e-05
-2.36846e-06
1.27063e-05
-2.37095e-06
1.27051e-05
-2.36849e-06
1.27064e-05
-2.37104e-06
1.27048e-05
-2.36806e-06
1.2707e-05
-2.37186e-06
1.27044e-05
-2.36718e-06
1.27072e-05
-2.37249e-06
1.2704e-05
-2.36641e-06
1.27075e-05
-2.37323e-06
1.27038e-05
-2.36597e-06
1.27079e-05
-2.37376e-06
1.27033e-05
-2.36511e-06
1.27082e-05
-2.37463e-06
1.27026e-05
-2.3641e-06
1.2709e-05
-2.3761e-06
1.27019e-05
-2.36259e-06
1.27096e-05
-2.37738e-06
1.27011e-05
-2.36119e-06
1.27102e-05
-2.37877e-06
1.27006e-05
-2.3601e-06
1.27108e-05
-2.37994e-06
1.26997e-05
-2.35859e-06
1.27119e-05
-2.38186e-06
1.26988e-05
-2.35662e-06
1.27127e-05
-2.38357e-06
1.26978e-05
-2.35479e-06
1.27135e-05
-2.38536e-06
1.26971e-05
-2.35335e-06
1.27143e-05
-2.38683e-06
1.26962e-05
-2.35158e-06
1.2715e-05
-2.38856e-06
1.26951e-05
-2.3498e-06
1.27162e-05
-2.39071e-06
1.26942e-05
-2.3477e-06
1.27169e-05
-2.39247e-06
1.26936e-05
-2.34632e-06
1.27177e-05
-2.39379e-06
1.26927e-05
-2.34476e-06
1.27187e-05
-2.3956e-06
1.2692e-05
-2.34302e-06
1.27192e-05
-2.39696e-06
1.26913e-05
-2.34171e-06
1.27197e-05
-2.3981e-06
1.2691e-05
-2.34101e-06
1.272e-05
-2.39873e-06
1.26905e-05
-2.34019e-06
1.27206e-05
-2.39979e-06
1.26902e-05
-2.33921e-06
1.27209e-05
-2.4004e-06
1.26898e-05
-2.33862e-06
1.27209e-05
-2.40084e-06
1.26899e-05
-2.33864e-06
1.27209e-05
-2.40072e-06
1.26898e-05
-2.3386e-06
1.27211e-05
-2.40099e-06
1.26898e-05
-2.33841e-06
1.27209e-05
-2.40079e-06
1.26903e-05
-2.33901e-06
1.27206e-05
-2.40007e-06
1.26905e-05
-2.33957e-06
1.27205e-05
-2.39972e-06
1.26909e-05
-2.34002e-06
1.27201e-05
-2.39891e-06
1.26912e-05
-2.34086e-06
1.27195e-05
-2.39799e-06
1.26921e-05
-2.34221e-06
1.27189e-05
-2.39654e-06
1.26927e-05
-2.34347e-06
1.27186e-05
-2.39556e-06
1.26933e-05
-2.34448e-06
1.27179e-05
-2.39424e-06
1.26944e-05
-2.34615e-06
1.27172e-05
-2.39249e-06
1.26951e-05
-2.34768e-06
1.27167e-05
-2.39124e-06
1.26959e-05
-2.34889e-06
1.27159e-05
-2.38972e-06
1.26969e-05
-2.3507e-06
1.27151e-05
-2.3879e-06
1.26977e-05
-2.35231e-06
1.27147e-05
-2.3866e-06
1.26985e-05
-2.35354e-06
1.27139e-05
-2.38506e-06
1.26994e-05
-2.35527e-06
1.27131e-05
-2.3833e-06
1.27002e-05
-2.35679e-06
1.27126e-05
-2.38216e-06
1.27008e-05
-2.35792e-06
1.2712e-05
-2.38083e-06
1.27017e-05
-2.35943e-06
1.27112e-05
-2.37919e-06
1.27022e-05
-2.36069e-06
1.27108e-05
-2.37827e-06
1.27026e-05
-2.36153e-06
1.27103e-05
-2.37736e-06
1.27034e-05
-2.36281e-06
1.27097e-05
-2.37599e-06
1.27039e-05
-2.36384e-06
1.27094e-05
-2.37521e-06
1.27041e-05
-2.36443e-06
1.27087e-05
-2.37424e-06
1.27047e-05
-2.36569e-06
1.27082e-05
-2.37326e-06
1.2705e-05
-2.3665e-06
1.27082e-05
-2.37283e-06
1.27052e-05
-2.3667e-06
1.27077e-05
-2.37219e-06
1.27054e-05
-2.36739e-06
1.27075e-05
-2.37181e-06
1.27055e-05
-2.36771e-06
1.27073e-05
-2.37145e-06
1.2706e-05
-2.3684e-06
1.27071e-05
-2.37079e-06
1.2706e-05
-2.36864e-06
1.27069e-05
-2.37057e-06
1.27058e-05
-2.36859e-06
1.27065e-05
-2.37043e-06
1.27059e-05
-2.36907e-06
1.27064e-05
-2.37014e-06
1.27061e-05
-2.36941e-06
1.27065e-05
-2.37013e-06
1.27063e-05
-2.36942e-06
1.27063e-05
-2.36969e-06
1.2706e-05
-2.3694e-06
1.27062e-05
-2.3699e-06
1.27058e-05
-2.36934e-06
1.27061e-05
-2.36999e-06
1.27061e-05
-2.36968e-06
1.27061e-05
-2.36966e-06
1.2706e-05
-2.36964e-06
1.2706e-05
-2.36971e-06
1.27059e-05
-2.36957e-06
1.27058e-05
-2.36956e-06
1.27058e-05
-2.36969e-06
1.2706e-05
-2.36994e-06
1.27058e-05
-2.36951e-06
1.2706e-05
-2.36988e-06
1.2706e-05
-2.36965e-06
1.27061e-05
-2.36979e-06
1.27056e-05
-2.36924e-06
1.27058e-05
-2.36987e-06
1.27057e-05
-2.3696e-06
1.27061e-05
-2.37008e-06
1.27059e-05
-2.36952e-06
1.27061e-05
-2.36987e-06
1.2706e-05
-2.3696e-06
1.2706e-05
-2.36965e-06
1.27056e-05
-2.36931e-06
1.27063e-05
-2.37037e-06
1.27055e-05
-2.36889e-06
1.27037e-05
-2.36786e-06
1.27108e-05
-2.37687e-06
1.27032e-05
-2.36208e-06
1.27029e-05
-2.36934e-06
1.27041e-05
-2.37088e-06
1.27051e-05
-2.37074e-06
1.27038e-05
-2.36841e-06
1.27075e-05
-2.37337e-06
1.27291e-05
-2.39132e-06
1.26323e-05
-2.27284e-06
1.30524e-05
-2.78979e-06
1.21637e-05
-1.481e-06
9.7365e-06
5.74992e-08
1.06086e-05
-3.24178e-06
1.10758e-05
-2.83692e-06
-2.47269e-06
2.14335e-05
3.34872e-06
2.04229e-05
1.68469e-06
1.93414e-05
5.86932e-07
1.84782e-05
-6.31847e-07
1.79195e-05
-1.46004e-06
1.75586e-05
-1.88025e-06
1.73232e-05
-2.1052e-06
1.71673e-05
-2.22638e-06
1.70588e-05
-2.2935e-06
1.69925e-05
-2.34518e-06
1.69572e-05
-2.37864e-06
1.69425e-05
-2.39592e-06
1.69447e-05
-2.41439e-06
1.6957e-05
-2.42377e-06
1.69787e-05
-2.4311e-06
1.70108e-05
-2.4451e-06
1.70501e-05
-2.45237e-06
1.70962e-05
-2.45928e-06
1.71475e-05
-2.4648e-06
1.72027e-05
-2.46849e-06
1.72608e-05
-2.47138e-06
1.73212e-05
-2.47595e-06
1.73836e-05
-2.4811e-06
1.74455e-05
-2.48095e-06
1.75033e-05
-2.47352e-06
1.75563e-05
-2.46443e-06
1.7604e-05
-2.45446e-06
1.76464e-05
-2.44447e-06
1.76837e-05
-2.43484e-06
1.77164e-05
-2.42635e-06
1.77452e-05
-2.41901e-06
1.777e-05
-2.41181e-06
1.7791e-05
-2.40481e-06
1.78083e-05
-2.39841e-06
1.78228e-05
-2.39347e-06
1.78352e-05
-2.38983e-06
1.78458e-05
-2.3868e-06
1.78548e-05
-2.38428e-06
1.78626e-05
-2.38214e-06
1.78692e-05
-2.38033e-06
1.78749e-05
-2.37879e-06
1.78798e-05
-2.37744e-06
1.7884e-05
-2.37634e-06
1.78875e-05
-2.37533e-06
1.78906e-05
-2.37453e-06
1.78932e-05
-2.37383e-06
1.78954e-05
-2.37319e-06
1.78973e-05
-2.37282e-06
1.7899e-05
-2.37236e-06
1.79006e-05
-2.37196e-06
1.79017e-05
-2.37161e-06
1.79026e-05
-2.37114e-06
1.79033e-05
-2.37095e-06
1.79041e-05
-2.3707e-06
1.79042e-05
-2.37031e-06
1.79031e-05
-2.3663e-06
1.78859e-05
-2.34281e-06
1.77083e-05
-2.00785e-06
1.79829e-05
-2.94206e-06
2.02721e-05
-7.26798e-06
2.12953e-05
-3.92709e-06
2.02328e-05
6.59436e-07
2.00835e-05
-2.1951e-06
1.99572e-05
-2.21592e-06
1.99115e-05
-2.33794e-06
1.98488e-05
-2.29614e-06
1.98073e-05
-2.32597e-06
1.97703e-05
-2.33388e-06
1.97412e-05
-2.34202e-06
1.97195e-05
-2.34897e-06
1.97026e-05
-2.35399e-06
1.96906e-05
-2.36041e-06
1.96814e-05
-2.36294e-06
1.96744e-05
-2.36507e-06
1.96689e-05
-2.36635e-06
1.96648e-05
-2.36762e-06
1.96617e-05
-2.36822e-06
1.96595e-05
-2.36915e-06
1.96578e-05
-2.36934e-06
1.96565e-05
-2.36934e-06
1.96558e-05
-2.36998e-06
1.96553e-05
-2.37011e-06
1.9655e-05
-2.36978e-06
1.96551e-05
-2.37039e-06
1.96551e-05
-2.37014e-06
1.96551e-05
-2.36984e-06
1.96554e-05
-2.3703e-06
1.96557e-05
-2.37023e-06
1.96558e-05
-2.36979e-06
1.96561e-05
-2.3702e-06
1.96561e-05
-2.36952e-06
1.96564e-05
-2.37021e-06
1.96567e-05
-2.36999e-06
1.96568e-05
-2.36965e-06
1.9657e-05
-2.37006e-06
1.96572e-05
-2.37003e-06
1.96572e-05
-2.36951e-06
1.96574e-05
-2.37002e-06
1.96573e-05
-2.36933e-06
1.96575e-05
-2.36999e-06
1.96576e-05
-2.3699e-06
1.96576e-05
-2.36949e-06
1.96577e-05
-2.36993e-06
1.96576e-05
-2.36932e-06
1.96576e-05
-2.36991e-06
1.96577e-05
-2.36991e-06
1.96577e-05
-2.36942e-06
1.96578e-05
-2.36994e-06
1.96576e-05
-2.36925e-06
1.96577e-05
-2.36993e-06
1.96578e-05
-2.36986e-06
1.96577e-05
-2.36943e-06
1.96578e-05
-2.36991e-06
1.96576e-05
-2.36926e-06
1.96576e-05
-2.36991e-06
1.96577e-05
-2.36986e-06
1.96576e-05
-2.36944e-06
1.96577e-05
-2.36997e-06
1.96575e-05
-2.36915e-06
1.96576e-05
-2.37005e-06
1.96576e-05
-2.36968e-06
1.96576e-05
-2.36969e-06
1.96576e-05
-2.36964e-06
1.96575e-05
-2.36949e-06
1.96575e-05
-2.3697e-06
1.96576e-05
-2.36999e-06
1.96576e-05
-2.36951e-06
1.96575e-05
-2.36961e-06
1.96576e-05
-2.36975e-06
1.96574e-05
-2.36925e-06
1.96578e-05
-2.37078e-06
1.96572e-05
-2.36823e-06
1.96579e-05
-2.37127e-06
1.9657e-05
-2.3676e-06
1.96579e-05
-2.37188e-06
1.9657e-05
-2.36754e-06
1.9658e-05
-2.3721e-06
1.96569e-05
-2.36694e-06
1.96584e-05
-2.37336e-06
1.96568e-05
-2.36555e-06
1.96587e-05
-2.37441e-06
1.96565e-05
-2.36418e-06
1.9659e-05
-2.37575e-06
1.96563e-05
-2.36333e-06
1.96593e-05
-2.37673e-06
1.96561e-05
-2.36186e-06
1.96596e-05
-2.37814e-06
1.96557e-05
-2.36023e-06
1.96601e-05
-2.38054e-06
1.96553e-05
-2.35778e-06
1.96607e-05
-2.38273e-06
1.96548e-05
-2.35532e-06
1.96612e-05
-2.3852e-06
1.96545e-05
-2.35335e-06
1.96618e-05
-2.38726e-06
1.96541e-05
-2.3509e-06
1.96627e-05
-2.39041e-06
1.96537e-05
-2.34763e-06
1.96634e-05
-2.39332e-06
1.96531e-05
-2.34444e-06
1.96642e-05
-2.39647e-06
1.96527e-05
-2.34187e-06
1.9665e-05
-2.39908e-06
1.96522e-05
-2.33882e-06
1.96656e-05
-2.40197e-06
1.96517e-05
-2.33586e-06
1.96665e-05
-2.40555e-06
1.96511e-05
-2.33232e-06
1.96674e-05
-2.40872e-06
1.96508e-05
-2.32977e-06
1.96681e-05
-2.41108e-06
1.96505e-05
-2.32715e-06
1.9669e-05
-2.4141e-06
1.96502e-05
-2.32421e-06
1.96697e-05
-2.41649e-06
1.96498e-05
-2.32174e-06
1.96703e-05
-2.41863e-06
1.96497e-05
-2.32038e-06
1.96707e-05
-2.41975e-06
1.96495e-05
-2.31899e-06
1.96713e-05
-2.42156e-06
1.96494e-05
-2.31733e-06
1.96716e-05
-2.4226e-06
1.96492e-05
-2.31624e-06
1.96717e-05
-2.42336e-06
1.96493e-05
-2.31625e-06
1.96718e-05
-2.42316e-06
1.96493e-05
-2.31618e-06
1.9672e-05
-2.42362e-06
1.96494e-05
-2.31585e-06
1.96719e-05
-2.4233e-06
1.96497e-05
-2.31684e-06
1.96717e-05
-2.42207e-06
1.965e-05
-2.31778e-06
1.96717e-05
-2.42145e-06
1.96502e-05
-2.31857e-06
1.96714e-05
-2.42005e-06
1.96505e-05
-2.31994e-06
1.96709e-05
-2.41846e-06
1.9651e-05
-2.32226e-06
1.96704e-05
-2.416e-06
1.96514e-05
-2.3244e-06
1.96701e-05
-2.41431e-06
1.96518e-05
-2.32615e-06
1.96696e-05
-2.41203e-06
1.96524e-05
-2.32902e-06
1.9669e-05
-2.40902e-06
1.96529e-05
-2.33162e-06
1.96685e-05
-2.40687e-06
1.96534e-05
-2.33372e-06
1.96679e-05
-2.40425e-06
1.9654e-05
-2.33683e-06
1.96672e-05
-2.40111e-06
1.96545e-05
-2.33956e-06
1.96668e-05
-2.39888e-06
1.96549e-05
-2.34169e-06
1.96661e-05
-2.39622e-06
1.96555e-05
-2.34469e-06
1.96654e-05
-2.39318e-06
1.96558e-05
-2.34725e-06
1.96649e-05
-2.39124e-06
1.96562e-05
-2.34919e-06
1.96643e-05
-2.38891e-06
1.96567e-05
-2.35184e-06
1.96636e-05
-2.38615e-06
1.96569e-05
-2.35395e-06
1.96632e-05
-2.38455e-06
1.96571e-05
-2.35542e-06
1.96626e-05
-2.38286e-06
1.96575e-05
-2.3577e-06
1.9662e-05
-2.38054e-06
1.96576e-05
-2.35945e-06
1.96617e-05
-2.37925e-06
1.96577e-05
-2.36041e-06
1.96611e-05
-2.37773e-06
1.9658e-05
-2.36258e-06
1.96606e-05
-2.37578e-06
1.96579e-05
-2.36384e-06
1.96603e-05
-2.37527e-06
1.96581e-05
-2.36444e-06
1.96598e-05
-2.37393e-06
1.96583e-05
-2.36587e-06
1.96597e-05
-2.37321e-06
1.96583e-05
-2.3663e-06
1.96594e-05
-2.37253e-06
1.96584e-05
-2.36742e-06
1.96591e-05
-2.37152e-06
1.96583e-05
-2.36789e-06
1.96591e-05
-2.37129e-06
1.96583e-05
-2.36783e-06
1.96588e-05
-2.37089e-06
1.96583e-05
-2.36856e-06
1.96584e-05
-2.37029e-06
1.9658e-05
-2.36904e-06
1.96583e-05
-2.37044e-06
1.96583e-05
-2.36933e-06
1.96584e-05
-2.3698e-06
1.96583e-05
-2.36931e-06
1.96584e-05
-2.37002e-06
1.9658e-05
-2.36896e-06
1.9658e-05
-2.37001e-06
1.96579e-05
-2.36951e-06
1.96578e-05
-2.36963e-06
1.96579e-05
-2.36968e-06
1.96581e-05
-2.36994e-06
1.96582e-05
-2.36967e-06
1.96581e-05
-2.36943e-06
1.96579e-05
-2.36952e-06
1.96578e-05
-2.36982e-06
1.96575e-05
-2.36916e-06
1.96576e-05
-2.37004e-06
1.96578e-05
-2.36981e-06
1.96582e-05
-2.3702e-06
1.96582e-05
-2.36923e-06
1.96582e-05
-2.36993e-06
1.96579e-05
-2.3693e-06
1.96578e-05
-2.36995e-06
1.96573e-05
-2.36906e-06
1.96575e-05
-2.37007e-06
1.96578e-05
-2.36985e-06
1.96582e-05
-2.37011e-06
1.96584e-05
-2.36948e-06
1.96583e-05
-2.3703e-06
1.96577e-05
-2.36821e-06
1.96569e-05
-2.36711e-06
1.96616e-05
-2.38158e-06
1.96561e-05
-2.35651e-06
1.96554e-05
-2.36868e-06
1.96564e-05
-2.37186e-06
1.96568e-05
-2.37111e-06
1.96576e-05
-2.36921e-06
1.96616e-05
-2.37744e-06
1.96697e-05
-2.39943e-06
1.96201e-05
-2.2232e-06
1.99106e-05
-3.08032e-06
1.90593e-05
-6.29718e-07
1.69874e-05
2.12947e-06
1.7298e-05
-3.55243e-06
1.75e-05
-3.03889e-06
-2.53928e-06
2.26921e-05
2.59411e-06
2.29813e-05
1.3955e-06
2.28167e-05
7.51522e-07
2.23685e-05
-1.83648e-07
2.18555e-05
-9.47053e-07
2.14056e-05
-1.43033e-06
2.10587e-05
-1.75828e-06
2.07922e-05
-1.95992e-06
2.05857e-05
-2.08696e-06
2.04396e-05
-2.1991e-06
2.03397e-05
-2.2787e-06
2.02716e-05
-2.32785e-06
2.02314e-05
-2.37415e-06
2.02158e-05
-2.40825e-06
2.02188e-05
-2.4341e-06
2.0236e-05
-2.46227e-06
2.02663e-05
-2.48267e-06
2.03079e-05
-2.50083e-06
2.03574e-05
-2.51433e-06
2.04131e-05
-2.52424e-06
2.04728e-05
-2.53107e-06
2.05337e-05
-2.53684e-06
2.05948e-05
-2.54222e-06
2.06545e-05
-2.54067e-06
2.07102e-05
-2.52922e-06
2.07613e-05
-2.51544e-06
2.08073e-05
-2.50048e-06
2.08483e-05
-2.48548e-06
2.08844e-05
-2.471e-06
2.09162e-05
-2.45815e-06
2.09442e-05
-2.44702e-06
2.09685e-05
-2.43609e-06
2.09891e-05
-2.42539e-06
2.10062e-05
-2.41552e-06
2.10206e-05
-2.40782e-06
2.10328e-05
-2.40209e-06
2.10433e-05
-2.39731e-06
2.10523e-05
-2.39329e-06
2.10601e-05
-2.38988e-06
2.10667e-05
-2.38695e-06
2.10724e-05
-2.38447e-06
2.10772e-05
-2.38229e-06
2.10814e-05
-2.3805e-06
2.10849e-05
-2.37887e-06
2.1088e-05
-2.37757e-06
2.10906e-05
-2.37641e-06
2.10928e-05
-2.37541e-06
2.10947e-05
-2.37476e-06
2.10964e-05
-2.37405e-06
2.10979e-05
-2.37347e-06
2.1099e-05
-2.37272e-06
2.10999e-05
-2.37205e-06
2.11007e-05
-2.37176e-06
2.11014e-05
-2.37137e-06
2.11019e-05
-2.37078e-06
2.11009e-05
-2.3653e-06
2.10928e-05
-2.33473e-06
2.0989e-05
-1.90401e-06
2.11822e-05
-3.13534e-06
2.28208e-05
-8.90654e-06
2.37804e-05
-4.88674e-06
2.33015e-05
1.13837e-06
2.3171e-05
-2.06463e-06
2.30682e-05
-2.11305e-06
2.30172e-05
-2.287e-06
2.29555e-05
-2.2344e-06
2.29099e-05
-2.28037e-06
2.2871e-05
-2.29497e-06
2.28393e-05
-2.31031e-06
2.28152e-05
-2.32488e-06
2.27959e-05
-2.33473e-06
2.27813e-05
-2.34581e-06
2.27699e-05
-2.35149e-06
2.27608e-05
-2.35602e-06
2.27536e-05
-2.35913e-06
2.27479e-05
-2.36194e-06
2.27434e-05
-2.36373e-06
2.274e-05
-2.36573e-06
2.27374e-05
-2.36671e-06
2.27353e-05
-2.36725e-06
2.27338e-05
-2.36852e-06
2.27328e-05
-2.36913e-06
2.27321e-05
-2.369e-06
2.27317e-05
-2.37e-06
2.27315e-05
-2.36992e-06
2.27313e-05
-2.36969e-06
2.27314e-05
-2.37034e-06
2.27315e-05
-2.37039e-06
2.27316e-05
-2.3699e-06
2.27318e-05
-2.37039e-06
2.27319e-05
-2.36961e-06
2.27321e-05
-2.37044e-06
2.27323e-05
-2.37018e-06
2.27325e-05
-2.36979e-06
2.27327e-05
-2.37026e-06
2.27329e-05
-2.37021e-06
2.27329e-05
-2.36959e-06
2.27331e-05
-2.3702e-06
2.27331e-05
-2.36932e-06
2.27332e-05
-2.3701e-06
2.27333e-05
-2.37e-06
2.27333e-05
-2.36951e-06
2.27334e-05
-2.37002e-06
2.27334e-05
-2.36925e-06
2.27334e-05
-2.36997e-06
2.27335e-05
-2.36999e-06
2.27335e-05
-2.3694e-06
2.27335e-05
-2.37e-06
2.27334e-05
-2.36915e-06
2.27335e-05
-2.36997e-06
2.27335e-05
-2.36992e-06
2.27335e-05
-2.3694e-06
2.27335e-05
-2.36994e-06
2.27334e-05
-2.36914e-06
2.27334e-05
-2.36993e-06
2.27335e-05
-2.36992e-06
2.27335e-05
-2.36941e-06
2.27335e-05
-2.37e-06
2.27334e-05
-2.36901e-06
2.27334e-05
-2.37012e-06
2.27334e-05
-2.36969e-06
2.27334e-05
-2.36968e-06
2.27334e-05
-2.36962e-06
2.27334e-05
-2.36943e-06
2.27334e-05
-2.36968e-06
2.27334e-05
-2.37006e-06
2.27334e-05
-2.3695e-06
2.27333e-05
-2.36952e-06
2.27334e-05
-2.36985e-06
2.27333e-05
-2.3691e-06
2.27335e-05
-2.37101e-06
2.27332e-05
-2.36794e-06
2.27335e-05
-2.3716e-06
2.27331e-05
-2.36714e-06
2.27336e-05
-2.37238e-06
2.27331e-05
-2.36703e-06
2.27337e-05
-2.3727e-06
2.27331e-05
-2.36634e-06
2.27339e-05
-2.3742e-06
2.27331e-05
-2.36471e-06
2.27341e-05
-2.37545e-06
2.27329e-05
-2.36301e-06
2.27343e-05
-2.3771e-06
2.27329e-05
-2.36195e-06
2.27345e-05
-2.37836e-06
2.27328e-05
-2.36014e-06
2.27347e-05
-2.38004e-06
2.27326e-05
-2.35818e-06
2.2735e-05
-2.38293e-06
2.27325e-05
-2.35527e-06
2.27354e-05
-2.38559e-06
2.27323e-05
-2.35225e-06
2.27357e-05
-2.38863e-06
2.27322e-05
-2.34983e-06
2.27362e-05
-2.39119e-06
2.27321e-05
-2.34688e-06
2.27367e-05
-2.39498e-06
2.27321e-05
-2.34298e-06
2.27372e-05
-2.39851e-06
2.27319e-05
-2.33907e-06
2.27378e-05
-2.40234e-06
2.27318e-05
-2.33591e-06
2.27383e-05
-2.40559e-06
2.27317e-05
-2.33219e-06
2.27388e-05
-2.40905e-06
2.27315e-05
-2.32861e-06
2.27393e-05
-2.41338e-06
2.27314e-05
-2.32435e-06
2.27399e-05
-2.41728e-06
2.27314e-05
-2.32121e-06
2.27405e-05
-2.42021e-06
2.27314e-05
-2.31802e-06
2.27411e-05
-2.42384e-06
2.27314e-05
-2.31449e-06
2.27416e-05
-2.42674e-06
2.27313e-05
-2.31142e-06
2.2742e-05
-2.42934e-06
2.27313e-05
-2.30969e-06
2.27424e-05
-2.43078e-06
2.27314e-05
-2.30798e-06
2.27428e-05
-2.43296e-06
2.27314e-05
-2.30598e-06
2.27431e-05
-2.43425e-06
2.27314e-05
-2.30454e-06
2.27432e-05
-2.43522e-06
2.27314e-05
-2.30445e-06
2.27433e-05
-2.43507e-06
2.27315e-05
-2.30433e-06
2.27435e-05
-2.43562e-06
2.27316e-05
-2.30393e-06
2.27435e-05
-2.43529e-06
2.27317e-05
-2.30501e-06
2.27435e-05
-2.43387e-06
2.27318e-05
-2.3061e-06
2.27435e-05
-2.4331e-06
2.2732e-05
-2.30706e-06
2.27434e-05
-2.43143e-06
2.2732e-05
-2.30861e-06
2.27431e-05
-2.42953e-06
2.27322e-05
-2.31136e-06
2.27428e-05
-2.42662e-06
2.27324e-05
-2.31394e-06
2.27426e-05
-2.42455e-06
2.27326e-05
-2.31609e-06
2.27423e-05
-2.42179e-06
2.27328e-05
-2.31952e-06
2.2742e-05
-2.41818e-06
2.2733e-05
-2.32266e-06
2.27417e-05
-2.41552e-06
2.27332e-05
-2.32526e-06
2.27413e-05
-2.41232e-06
2.27334e-05
-2.329e-06
2.27408e-05
-2.40851e-06
2.27336e-05
-2.33231e-06
2.27405e-05
-2.40576e-06
2.27338e-05
-2.33499e-06
2.274e-05
-2.40248e-06
2.2734e-05
-2.33864e-06
2.27396e-05
-2.39879e-06
2.27341e-05
-2.34172e-06
2.27392e-05
-2.39636e-06
2.27342e-05
-2.34418e-06
2.27387e-05
-2.39342e-06
2.27344e-05
-2.34752e-06
2.27383e-05
-2.39009e-06
2.27345e-05
-2.35009e-06
2.27378e-05
-2.38792e-06
2.27347e-05
-2.35225e-06
2.27372e-05
-2.38537e-06
2.27347e-05
-2.35523e-06
2.27369e-05
-2.38272e-06
2.27346e-05
-2.35721e-06
2.27366e-05
-2.3812e-06
2.27347e-05
-2.35852e-06
2.27362e-05
-2.37926e-06
2.27347e-05
-2.36101e-06
2.27358e-05
-2.37689e-06
2.27344e-05
-2.3625e-06
2.27355e-05
-2.37634e-06
2.27344e-05
-2.36337e-06
2.27354e-05
-2.3749e-06
2.27346e-05
-2.36509e-06
2.27353e-05
-2.37392e-06
2.27344e-05
-2.36541e-06
2.27349e-05
-2.37296e-06
2.27342e-05
-2.36675e-06
2.27346e-05
-2.37192e-06
2.27343e-05
-2.36756e-06
2.27348e-05
-2.37179e-06
2.27345e-05
-2.36754e-06
2.27346e-05
-2.37106e-06
2.27342e-05
-2.36814e-06
2.27341e-05
-2.37014e-06
2.27337e-05
-2.36863e-06
2.27339e-05
-2.37066e-06
2.2734e-05
-2.36944e-06
2.27343e-05
-2.3701e-06
2.27344e-05
-2.36945e-06
2.27344e-05
-2.36999e-06
2.2734e-05
-2.36853e-06
2.27337e-05
-2.3697e-06
2.27333e-05
-2.36916e-06
2.27334e-05
-2.36969e-06
2.27336e-05
-2.36993e-06
2.27341e-05
-2.37044e-06
2.27345e-05
-2.37005e-06
2.27343e-05
-2.36925e-06
2.27339e-05
-2.36911e-06
2.27334e-05
-2.36927e-06
2.27328e-05
-2.36858e-06
2.2733e-05
-2.37026e-06
2.27335e-05
-2.37027e-06
2.27343e-05
-2.371e-06
2.27348e-05
-2.36974e-06
2.27346e-05
-2.36978e-06
2.2734e-05
-2.36867e-06
2.27332e-05
-2.36916e-06
2.27323e-05
-2.36819e-06
2.27327e-05
-2.37042e-06
2.27334e-05
-2.37058e-06
2.27346e-05
-2.37127e-06
2.27354e-05
-2.37035e-06
2.2735e-05
-2.36988e-06
2.27343e-05
-2.36749e-06
2.27334e-05
-2.36627e-06
2.27357e-05
-2.38383e-06
2.27328e-05
-2.3536e-06
2.2732e-05
-2.36794e-06
2.27325e-05
-2.37232e-06
2.27329e-05
-2.37151e-06
2.27346e-05
-2.3709e-06
2.27362e-05
-2.37911e-06
2.27385e-05
-2.40174e-06
2.27115e-05
-2.19611e-06
2.28043e-05
-3.17317e-06
2.2324e-05
-1.49454e-07
2.09447e-05
3.50876e-06
2.08042e-05
-3.41192e-06
2.08385e-05
-3.07312e-06
-2.55896e-06
2.29204e-05
1.61124e-06
2.35921e-05
7.23813e-07
2.40631e-05
2.80458e-07
2.42235e-05
-3.44037e-07
2.41512e-05
-8.74775e-07
2.39395e-05
-1.21863e-06
2.36614e-05
-1.48013e-06
2.33847e-05
-1.68321e-06
2.31479e-05
-1.85021e-06
2.29551e-05
-2.00627e-06
2.27993e-05
-2.12293e-06
2.26769e-05
-2.20539e-06
2.25892e-05
-2.28652e-06
2.25332e-05
-2.35223e-06
2.25023e-05
-2.40316e-06
2.24939e-05
-2.45393e-06
2.25022e-05
-2.49093e-06
2.25246e-05
-2.52328e-06
2.25594e-05
-2.54912e-06
2.26026e-05
-2.56745e-06
2.26512e-05
-2.57964e-06
2.27e-05
-2.58563e-06
2.27467e-05
-2.58899e-06
2.27913e-05
-2.58517e-06
2.28322e-05
-2.57014e-06
2.28692e-05
-2.55249e-06
2.29023e-05
-2.53357e-06
2.29315e-05
-2.51469e-06
2.2957e-05
-2.49652e-06
2.29794e-05
-2.48049e-06
2.2999e-05
-2.46662e-06
2.30158e-05
-2.45295e-06
2.303e-05
-2.43954e-06
2.30416e-05
-2.42718e-06
2.30514e-05
-2.41759e-06
2.30598e-05
-2.41047e-06
2.3067e-05
-2.40453e-06
2.30732e-05
-2.39948e-06
2.30785e-05
-2.39518e-06
2.3083e-05
-2.39148e-06
2.30869e-05
-2.38834e-06
2.30902e-05
-2.38559e-06
2.3093e-05
-2.38332e-06
2.30954e-05
-2.38128e-06
2.30975e-05
-2.37964e-06
2.30992e-05
-2.37816e-06
2.31007e-05
-2.3769e-06
2.31021e-05
-2.37608e-06
2.31032e-05
-2.37517e-06
2.31042e-05
-2.37446e-06
2.3105e-05
-2.37351e-06
2.31056e-05
-2.37267e-06
2.31061e-05
-2.37234e-06
2.31066e-05
-2.37179e-06
2.31071e-05
-2.37129e-06
2.31067e-05
-2.36498e-06
2.31075e-05
-2.33553e-06
2.31124e-05
-1.90887e-06
2.32176e-05
-3.24057e-06
2.39574e-05
-9.64627e-06
2.45392e-05
-5.46852e-06
2.45351e-05
1.14248e-06
2.44831e-05
-2.01269e-06
2.44409e-05
-2.07088e-06
2.44126e-05
-2.25871e-06
2.43806e-05
-2.20233e-06
2.43534e-05
-2.25318e-06
2.43271e-05
-2.26872e-06
2.43055e-05
-2.28865e-06
2.42885e-05
-2.30787e-06
2.42742e-05
-2.3205e-06
2.42627e-05
-2.33428e-06
2.42533e-05
-2.34207e-06
2.42455e-05
-2.34825e-06
2.42391e-05
-2.3527e-06
2.42338e-05
-2.35665e-06
2.42294e-05
-2.35938e-06
2.42259e-05
-2.36222e-06
2.42231e-05
-2.36393e-06
2.42209e-05
-2.36498e-06
2.42191e-05
-2.36675e-06
2.42178e-05
-2.36783e-06
2.42168e-05
-2.36795e-06
2.4216e-05
-2.36926e-06
2.42155e-05
-2.36945e-06
2.42152e-05
-2.36932e-06
2.4215e-05
-2.37013e-06
2.42149e-05
-2.37033e-06
2.42148e-05
-2.36983e-06
2.42148e-05
-2.37041e-06
2.42149e-05
-2.36963e-06
2.42149e-05
-2.37052e-06
2.4215e-05
-2.37027e-06
2.42151e-05
-2.36989e-06
2.42152e-05
-2.37036e-06
2.42153e-05
-2.37031e-06
2.42154e-05
-2.36967e-06
2.42155e-05
-2.3703e-06
2.42155e-05
-2.36935e-06
2.42156e-05
-2.37016e-06
2.42157e-05
-2.37007e-06
2.42157e-05
-2.36955e-06
2.42157e-05
-2.37007e-06
2.42157e-05
-2.36925e-06
2.42158e-05
-2.36999e-06
2.42158e-05
-2.37004e-06
2.42158e-05
-2.36941e-06
2.42158e-05
-2.37002e-06
2.42158e-05
-2.36913e-06
2.42158e-05
-2.36998e-06
2.42158e-05
-2.36996e-06
2.42158e-05
-2.3694e-06
2.42158e-05
-2.36994e-06
2.42158e-05
-2.3691e-06
2.42158e-05
-2.36993e-06
2.42158e-05
-2.36996e-06
2.42158e-05
-2.3694e-06
2.42158e-05
-2.36999e-06
2.42158e-05
-2.36897e-06
2.42158e-05
-2.37013e-06
2.42158e-05
-2.36969e-06
2.42158e-05
-2.36968e-06
2.42158e-05
-2.36962e-06
2.42158e-05
-2.36941e-06
2.42158e-05
-2.36967e-06
2.42158e-05
-2.37009e-06
2.42158e-05
-2.3695e-06
2.42157e-05
-2.36947e-06
2.42158e-05
-2.3699e-06
2.42157e-05
-2.36902e-06
2.42158e-05
-2.37109e-06
2.42157e-05
-2.36786e-06
2.42158e-05
-2.37169e-06
2.42157e-05
-2.36704e-06
2.42158e-05
-2.3725e-06
2.42157e-05
-2.3669e-06
2.42159e-05
-2.37288e-06
2.42157e-05
-2.3662e-06
2.42159e-05
-2.37443e-06
2.42158e-05
-2.36452e-06
2.4216e-05
-2.37572e-06
2.42158e-05
-2.36276e-06
2.42161e-05
-2.37743e-06
2.42158e-05
-2.36165e-06
2.42162e-05
-2.37877e-06
2.42158e-05
-2.35975e-06
2.42163e-05
-2.3805e-06
2.42159e-05
-2.35773e-06
2.42164e-05
-2.38351e-06
2.42159e-05
-2.35473e-06
2.42166e-05
-2.38627e-06
2.42159e-05
-2.35161e-06
2.42167e-05
-2.38943e-06
2.4216e-05
-2.34909e-06
2.42169e-05
-2.39213e-06
2.42161e-05
-2.34603e-06
2.42172e-05
-2.39607e-06
2.42162e-05
-2.34203e-06
2.42174e-05
-2.39971e-06
2.42163e-05
-2.33796e-06
2.42177e-05
-2.40368e-06
2.42164e-05
-2.33468e-06
2.42179e-05
-2.40709e-06
2.42166e-05
-2.33081e-06
2.42182e-05
-2.41066e-06
2.42166e-05
-2.32709e-06
2.42184e-05
-2.41515e-06
2.42168e-05
-2.32274e-06
2.42187e-05
-2.41918e-06
2.42169e-05
-2.31947e-06
2.4219e-05
-2.42225e-06
2.42171e-05
-2.31615e-06
2.42193e-05
-2.426e-06
2.42173e-05
-2.31254e-06
2.42195e-05
-2.42896e-06
2.42175e-05
-2.30934e-06
2.42197e-05
-2.43161e-06
2.42176e-05
-2.30755e-06
2.422e-05
-2.43314e-06
2.42177e-05
-2.30576e-06
2.42201e-05
-2.43536e-06
2.42179e-05
-2.30375e-06
2.42203e-05
-2.43666e-06
2.4218e-05
-2.30223e-06
2.42204e-05
-2.43762e-06
2.42181e-05
-2.30212e-06
2.42205e-05
-2.43749e-06
2.42181e-05
-2.30198e-06
2.42205e-05
-2.43803e-06
2.42182e-05
-2.30163e-06
2.42206e-05
-2.43762e-06
2.42183e-05
-2.30274e-06
2.42206e-05
-2.43617e-06
2.42184e-05
-2.30385e-06
2.42206e-05
-2.43533e-06
2.42184e-05
-2.30492e-06
2.42205e-05
-2.43353e-06
2.42185e-05
-2.30653e-06
2.42204e-05
-2.43148e-06
2.42185e-05
-2.30941e-06
2.42203e-05
-2.42848e-06
2.42184e-05
-2.31206e-06
2.42202e-05
-2.42629e-06
2.42185e-05
-2.31441e-06
2.422e-05
-2.42332e-06
2.42185e-05
-2.31799e-06
2.42199e-05
-2.41961e-06
2.42185e-05
-2.32119e-06
2.42198e-05
-2.41681e-06
2.42184e-05
-2.32395e-06
2.42196e-05
-2.41349e-06
2.42184e-05
-2.3278e-06
2.42194e-05
-2.40955e-06
2.42183e-05
-2.33119e-06
2.42193e-05
-2.4067e-06
2.42183e-05
-2.33398e-06
2.42191e-05
-2.40335e-06
2.42182e-05
-2.33772e-06
2.4219e-05
-2.39954e-06
2.42181e-05
-2.34085e-06
2.42187e-05
-2.39699e-06
2.42179e-05
-2.34339e-06
2.42185e-05
-2.39402e-06
2.42179e-05
-2.34685e-06
2.42184e-05
-2.39065e-06
2.42178e-05
-2.34949e-06
2.42183e-05
-2.38836e-06
2.42176e-05
-2.35163e-06
2.4218e-05
-2.3857e-06
2.42174e-05
-2.35465e-06
2.42177e-05
-2.38307e-06
2.42173e-05
-2.3568e-06
2.42177e-05
-2.38158e-06
2.42174e-05
-2.35819e-06
2.42176e-05
-2.37951e-06
2.42171e-05
-2.3605e-06
2.42172e-05
-2.377e-06
2.42167e-05
-2.36201e-06
2.4217e-05
-2.37658e-06
2.42168e-05
-2.36315e-06
2.42171e-05
-2.37526e-06
2.4217e-05
-2.36497e-06
2.42171e-05
-2.37405e-06
2.42167e-05
-2.36501e-06
2.42166e-05
-2.37285e-06
2.42162e-05
-2.36638e-06
2.42164e-05
-2.37205e-06
2.42164e-05
-2.36762e-06
2.42168e-05
-2.37214e-06
2.42169e-05
-2.36765e-06
2.42168e-05
-2.37099e-06
2.42165e-05
-2.3678e-06
2.42161e-05
-2.36975e-06
2.42157e-05
-2.3682e-06
2.42158e-05
-2.37081e-06
2.42161e-05
-2.36971e-06
2.42166e-05
-2.37059e-06
2.42169e-05
-2.36982e-06
2.42168e-05
-2.36983e-06
2.42163e-05
-2.36808e-06
2.42157e-05
-2.36909e-06
2.42152e-05
-2.36864e-06
2.42154e-05
-2.36984e-06
2.42158e-05
-2.37036e-06
2.42165e-05
-2.37119e-06
2.42172e-05
-2.37069e-06
2.42169e-05
-2.369e-06
2.42163e-05
-2.36849e-06
2.42154e-05
-2.36836e-06
2.42146e-05
-2.36778e-06
2.42149e-05
-2.37054e-06
2.42156e-05
-2.37099e-06
2.42168e-05
-2.37218e-06
2.42177e-05
-2.37071e-06
2.42174e-05
-2.36943e-06
2.42165e-05
-2.36775e-06
2.42151e-05
-2.36775e-06
2.42138e-05
-2.36695e-06
2.42143e-05
-2.37088e-06
2.42154e-05
-2.3717e-06
2.42172e-05
-2.37309e-06
2.42188e-05
-2.37189e-06
2.42181e-05
-2.36922e-06
2.42171e-05
-2.36644e-06
2.42161e-05
-2.36534e-06
2.42164e-05
-2.38409e-06
2.42158e-05
-2.35297e-06
2.42153e-05
-2.36747e-06
2.42154e-05
-2.37238e-06
2.42156e-05
-2.37172e-06
2.42171e-05
-2.37237e-06
2.42173e-05
-2.37934e-06
2.4216e-05
-2.40046e-06
2.42065e-05
-2.18657e-06
2.41709e-05
-3.13758e-06
2.40273e-05
-5.87851e-09
2.34336e-05
4.10242e-06
2.31248e-05
-3.10303e-06
2.30512e-05
-2.99956e-06
-2.54035e-06
2.29356e-05
6.13188e-07
2.36885e-05
-2.90925e-08
2.43338e-05
-3.64899e-07
2.47828e-05
-7.93043e-07
2.50647e-05
-1.15667e-06
2.52066e-05
-1.36048e-06
2.52238e-05
-1.49731e-06
2.5162e-05
-1.62148e-06
2.50491e-05
-1.73729e-06
2.49041e-05
-1.86124e-06
2.47613e-05
-1.98016e-06
2.46347e-05
-2.07883e-06
2.45303e-05
-2.18206e-06
2.44455e-05
-2.26744e-06
2.43786e-05
-2.33626e-06
2.43355e-05
-2.41087e-06
2.43131e-05
-2.46848e-06
2.43066e-05
-2.51679e-06
2.43112e-05
-2.55373e-06
2.43237e-05
-2.57996e-06
2.43391e-05
-2.59502e-06
2.43535e-05
-2.59997e-06
2.43691e-05
-2.6046e-06
2.43845e-05
-2.60066e-06
2.43979e-05
-2.58353e-06
2.44091e-05
-2.56369e-06
2.44183e-05
-2.54276e-06
2.44258e-05
-2.52213e-06
2.44318e-05
-2.50252e-06
2.44368e-05
-2.48549e-06
2.4441e-05
-2.47084e-06
2.44444e-05
-2.4563e-06
2.44468e-05
-2.44201e-06
2.44486e-05
-2.42897e-06
2.44501e-05
-2.4191e-06
2.44515e-05
-2.41186e-06
2.44528e-05
-2.40576e-06
2.44538e-05
-2.40053e-06
2.44547e-05
-2.39608e-06
2.44555e-05
-2.39224e-06
2.44561e-05
-2.38898e-06
2.44567e-05
-2.38614e-06
2.44571e-05
-2.38377e-06
2.44575e-05
-2.38168e-06
2.44578e-05
-2.37995e-06
2.44581e-05
-2.37845e-06
2.44583e-05
-2.37712e-06
2.44585e-05
-2.37626e-06
2.44587e-05
-2.37532e-06
2.44588e-05
-2.37457e-06
2.44589e-05
-2.3737e-06
2.4459e-05
-2.37276e-06
2.44592e-05
-2.37246e-06
2.44592e-05
-2.37183e-06
2.44595e-05
-2.37154e-06
2.44599e-05
-2.36538e-06
2.44661e-05
-2.34179e-06
2.45414e-05
-1.98415e-06
2.45317e-05
-3.23088e-06
2.42812e-05
-9.39578e-06
2.43583e-05
-5.54562e-06
2.47436e-05
7.5716e-07
2.47711e-05
-2.04014e-06
2.47896e-05
-2.08935e-06
2.47904e-05
-2.25956e-06
2.47941e-05
-2.20606e-06
2.4792e-05
-2.25101e-06
2.47874e-05
-2.26415e-06
2.47825e-05
-2.28377e-06
2.47777e-05
-2.303e-06
2.47728e-05
-2.3156e-06
2.47679e-05
-2.32943e-06
2.47635e-05
-2.33764e-06
2.47594e-05
-2.34421e-06
2.47558e-05
-2.34909e-06
2.47526e-05
-2.35344e-06
2.47498e-05
-2.35659e-06
2.47474e-05
-2.35976e-06
2.47453e-05
-2.36188e-06
2.47436e-05
-2.36326e-06
2.47421e-05
-2.36526e-06
2.47409e-05
-2.36665e-06
2.474e-05
-2.367e-06
2.47392e-05
-2.36843e-06
2.47386e-05
-2.36887e-06
2.47381e-05
-2.36885e-06
2.47377e-05
-2.36974e-06
2.47375e-05
-2.37007e-06
2.47373e-05
-2.36963e-06
2.47371e-05
-2.37027e-06
2.47371e-05
-2.36956e-06
2.4737e-05
-2.37042e-06
2.4737e-05
-2.37025e-06
2.4737e-05
-2.3699e-06
2.47369e-05
-2.37033e-06
2.47369e-05
-2.37031e-06
2.4737e-05
-2.36972e-06
2.4737e-05
-2.37029e-06
2.4737e-05
-2.36941e-06
2.4737e-05
-2.37015e-06
2.4737e-05
-2.37008e-06
2.47371e-05
-2.36959e-06
2.47371e-05
-2.37006e-06
2.47371e-05
-2.36929e-06
2.47371e-05
-2.36997e-06
2.47371e-05
-2.37004e-06
2.47371e-05
-2.36944e-06
2.47371e-05
-2.37e-06
2.47371e-05
-2.36917e-06
2.47371e-05
-2.36996e-06
2.47371e-05
-2.36995e-06
2.47371e-05
-2.36942e-06
2.47371e-05
-2.36992e-06
2.47372e-05
-2.36914e-06
2.47371e-05
-2.3699e-06
2.47371e-05
-2.36995e-06
2.47371e-05
-2.36942e-06
2.47371e-05
-2.36996e-06
2.47372e-05
-2.36902e-06
2.47371e-05
-2.3701e-06
2.47371e-05
-2.36969e-06
2.47371e-05
-2.36968e-06
2.47371e-05
-2.36962e-06
2.47371e-05
-2.36943e-06
2.47371e-05
-2.36966e-06
2.47371e-05
-2.37006e-06
2.47371e-05
-2.36952e-06
2.47371e-05
-2.36946e-06
2.47371e-05
-2.36992e-06
2.47371e-05
-2.36903e-06
2.47371e-05
-2.371e-06
2.47372e-05
-2.36799e-06
2.4737e-05
-2.37155e-06
2.47372e-05
-2.36723e-06
2.4737e-05
-2.3723e-06
2.47372e-05
-2.36711e-06
2.4737e-05
-2.37267e-06
2.47373e-05
-2.36645e-06
2.4737e-05
-2.37411e-06
2.47374e-05
-2.36492e-06
2.47369e-05
-2.37529e-06
2.47375e-05
-2.3633e-06
2.47369e-05
-2.37687e-06
2.47375e-05
-2.36227e-06
2.47369e-05
-2.37812e-06
2.47377e-05
-2.36051e-06
2.47369e-05
-2.37972e-06
2.47378e-05
-2.35865e-06
2.47368e-05
-2.3825e-06
2.4738e-05
-2.3559e-06
2.47367e-05
-2.38504e-06
2.47381e-05
-2.35304e-06
2.47367e-05
-2.38795e-06
2.47383e-05
-2.35072e-06
2.47366e-05
-2.39046e-06
2.47385e-05
-2.34791e-06
2.47365e-05
-2.39409e-06
2.47387e-05
-2.34424e-06
2.47365e-05
-2.39744e-06
2.4739e-05
-2.34051e-06
2.47364e-05
-2.40108e-06
2.47392e-05
-2.3375e-06
2.47363e-05
-2.40422e-06
2.47395e-05
-2.33393e-06
2.47363e-05
-2.40749e-06
2.47397e-05
-2.33051e-06
2.47362e-05
-2.41162e-06
2.474e-05
-2.32654e-06
2.47362e-05
-2.41532e-06
2.47402e-05
-2.32356e-06
2.47361e-05
-2.41814e-06
2.47405e-05
-2.32051e-06
2.47361e-05
-2.42157e-06
2.47407e-05
-2.31722e-06
2.4736e-05
-2.42426e-06
2.4741e-05
-2.31429e-06
2.4736e-05
-2.42666e-06
2.47411e-05
-2.31265e-06
2.47361e-05
-2.42806e-06
2.47413e-05
-2.31102e-06
2.4736e-05
-2.43007e-06
2.47415e-05
-2.30918e-06
2.4736e-05
-2.43124e-06
2.47416e-05
-2.30779e-06
2.47361e-05
-2.4321e-06
2.47416e-05
-2.30767e-06
2.47361e-05
-2.43198e-06
2.47417e-05
-2.30756e-06
2.47361e-05
-2.43244e-06
2.47417e-05
-2.30725e-06
2.47362e-05
-2.43206e-06
2.47417e-05
-2.30826e-06
2.47362e-05
-2.43072e-06
2.47417e-05
-2.30928e-06
2.47363e-05
-2.42992e-06
2.47416e-05
-2.31027e-06
2.47363e-05
-2.42825e-06
2.47415e-05
-2.31174e-06
2.47364e-05
-2.42635e-06
2.47414e-05
-2.31438e-06
2.47365e-05
-2.4236e-06
2.47413e-05
-2.31681e-06
2.47365e-05
-2.42157e-06
2.47411e-05
-2.31898e-06
2.47366e-05
-2.41884e-06
2.47409e-05
-2.32225e-06
2.47367e-05
-2.41544e-06
2.47407e-05
-2.32519e-06
2.47368e-05
-2.41285e-06
2.47405e-05
-2.32773e-06
2.47369e-05
-2.4098e-06
2.47403e-05
-2.33123e-06
2.47369e-05
-2.40618e-06
2.47401e-05
-2.33435e-06
2.47369e-05
-2.40356e-06
2.47399e-05
-2.33693e-06
2.4737e-05
-2.40051e-06
2.47397e-05
-2.34035e-06
2.47371e-05
-2.39699e-06
2.47395e-05
-2.3432e-06
2.47371e-05
-2.3946e-06
2.47392e-05
-2.34551e-06
2.47371e-05
-2.39193e-06
2.4739e-05
-2.34872e-06
2.47372e-05
-2.3889e-06
2.47389e-05
-2.35117e-06
2.47373e-05
-2.38673e-06
2.47387e-05
-2.35304e-06
2.47373e-05
-2.38426e-06
2.47383e-05
-2.35573e-06
2.47372e-05
-2.38194e-06
2.47383e-05
-2.35785e-06
2.47373e-05
-2.38065e-06
2.47383e-05
-2.35919e-06
2.47375e-05
-2.37865e-06
2.4738e-05
-2.36105e-06
2.47373e-05
-2.37626e-06
2.47377e-05
-2.3624e-06
2.47371e-05
-2.37604e-06
2.47377e-05
-2.36371e-06
2.47374e-05
-2.375e-06
2.47379e-05
-2.36547e-06
2.47375e-05
-2.37366e-06
2.47377e-05
-2.36516e-06
2.47372e-05
-2.37234e-06
2.47371e-05
-2.36635e-06
2.4737e-05
-2.3719e-06
2.47373e-05
-2.36793e-06
2.47374e-05
-2.37226e-06
2.47378e-05
-2.36808e-06
2.47376e-05
-2.37079e-06
2.47375e-05
-2.36768e-06
2.47371e-05
-2.36931e-06
2.47367e-05
-2.36787e-06
2.47368e-05
-2.37081e-06
2.4737e-05
-2.37e-06
2.47375e-05
-2.37103e-06
2.4738e-05
-2.37029e-06
2.47378e-05
-2.36968e-06
2.47375e-05
-2.36778e-06
2.47369e-05
-2.36849e-06
2.47364e-05
-2.3681e-06
2.47365e-05
-2.36996e-06
2.47369e-05
-2.37076e-06
2.47376e-05
-2.37185e-06
2.47383e-05
-2.37138e-06
2.47381e-05
-2.36885e-06
2.47376e-05
-2.36795e-06
2.47367e-05
-2.36749e-06
2.47359e-05
-2.36699e-06
2.47361e-05
-2.3707e-06
2.47367e-05
-2.37161e-06
2.47377e-05
-2.37321e-06
2.47388e-05
-2.3718e-06
2.47386e-05
-2.36916e-06
2.47378e-05
-2.36697e-06
2.47364e-05
-2.36639e-06
2.47352e-05
-2.36572e-06
2.47355e-05
-2.37116e-06
2.47364e-05
-2.37267e-06
2.47381e-05
-2.37476e-06
2.47398e-05
-2.37356e-06
2.47393e-05
-2.36871e-06
2.47384e-05
-2.3655e-06
2.47378e-05
-2.36476e-06
2.47362e-05
-2.38255e-06
2.47377e-05
-2.3544e-06
2.47375e-05
-2.36733e-06
2.47373e-05
-2.3722e-06
2.47372e-05
-2.37158e-06
2.4738e-05
-2.37322e-06
2.47369e-05
-2.37822e-06
2.47333e-05
-2.39685e-06
2.47426e-05
-2.19586e-06
2.46254e-05
-3.02036e-06
2.47952e-05
-1.75722e-07
2.50402e-05
3.85748e-06
2.47201e-05
-2.78294e-06
2.45886e-05
-2.86803e-06
-2.50106e-06
2.29313e-05
-3.80593e-07
2.37064e-05
-8.04183e-07
2.43741e-05
-1.03263e-06
2.48902e-05
-1.3091e-06
2.52793e-05
-1.54581e-06
2.55871e-05
-1.66829e-06
2.58292e-05
-1.73939e-06
2.60038e-05
-1.79613e-06
2.61156e-05
-1.84906e-06
2.61572e-05
-1.9028e-06
2.61493e-05
-1.97226e-06
2.61164e-05
-2.04599e-06
2.60624e-05
-2.12805e-06
2.60002e-05
-2.20527e-06
2.59393e-05
-2.27531e-06
2.58873e-05
-2.35889e-06
2.58432e-05
-2.42442e-06
2.58038e-05
-2.47738e-06
2.57672e-05
-2.51712e-06
2.57313e-05
-2.54405e-06
2.56953e-05
-2.55905e-06
2.56624e-05
-2.56704e-06
2.56343e-05
-2.5765e-06
2.5608e-05
-2.57436e-06
2.5582e-05
-2.55748e-06
2.55567e-05
-2.53837e-06
2.55327e-05
-2.51877e-06
2.55104e-05
-2.49991e-06
2.54903e-05
-2.4824e-06
2.54725e-05
-2.46764e-06
2.54567e-05
-2.45503e-06
2.54427e-05
-2.4423e-06
2.54304e-05
-2.42977e-06
2.542e-05
-2.41859e-06
2.54114e-05
-2.41048e-06
2.54042e-05
-2.40464e-06
2.53981e-05
-2.39963e-06
2.53928e-05
-2.39529e-06
2.53883e-05
-2.39159e-06
2.53845e-05
-2.38838e-06
2.53812e-05
-2.38567e-06
2.53783e-05
-2.38331e-06
2.53759e-05
-2.38134e-06
2.53738e-05
-2.37961e-06
2.53721e-05
-2.37817e-06
2.53705e-05
-2.37693e-06
2.53693e-05
-2.37583e-06
2.53681e-05
-2.37509e-06
2.53671e-05
-2.37429e-06
2.53662e-05
-2.37374e-06
2.53656e-05
-2.37304e-06
2.5365e-05
-2.37223e-06
2.53646e-05
-2.37203e-06
2.53642e-05
-2.3714e-06
2.53641e-05
-2.37143e-06
2.53649e-05
-2.36621e-06
2.53742e-05
-2.35112e-06
2.54845e-05
-2.09441e-06
2.5338e-05
-3.08436e-06
2.40586e-05
-8.1164e-06
2.35642e-05
-5.05122e-06
2.43007e-05
2.06592e-08
2.43805e-05
-2.11998e-06
2.44466e-05
-2.15538e-06
2.44724e-05
-2.28539e-06
2.45066e-05
-2.24029e-06
2.45286e-05
-2.27302e-06
2.45477e-05
-2.28324e-06
2.45618e-05
-2.29786e-06
2.45709e-05
-2.31214e-06
2.45776e-05
-2.32223e-06
2.45816e-05
-2.33348e-06
2.45843e-05
-2.34033e-06
2.4586e-05
-2.34587e-06
2.4587e-05
-2.3501e-06
2.45874e-05
-2.3539e-06
2.45876e-05
-2.35675e-06
2.45874e-05
-2.3596e-06
2.45872e-05
-2.36164e-06
2.45869e-05
-2.36299e-06
2.45865e-05
-2.36484e-06
2.4586e-05
-2.3662e-06
2.45857e-05
-2.36665e-06
2.45852e-05
-2.36796e-06
2.45849e-05
-2.3685e-06
2.45846e-05
-2.36857e-06
2.45842e-05
-2.36938e-06
2.45839e-05
-2.36976e-06
2.45837e-05
-2.36943e-06
2.45835e-05
-2.37003e-06
2.45834e-05
-2.36948e-06
2.45832e-05
-2.37019e-06
2.4583e-05
-2.37012e-06
2.4583e-05
-2.36983e-06
2.45828e-05
-2.37018e-06
2.45827e-05
-2.3702e-06
2.45827e-05
-2.36973e-06
2.45826e-05
-2.37017e-06
2.45827e-05
-2.36948e-06
2.45826e-05
-2.37007e-06
2.45825e-05
-2.37002e-06
2.45825e-05
-2.36963e-06
2.45825e-05
-2.37e-06
2.45826e-05
-2.36938e-06
2.45825e-05
-2.36992e-06
2.45825e-05
-2.36998e-06
2.45825e-05
-2.3695e-06
2.45825e-05
-2.36994e-06
2.45826e-05
-2.36928e-06
2.45825e-05
-2.3699e-06
2.45825e-05
-2.36991e-06
2.45825e-05
-2.36948e-06
2.45825e-05
-2.36987e-06
2.45826e-05
-2.36925e-06
2.45825e-05
-2.36985e-06
2.45825e-05
-2.36991e-06
2.45825e-05
-2.36947e-06
2.45825e-05
-2.3699e-06
2.45826e-05
-2.36916e-06
2.45825e-05
-2.37001e-06
2.45825e-05
-2.36969e-06
2.45825e-05
-2.36968e-06
2.45825e-05
-2.36964e-06
2.45826e-05
-2.36948e-06
2.45826e-05
-2.36966e-06
2.45825e-05
-2.36998e-06
2.45826e-05
-2.36956e-06
2.45826e-05
-2.3695e-06
2.45826e-05
-2.36989e-06
2.45827e-05
-2.36915e-06
2.45824e-05
-2.37074e-06
2.45828e-05
-2.36834e-06
2.45824e-05
-2.37117e-06
2.45829e-05
-2.36774e-06
2.45824e-05
-2.37176e-06
2.45829e-05
-2.36764e-06
2.45823e-05
-2.37207e-06
2.4583e-05
-2.36712e-06
2.45821e-05
-2.37321e-06
2.45831e-05
-2.36591e-06
2.45819e-05
-2.37415e-06
2.45833e-05
-2.36463e-06
2.45818e-05
-2.3754e-06
2.45833e-05
-2.36382e-06
2.45816e-05
-2.37639e-06
2.45835e-05
-2.36242e-06
2.45815e-05
-2.37767e-06
2.45838e-05
-2.36095e-06
2.45811e-05
-2.37987e-06
2.4584e-05
-2.35878e-06
2.45808e-05
-2.38188e-06
2.45843e-05
-2.35652e-06
2.45806e-05
-2.38418e-06
2.45845e-05
-2.35469e-06
2.45802e-05
-2.38617e-06
2.45848e-05
-2.35248e-06
2.45798e-05
-2.38905e-06
2.45851e-05
-2.34958e-06
2.45794e-05
-2.39169e-06
2.45855e-05
-2.34664e-06
2.4579e-05
-2.39456e-06
2.45857e-05
-2.34427e-06
2.45786e-05
-2.39704e-06
2.45861e-05
-2.34146e-06
2.45782e-05
-2.39963e-06
2.45865e-05
-2.33876e-06
2.45777e-05
-2.40288e-06
2.45868e-05
-2.33564e-06
2.45773e-05
-2.4058e-06
2.4587e-05
-2.33329e-06
2.45769e-05
-2.40803e-06
2.45873e-05
-2.33089e-06
2.45764e-05
-2.41072e-06
2.45875e-05
-2.32829e-06
2.45761e-05
-2.41283e-06
2.45878e-05
-2.326e-06
2.45759e-05
-2.41471e-06
2.45879e-05
-2.32471e-06
2.45757e-05
-2.4158e-06
2.45881e-05
-2.32342e-06
2.45754e-05
-2.41738e-06
2.45882e-05
-2.32198e-06
2.45752e-05
-2.41828e-06
2.45883e-05
-2.32089e-06
2.45752e-05
-2.41895e-06
2.45883e-05
-2.32079e-06
2.45752e-05
-2.41885e-06
2.45883e-05
-2.3207e-06
2.45751e-05
-2.4192e-06
2.45883e-05
-2.32047e-06
2.45751e-05
-2.41889e-06
2.45881e-05
-2.32126e-06
2.45752e-05
-2.41783e-06
2.4588e-05
-2.32207e-06
2.45753e-05
-2.41718e-06
2.45878e-05
-2.32285e-06
2.45754e-05
-2.41585e-06
2.45877e-05
-2.32401e-06
2.45757e-05
-2.41435e-06
2.45874e-05
-2.32608e-06
2.4576e-05
-2.41218e-06
2.45872e-05
-2.328e-06
2.45762e-05
-2.41056e-06
2.45869e-05
-2.32971e-06
2.45765e-05
-2.40841e-06
2.45865e-05
-2.33228e-06
2.45768e-05
-2.40573e-06
2.45862e-05
-2.3346e-06
2.4577e-05
-2.40368e-06
2.45859e-05
-2.33662e-06
2.45774e-05
-2.40127e-06
2.45855e-05
-2.33936e-06
2.45777e-05
-2.39841e-06
2.45852e-05
-2.34181e-06
2.4578e-05
-2.39634e-06
2.45849e-05
-2.34386e-06
2.45783e-05
-2.39395e-06
2.45845e-05
-2.34656e-06
2.45787e-05
-2.39116e-06
2.45843e-05
-2.34878e-06
2.45789e-05
-2.38925e-06
2.4584e-05
-2.35059e-06
2.45793e-05
-2.38717e-06
2.45837e-05
-2.35315e-06
2.45796e-05
-2.38482e-06
2.45835e-05
-2.35511e-06
2.45799e-05
-2.38307e-06
2.45833e-05
-2.35652e-06
2.45802e-05
-2.38109e-06
2.4583e-05
-2.35857e-06
2.45804e-05
-2.37932e-06
2.45829e-05
-2.36035e-06
2.45806e-05
-2.37837e-06
2.45829e-05
-2.36147e-06
2.4581e-05
-2.37673e-06
2.45827e-05
-2.36275e-06
2.45812e-05
-2.37476e-06
2.45826e-05
-2.36376e-06
2.45812e-05
-2.37469e-06
2.45825e-05
-2.36498e-06
2.45815e-05
-2.37401e-06
2.45825e-05
-2.36646e-06
2.45816e-05
-2.37281e-06
2.45825e-05
-2.36598e-06
2.45817e-05
-2.37161e-06
2.45822e-05
-2.36682e-06
2.45817e-05
-2.37144e-06
2.45822e-05
-2.36839e-06
2.45819e-05
-2.37192e-06
2.45824e-05
-2.36864e-06
2.45821e-05
-2.37052e-06
2.45824e-05
-2.36793e-06
2.45822e-05
-2.3691e-06
2.45822e-05
-2.3679e-06
2.4582e-05
-2.3706e-06
2.45821e-05
-2.37011e-06
2.45822e-05
-2.37108e-06
2.45824e-05
-2.37056e-06
2.45824e-05
-2.36963e-06
2.45826e-05
-2.36793e-06
2.45824e-05
-2.36831e-06
2.45822e-05
-2.36794e-06
2.45822e-05
-2.36996e-06
2.45822e-05
-2.3708e-06
2.45823e-05
-2.37192e-06
2.45826e-05
-2.37165e-06
2.45827e-05
-2.36895e-06
2.45826e-05
-2.36794e-06
2.45825e-05
-2.36732e-06
2.45823e-05
-2.3668e-06
2.45822e-05
-2.37059e-06
2.45822e-05
-2.37163e-06
2.45823e-05
-2.37328e-06
2.45828e-05
-2.37231e-06
2.45828e-05
-2.36915e-06
2.45828e-05
-2.36698e-06
2.45825e-05
-2.36609e-06
2.45821e-05
-2.36538e-06
2.4582e-05
-2.37103e-06
2.4582e-05
-2.3727e-06
2.45822e-05
-2.37499e-06
2.45829e-05
-2.37422e-06
2.45829e-05
-2.3687e-06
2.4583e-05
-2.36557e-06
2.45834e-05
-2.36521e-06
2.45803e-05
-2.37948e-06
2.45837e-05
-2.35773e-06
2.45838e-05
-2.36751e-06
2.45834e-05
-2.37178e-06
2.45829e-05
-2.37105e-06
2.45829e-05
-2.37326e-06
2.45806e-05
-2.37584e-06
2.45749e-05
-2.39121e-06
2.46058e-05
-2.22671e-06
2.4438e-05
-2.85258e-06
2.49075e-05
-6.45229e-07
2.60319e-05
2.73307e-06
2.57804e-05
-2.53149e-06
2.56251e-05
-2.71273e-06
-2.45498e-06
2.29299e-05
-1.37299e-06
2.37139e-05
-1.58814e-06
2.43817e-05
-1.70048e-06
2.49112e-05
-1.83856e-06
2.53211e-05
-1.95571e-06
2.56677e-05
-2.01488e-06
2.59759e-05
-2.04761e-06
2.62506e-05
-2.07082e-06
2.64935e-05
-2.09196e-06
2.66998e-05
-2.10909e-06
2.68612e-05
-2.13374e-06
2.69771e-05
-2.16182e-06
2.70488e-05
-2.19979e-06
2.70804e-05
-2.23684e-06
2.70846e-05
-2.27953e-06
2.70678e-05
-2.34207e-06
2.70295e-05
-2.3861e-06
2.69726e-05
-2.42056e-06
2.69036e-05
-2.44803e-06
2.68245e-05
-2.46497e-06
2.67412e-05
-2.47582e-06
2.66602e-05
-2.48597e-06
2.65797e-05
-2.49603e-06
2.65002e-05
-2.49488e-06
2.64255e-05
-2.48274e-06
2.63572e-05
-2.47006e-06
2.62959e-05
-2.45753e-06
2.62418e-05
-2.44577e-06
2.61945e-05
-2.43515e-06
2.61534e-05
-2.42652e-06
2.61175e-05
-2.41911e-06
2.60866e-05
-2.41134e-06
2.60605e-05
-2.40369e-06
2.6039e-05
-2.39711e-06
2.60212e-05
-2.39267e-06
2.60061e-05
-2.38953e-06
2.59932e-05
-2.38672e-06
2.59821e-05
-2.38426e-06
2.59727e-05
-2.38215e-06
2.59646e-05
-2.38032e-06
2.59577e-05
-2.37877e-06
2.59518e-05
-2.37742e-06
2.59468e-05
-2.3763e-06
2.59425e-05
-2.37532e-06
2.59388e-05
-2.3745e-06
2.59357e-05
-2.37379e-06
2.5933e-05
-2.37319e-06
2.59307e-05
-2.37273e-06
2.59287e-05
-2.37228e-06
2.59269e-05
-2.37198e-06
2.59254e-05
-2.37157e-06
2.59244e-05
-2.37116e-06
2.59234e-05
-2.3711e-06
2.59226e-05
-2.37052e-06
2.59221e-05
-2.371e-06
2.59231e-05
-2.36721e-06
2.59338e-05
-2.36182e-06
2.60627e-05
-2.22331e-06
2.57773e-05
-2.79893e-06
2.34352e-05
-5.77431e-06
2.23601e-05
-3.97615e-06
2.3417e-05
-1.03617e-06
2.35291e-05
-2.23213e-06
2.36288e-05
-2.25505e-06
2.36684e-05
-2.32502e-06
2.37258e-05
-2.29762e-06
2.37678e-05
-2.31505e-06
2.38053e-05
-2.32073e-06
2.38354e-05
-2.32802e-06
2.38586e-05
-2.33531e-06
2.3877e-05
-2.34066e-06
2.38907e-05
-2.34713e-06
2.39014e-05
-2.35107e-06
2.39099e-05
-2.35432e-06
2.39166e-05
-2.35685e-06
2.39219e-05
-2.35917e-06
2.39261e-05
-2.36095e-06
2.39292e-05
-2.36274e-06
2.39317e-05
-2.36407e-06
2.39336e-05
-2.36497e-06
2.3935e-05
-2.36616e-06
2.39359e-05
-2.36708e-06
2.39366e-05
-2.36742e-06
2.39369e-05
-2.36827e-06
2.39371e-05
-2.36868e-06
2.39373e-05
-2.36877e-06
2.39372e-05
-2.3693e-06
2.3937e-05
-2.36958e-06
2.3937e-05
-2.36939e-06
2.39368e-05
-2.3698e-06
2.39368e-05
-2.36949e-06
2.39365e-05
-2.36992e-06
2.39363e-05
-2.36992e-06
2.39362e-05
-2.36974e-06
2.3936e-05
-2.36995e-06
2.39358e-05
-2.36999e-06
2.39358e-05
-2.36971e-06
2.39356e-05
-2.36997e-06
2.39357e-05
-2.36957e-06
2.39355e-05
-2.36991e-06
2.39354e-05
-2.36989e-06
2.39354e-05
-2.36966e-06
2.39353e-05
-2.36987e-06
2.39354e-05
-2.36951e-06
2.39353e-05
-2.36982e-06
2.39352e-05
-2.36986e-06
2.39353e-05
-2.36958e-06
2.39352e-05
-2.36983e-06
2.39353e-05
-2.36945e-06
2.39353e-05
-2.36981e-06
2.39352e-05
-2.36982e-06
2.39353e-05
-2.36957e-06
2.39352e-05
-2.3698e-06
2.39354e-05
-2.36944e-06
2.39353e-05
-2.36978e-06
2.39352e-05
-2.36982e-06
2.39353e-05
-2.36957e-06
2.39352e-05
-2.36981e-06
2.39354e-05
-2.36939e-06
2.39353e-05
-2.36987e-06
2.39353e-05
-2.36969e-06
2.39353e-05
-2.36968e-06
2.39353e-05
-2.36966e-06
2.39354e-05
-2.36957e-06
2.39354e-05
-2.36967e-06
2.39353e-05
-2.36986e-06
2.39354e-05
-2.36961e-06
2.39354e-05
-2.36958e-06
2.39354e-05
-2.36981e-06
2.39356e-05
-2.36937e-06
2.39351e-05
-2.3703e-06
2.39357e-05
-2.36892e-06
2.39351e-05
-2.37054e-06
2.39359e-05
-2.36857e-06
2.3935e-05
-2.37088e-06
2.39359e-05
-2.36852e-06
2.39349e-05
-2.37106e-06
2.3936e-05
-2.36822e-06
2.39345e-05
-2.37172e-06
2.39361e-05
-2.36753e-06
2.39342e-05
-2.37226e-06
2.39364e-05
-2.3668e-06
2.3934e-05
-2.37297e-06
2.39365e-05
-2.36633e-06
2.39336e-05
-2.37354e-06
2.39367e-05
-2.36553e-06
2.39333e-05
-2.37427e-06
2.39371e-05
-2.36469e-06
2.39327e-05
-2.37554e-06
2.39374e-05
-2.36344e-06
2.39322e-05
-2.37669e-06
2.39379e-05
-2.36215e-06
2.39317e-05
-2.37801e-06
2.39381e-05
-2.36111e-06
2.39311e-05
-2.37915e-06
2.39384e-05
-2.35984e-06
2.39302e-05
-2.3808e-06
2.39388e-05
-2.35819e-06
2.39294e-05
-2.38231e-06
2.39393e-05
-2.35651e-06
2.39287e-05
-2.38395e-06
2.39396e-05
-2.35515e-06
2.39279e-05
-2.38537e-06
2.394e-05
-2.35354e-06
2.39272e-05
-2.38685e-06
2.39405e-05
-2.352e-06
2.39263e-05
-2.38872e-06
2.39409e-05
-2.35022e-06
2.39255e-05
-2.39038e-06
2.39411e-05
-2.34888e-06
2.39247e-05
-2.39165e-06
2.39413e-05
-2.34751e-06
2.39238e-05
-2.3932e-06
2.39415e-05
-2.34603e-06
2.39231e-05
-2.39439e-06
2.39418e-05
-2.34472e-06
2.39226e-05
-2.39546e-06
2.39418e-05
-2.34398e-06
2.39221e-05
-2.39608e-06
2.39419e-05
-2.34325e-06
2.39215e-05
-2.39698e-06
2.3942e-05
-2.34243e-06
2.39212e-05
-2.39749e-06
2.39421e-05
-2.3418e-06
2.3921e-05
-2.39787e-06
2.3942e-05
-2.34174e-06
2.39209e-05
-2.39781e-06
2.39419e-05
-2.3417e-06
2.39207e-05
-2.398e-06
2.39418e-05
-2.34157e-06
2.39208e-05
-2.39782e-06
2.39415e-05
-2.34202e-06
2.39209e-05
-2.39721e-06
2.39413e-05
-2.34248e-06
2.3921e-05
-2.39684e-06
2.3941e-05
-2.34293e-06
2.39213e-05
-2.39607e-06
2.39408e-05
-2.34359e-06
2.39217e-05
-2.39521e-06
2.39404e-05
-2.34476e-06
2.39222e-05
-2.39396e-06
2.394e-05
-2.34587e-06
2.39225e-05
-2.39304e-06
2.39397e-05
-2.34684e-06
2.3923e-05
-2.3918e-06
2.39391e-05
-2.34831e-06
2.39236e-05
-2.39027e-06
2.39387e-05
-2.34964e-06
2.39241e-05
-2.3891e-06
2.39382e-05
-2.35079e-06
2.39247e-05
-2.38772e-06
2.39377e-05
-2.35235e-06
2.39254e-05
-2.38608e-06
2.39373e-05
-2.35375e-06
2.39259e-05
-2.3849e-06
2.39369e-05
-2.35492e-06
2.39265e-05
-2.38354e-06
2.39364e-05
-2.35647e-06
2.39272e-05
-2.38194e-06
2.39361e-05
-2.35773e-06
2.39277e-05
-2.38083e-06
2.39359e-05
-2.35875e-06
2.39284e-05
-2.37966e-06
2.39355e-05
-2.36022e-06
2.3929e-05
-2.37833e-06
2.39352e-05
-2.36136e-06
2.39295e-05
-2.37731e-06
2.39351e-05
-2.36214e-06
2.39302e-05
-2.37617e-06
2.39349e-05
-2.36329e-06
2.39307e-05
-2.37518e-06
2.39347e-05
-2.36434e-06
2.3931e-05
-2.37466e-06
2.39346e-05
-2.36502e-06
2.39315e-05
-2.3737e-06
2.39345e-05
-2.36568e-06
2.39322e-05
-2.37255e-06
2.39347e-05
-2.36622e-06
2.39326e-05
-2.37254e-06
2.39346e-05
-2.36699e-06
2.39328e-05
-2.3722e-06
2.39342e-05
-2.3679e-06
2.39329e-05
-2.37147e-06
2.39344e-05
-2.36752e-06
2.39335e-05
-2.37072e-06
2.39346e-05
-2.36794e-06
2.39339e-05
-2.37069e-06
2.39345e-05
-2.36896e-06
2.39336e-05
-2.37103e-06
2.39341e-05
-2.36919e-06
2.39338e-05
-2.37016e-06
2.39345e-05
-2.36864e-06
2.39346e-05
-2.36926e-06
2.39352e-05
-2.3685e-06
2.39348e-05
-2.37022e-06
2.39347e-05
-2.36997e-06
2.39342e-05
-2.37061e-06
2.3934e-05
-2.37036e-06
2.3934e-05
-2.36965e-06
2.39347e-05
-2.36861e-06
2.39352e-05
-2.36875e-06
2.39357e-05
-2.36846e-06
2.39356e-05
-2.36985e-06
2.39352e-05
-2.37039e-06
2.39344e-05
-2.37115e-06
2.39338e-05
-2.37109e-06
2.39341e-05
-2.36925e-06
2.39348e-05
-2.36858e-06
2.39356e-05
-2.36811e-06
2.39365e-05
-2.36769e-06
2.39361e-05
-2.37023e-06
2.39354e-05
-2.37092e-06
2.39341e-05
-2.37203e-06
2.39334e-05
-2.37161e-06
2.39336e-05
-2.36936e-06
2.39346e-05
-2.36797e-06
2.39358e-05
-2.36729e-06
2.39372e-05
-2.3667e-06
2.39366e-05
-2.37051e-06
2.39355e-05
-2.37158e-06
2.39337e-05
-2.37319e-06
2.39324e-05
-2.37291e-06
2.39328e-05
-2.36911e-06
2.39343e-05
-2.36703e-06
2.3936e-05
-2.36694e-06
2.39317e-05
-2.37517e-06
2.39369e-05
-2.36288e-06
2.39375e-05
-2.36818e-06
2.39368e-05
-2.37103e-06
2.3936e-05
-2.37031e-06
2.3935e-05
-2.37219e-06
2.39318e-05
-2.37264e-06
2.39234e-05
-2.38282e-06
2.39797e-05
-2.28299e-06
2.3766e-05
-2.63897e-06
2.45089e-05
-1.38812e-06
2.65729e-05
6.69067e-07
2.64254e-05
-2.38399e-06
2.62616e-05
-2.54889e-06
-2.40917e-06
2.29342e-05
2.37158e-05
2.4385e-05
2.49161e-05
2.53301e-05
2.56849e-05
2.6007e-05
2.63058e-05
2.65836e-05
2.68442e-05
2.70801e-05
2.7288e-05
2.74579e-05
2.75908e-05
2.76809e-05
2.77085e-05
2.76921e-05
2.76413e-05
2.75629e-05
2.74677e-05
2.73615e-05
2.72452e-05
2.71189e-05
2.69937e-05
2.68807e-05
2.67803e-05
2.66925e-05
2.66164e-05
2.65509e-05
2.64941e-05
2.64447e-05
2.6403e-05
2.6369e-05
2.63416e-05
2.63186e-05
2.62988e-05
2.62818e-05
2.62672e-05
2.62548e-05
2.62441e-05
2.62351e-05
2.62273e-05
2.62207e-05
2.62151e-05
2.62103e-05
2.62062e-05
2.62027e-05
2.61996e-05
2.61971e-05
2.61948e-05
2.61929e-05
2.61914e-05
2.619e-05
2.61892e-05
2.61879e-05
2.61904e-05
2.61982e-05
2.63446e-05
2.59154e-05
2.25107e-05
2.09043e-05
2.22378e-05
2.23754e-05
2.249e-05
2.25347e-05
2.26068e-05
2.26614e-05
2.27104e-05
2.2752e-05
2.27864e-05
2.28154e-05
2.2838e-05
2.28566e-05
2.2872e-05
2.28848e-05
2.28954e-05
2.29041e-05
2.29111e-05
2.29167e-05
2.29214e-05
2.29249e-05
2.29275e-05
2.29298e-05
2.29312e-05
2.29322e-05
2.29332e-05
2.29336e-05
2.29337e-05
2.2934e-05
2.29339e-05
2.29341e-05
2.29338e-05
2.29336e-05
2.29336e-05
2.29333e-05
2.2933e-05
2.2933e-05
2.29327e-05
2.29328e-05
2.29326e-05
2.29324e-05
2.29325e-05
2.29323e-05
2.29325e-05
2.29323e-05
2.29322e-05
2.29323e-05
2.29321e-05
2.29324e-05
2.29322e-05
2.29321e-05
2.29322e-05
2.29321e-05
2.29324e-05
2.29323e-05
2.29322e-05
2.29323e-05
2.29322e-05
2.29325e-05
2.29323e-05
2.29323e-05
2.29323e-05
2.29323e-05
2.29325e-05
2.29325e-05
2.29323e-05
2.29324e-05
2.29325e-05
2.29324e-05
2.29327e-05
2.29321e-05
2.29329e-05
2.2932e-05
2.29332e-05
2.2932e-05
2.29332e-05
2.29318e-05
2.29333e-05
2.29312e-05
2.29334e-05
2.29308e-05
2.29337e-05
2.29305e-05
2.29338e-05
2.293e-05
2.29341e-05
2.29295e-05
2.29346e-05
2.29287e-05
2.2935e-05
2.2928e-05
2.29355e-05
2.29272e-05
2.29358e-05
2.29263e-05
2.29362e-05
2.29251e-05
2.29366e-05
2.29239e-05
2.29371e-05
2.29229e-05
2.29374e-05
2.29217e-05
2.29379e-05
2.29207e-05
2.29384e-05
2.29194e-05
2.29388e-05
2.29181e-05
2.2939e-05
2.2917e-05
2.29392e-05
2.29157e-05
2.29393e-05
2.29146e-05
2.29396e-05
2.29138e-05
2.29395e-05
2.29131e-05
2.29396e-05
2.29123e-05
2.29396e-05
2.29118e-05
2.29396e-05
2.29115e-05
2.29394e-05
2.29113e-05
2.29393e-05
2.2911e-05
2.29391e-05
2.2911e-05
2.29387e-05
2.29111e-05
2.29383e-05
2.29112e-05
2.2938e-05
2.29116e-05
2.29377e-05
2.29122e-05
2.29371e-05
2.29128e-05
2.29367e-05
2.29133e-05
2.29362e-05
2.29141e-05
2.29354e-05
2.29149e-05
2.29349e-05
2.29155e-05
2.29344e-05
2.29164e-05
2.29337e-05
2.29173e-05
2.29333e-05
2.29181e-05
2.29329e-05
2.2919e-05
2.29322e-05
2.292e-05
2.29319e-05
2.29208e-05
2.29317e-05
2.29218e-05
2.29312e-05
2.29226e-05
2.29309e-05
2.29233e-05
2.29309e-05
2.29244e-05
2.29308e-05
2.29253e-05
2.29307e-05
2.29257e-05
2.29304e-05
2.29264e-05
2.29304e-05
2.29275e-05
2.2931e-05
2.29281e-05
2.29308e-05
2.29283e-05
2.29301e-05
2.29283e-05
2.29305e-05
2.29295e-05
2.29312e-05
2.29302e-05
2.2931e-05
2.29296e-05
2.29301e-05
2.29297e-05
2.29307e-05
2.29311e-05
2.29323e-05
2.29318e-05
2.29315e-05
2.29306e-05
2.293e-05
2.293e-05
2.29311e-05
2.2932e-05
2.29332e-05
2.29331e-05
2.29324e-05
2.29309e-05
2.29295e-05
2.293e-05
2.29311e-05
2.29327e-05
2.29347e-05
2.29341e-05
2.29329e-05
2.29306e-05
2.29286e-05
2.2929e-05
2.29307e-05
2.29331e-05
2.29361e-05
2.29353e-05
2.29334e-05
2.29299e-05
2.29267e-05
2.29272e-05
2.29299e-05
2.29327e-05
2.29272e-05
2.2934e-05
2.29355e-05
2.29342e-05
2.29336e-05
2.29311e-05
2.29281e-05
2.2915e-05
2.30017e-05
2.27324e-05
2.3714e-05
2.67527e-05
2.67384e-05
2.65593e-05
)
;

boundaryField
{
    inlet
    {
        type            calculated;
        value           uniform -2.19375e-05;
    }
    outlet
    {
        type            calculated;
        value           nonuniform List<scalar> 8(1.11788e-05 1.75666e-05 2.08581e-05 2.30326e-05 2.45493e-05 2.55791e-05 2.62158e-05 2.65198e-05);
    }
    sideWall
    {
        type            empty;
    }
    bed
    {
        type            calculated;
        value           nonuniform List<scalar> 
300
(
2.36969e-06
2.36969e-06
2.36969e-06
2.36969e-06
2.36969e-06
2.36969e-06
2.36969e-06
2.36969e-06
2.36969e-06
2.36969e-06
2.36969e-06
2.36969e-06
2.36969e-06
2.36969e-06
2.36969e-06
2.36969e-06
2.36969e-06
2.36969e-06
2.36969e-06
2.36969e-06
2.36969e-06
2.36969e-06
2.36969e-06
2.36969e-06
2.36969e-06
2.36969e-06
2.36969e-06
2.36969e-06
2.36969e-06
2.36969e-06
2.36969e-06
2.36969e-06
2.36969e-06
2.36969e-06
2.36969e-06
2.36969e-06
2.36969e-06
2.36969e-06
2.36969e-06
2.36969e-06
2.36969e-06
2.36969e-06
2.36969e-06
2.36969e-06
2.36969e-06
2.36969e-06
2.36969e-06
2.36969e-06
2.36969e-06
2.36969e-06
2.36969e-06
2.36969e-06
2.36969e-06
2.36969e-06
2.36969e-06
2.36969e-06
2.36969e-06
2.36969e-06
2.36969e-06
2.36969e-06
2.36969e-06
2.36969e-06
2.36969e-06
2.36969e-06
2.36969e-06
2.36969e-06
2.36969e-06
2.36969e-06
2.36969e-06
2.36969e-06
2.36969e-06
2.36969e-06
2.36969e-06
2.36969e-06
2.36969e-06
2.36969e-06
2.36969e-06
2.36969e-06
2.36969e-06
2.36969e-06
2.36969e-06
2.36969e-06
2.36969e-06
2.36969e-06
2.36969e-06
2.36969e-06
2.36969e-06
2.36969e-06
2.36969e-06
2.36969e-06
2.36969e-06
2.36969e-06
2.36969e-06
2.36969e-06
2.36969e-06
2.36969e-06
2.36969e-06
2.36969e-06
2.36969e-06
2.36969e-06
2.36969e-06
2.36969e-06
2.36969e-06
2.36969e-06
2.36969e-06
2.36969e-06
2.36969e-06
2.36969e-06
2.36969e-06
2.36969e-06
2.36969e-06
2.36969e-06
2.36969e-06
2.36969e-06
2.36969e-06
2.36969e-06
2.36969e-06
2.36969e-06
2.36969e-06
2.36969e-06
2.36969e-06
2.36969e-06
2.36969e-06
2.36969e-06
2.36969e-06
2.36969e-06
2.36969e-06
2.36969e-06
2.36969e-06
2.36969e-06
2.36969e-06
2.36969e-06
2.36969e-06
2.36969e-06
2.36969e-06
2.36969e-06
2.36969e-06
2.36969e-06
2.36969e-06
2.36969e-06
2.36969e-06
2.36969e-06
2.36969e-06
2.36969e-06
2.36969e-06
2.36969e-06
2.36969e-06
2.36969e-06
2.36969e-06
2.36969e-06
2.36969e-06
2.36969e-06
2.36969e-06
2.36969e-06
2.36969e-06
2.36969e-06
2.36969e-06
2.36969e-06
2.36969e-06
2.36969e-06
2.36969e-06
2.36969e-06
2.36969e-06
2.36969e-06
2.36969e-06
2.36969e-06
2.36969e-06
2.36969e-06
2.36969e-06
2.36969e-06
2.36969e-06
2.36969e-06
2.36969e-06
2.36969e-06
2.36969e-06
2.36969e-06
2.36969e-06
2.36969e-06
2.36969e-06
2.36969e-06
2.36969e-06
2.36969e-06
2.36969e-06
2.36969e-06
2.36969e-06
2.36969e-06
2.36969e-06
2.36969e-06
2.36969e-06
2.36969e-06
2.36969e-06
2.36969e-06
2.36969e-06
2.36969e-06
2.36969e-06
2.36969e-06
2.36969e-06
2.36969e-06
2.36969e-06
2.36969e-06
2.36969e-06
2.36969e-06
2.36969e-06
2.36969e-06
2.36969e-06
2.36969e-06
2.36969e-06
2.36969e-06
2.36969e-06
2.36969e-06
2.36969e-06
2.36969e-06
2.36969e-06
2.36969e-06
2.36969e-06
2.36969e-06
2.36969e-06
2.36969e-06
2.36969e-06
2.36969e-06
2.36969e-06
2.36969e-06
2.36969e-06
2.36969e-06
2.36969e-06
2.36969e-06
2.36969e-06
2.36969e-06
2.36969e-06
2.36969e-06
2.36969e-06
2.36969e-06
2.36969e-06
2.36969e-06
2.36969e-06
2.36969e-06
2.36969e-06
2.36969e-06
2.36969e-06
2.36969e-06
2.36969e-06
2.36969e-06
2.36969e-06
2.36969e-06
2.36969e-06
2.36969e-06
2.36969e-06
2.36969e-06
2.36969e-06
2.36969e-06
2.36969e-06
2.36969e-06
2.36969e-06
2.36969e-06
2.36969e-06
2.36969e-06
2.36969e-06
2.36969e-06
2.36969e-06
2.36969e-06
2.36969e-06
2.36969e-06
2.36969e-06
2.36969e-06
2.36969e-06
2.36969e-06
2.36969e-06
2.36969e-06
2.36969e-06
2.36969e-06
2.36969e-06
2.36969e-06
2.36969e-06
2.36969e-06
2.36969e-06
2.36969e-06
2.36969e-06
2.36969e-06
2.36969e-06
2.36969e-06
2.36969e-06
2.36969e-06
2.36969e-06
2.36969e-06
2.36969e-06
2.36969e-06
2.36969e-06
2.36969e-06
2.36969e-06
2.36969e-06
2.36969e-06
2.36969e-06
2.36969e-06
2.36969e-06
2.36969e-06
2.36969e-06
2.36969e-06
2.36969e-06
2.36969e-06
2.36969e-06
)
;
    }
    topWall
    {
        type            calculated;
        value           nonuniform List<scalar> 
300
(
-2.36969e-06
-2.36969e-06
-2.36969e-06
-2.36969e-06
-2.36969e-06
-2.36969e-06
-2.36969e-06
-2.36969e-06
-2.36969e-06
-2.36969e-06
-2.36969e-06
-2.36969e-06
-2.36969e-06
-2.36969e-06
-2.36969e-06
-2.36969e-06
-2.36969e-06
-2.36969e-06
-2.36969e-06
-2.36969e-06
-2.36969e-06
-2.36969e-06
-2.36969e-06
-2.36969e-06
-2.36969e-06
-2.36969e-06
-2.36969e-06
-2.36969e-06
-2.36969e-06
-2.36969e-06
-2.36969e-06
-2.36969e-06
-2.36969e-06
-2.36969e-06
-2.36969e-06
-2.36969e-06
-2.36969e-06
-2.36969e-06
-2.36969e-06
-2.36969e-06
-2.36969e-06
-2.36969e-06
-2.36969e-06
-2.36969e-06
-2.36969e-06
-2.36969e-06
-2.36969e-06
-2.36969e-06
-2.36969e-06
-2.36969e-06
-2.36969e-06
-2.36969e-06
-2.36969e-06
-2.36969e-06
-2.36969e-06
-2.36969e-06
-2.36969e-06
-2.36969e-06
-2.36969e-06
-2.36969e-06
-2.36969e-06
-2.36969e-06
-2.36969e-06
-2.36969e-06
-2.36969e-06
-2.36969e-06
-2.36969e-06
-2.36969e-06
-2.36969e-06
-2.36969e-06
-2.36969e-06
-2.36969e-06
-2.36969e-06
-2.36969e-06
-2.36969e-06
-2.36969e-06
-2.36969e-06
-2.36969e-06
-2.36969e-06
-2.36969e-06
-2.36969e-06
-2.36969e-06
-2.36969e-06
-2.36969e-06
-2.36969e-06
-2.36969e-06
-2.36969e-06
-2.36969e-06
-2.36969e-06
-2.36969e-06
-2.36969e-06
-2.36969e-06
-2.36969e-06
-2.36969e-06
-2.36969e-06
-2.36969e-06
-2.36969e-06
-2.36969e-06
-2.36969e-06
-2.36969e-06
-2.36969e-06
-2.36969e-06
-2.36969e-06
-2.36969e-06
-2.36969e-06
-2.36969e-06
-2.36969e-06
-2.36969e-06
-2.36969e-06
-2.36969e-06
-2.36969e-06
-2.36969e-06
-2.36969e-06
-2.36969e-06
-2.36969e-06
-2.36969e-06
-2.36969e-06
-2.36969e-06
-2.36969e-06
-2.36969e-06
-2.36969e-06
-2.36969e-06
-2.36969e-06
-2.36969e-06
-2.36969e-06
-2.36969e-06
-2.36969e-06
-2.36969e-06
-2.36969e-06
-2.36969e-06
-2.36969e-06
-2.36969e-06
-2.36969e-06
-2.36969e-06
-2.36969e-06
-2.36969e-06
-2.36969e-06
-2.36969e-06
-2.36969e-06
-2.36969e-06
-2.36969e-06
-2.36969e-06
-2.36969e-06
-2.36969e-06
-2.36969e-06
-2.36969e-06
-2.36969e-06
-2.36969e-06
-2.36969e-06
-2.36969e-06
-2.36969e-06
-2.36969e-06
-2.36969e-06
-2.36969e-06
-2.36969e-06
-2.36969e-06
-2.36969e-06
-2.36969e-06
-2.36969e-06
-2.36969e-06
-2.36969e-06
-2.36969e-06
-2.36969e-06
-2.36969e-06
-2.36969e-06
-2.36969e-06
-2.36969e-06
-2.36969e-06
-2.36969e-06
-2.36969e-06
-2.36969e-06
-2.36969e-06
-2.36969e-06
-2.36969e-06
-2.36969e-06
-2.36969e-06
-2.36969e-06
-2.36969e-06
-2.36969e-06
-2.36969e-06
-2.36969e-06
-2.36969e-06
-2.36969e-06
-2.36969e-06
-2.36969e-06
-2.36969e-06
-2.36969e-06
-2.36969e-06
-2.36969e-06
-2.36969e-06
-2.36969e-06
-2.36969e-06
-2.36969e-06
-2.36969e-06
-2.36969e-06
-2.36969e-06
-2.36969e-06
-2.36969e-06
-2.36969e-06
-2.36969e-06
-2.36969e-06
-2.36969e-06
-2.36969e-06
-2.36969e-06
-2.36969e-06
-2.36969e-06
-2.36969e-06
-2.36969e-06
-2.36969e-06
-2.36969e-06
-2.36969e-06
-2.36969e-06
-2.36969e-06
-2.36969e-06
-2.36969e-06
-2.36969e-06
-2.36969e-06
-2.36969e-06
-2.36969e-06
-2.36969e-06
-2.36969e-06
-2.36969e-06
-2.36969e-06
-2.36969e-06
-2.36969e-06
-2.36969e-06
-2.36969e-06
-2.36969e-06
-2.36969e-06
-2.36969e-06
-2.36969e-06
-2.36969e-06
-2.36969e-06
-2.36969e-06
-2.36969e-06
-2.36969e-06
-2.36969e-06
-2.36969e-06
-2.36969e-06
-2.36969e-06
-2.36969e-06
-2.36969e-06
-2.36969e-06
-2.36969e-06
-2.36969e-06
-2.36969e-06
-2.36969e-06
-2.36969e-06
-2.36969e-06
-2.36969e-06
-2.36969e-06
-2.36969e-06
-2.36969e-06
-2.36969e-06
-2.36969e-06
-2.36969e-06
-2.36969e-06
-2.36969e-06
-2.36969e-06
-2.36969e-06
-2.36969e-06
-2.36969e-06
-2.36969e-06
-2.36969e-06
-2.36969e-06
-2.36969e-06
-2.36969e-06
-2.36969e-06
-2.36969e-06
-2.36969e-06
-2.36969e-06
-2.36969e-06
-2.36969e-06
-2.36969e-06
-2.36969e-06
-2.36969e-06
-2.36969e-06
-2.36969e-06
-2.36969e-06
-2.36969e-06
-2.36969e-06
-2.36969e-06
-2.36969e-06
-2.36969e-06
-2.36969e-06
-2.36969e-06
-2.36969e-06
-2.36969e-06
-2.36969e-06
-2.36969e-06
-2.36969e-06
-2.36969e-06
-2.36969e-06
-2.36969e-06
-2.36969e-06
-2.36969e-06
-2.36969e-06
-2.36969e-06
-2.36969e-06
-2.36969e-06
)
;
    }
}


// ************************************************************************* //
