/*--------------------------------*- C++ -*----------------------------------*\
| =========                 |                                                 |
| \\      /  F ield         | foam-extend: Open Source CFD                    |
|  \\    /   O peration     | Version:     3.2                                |
|   \\  /    A nd           | Web:         http://www.foam-extend.org         |
|    \\/     M anipulation  | For copyright notice see file Copyright         |
\*---------------------------------------------------------------------------*/
FoamFile
{
    version     2.0;
    format      ascii;
    class       volVectorField;
    location    "2000";
    object      meshCentreN;
}
// * * * * * * * * * * * * * * * * * * * * * * * * * * * * * * * * * * * * * //

dimensions      [0 1 0 0 0 0 0];

internalField   nonuniform List<vector> 
2400
(
(0.025 0.01 0.00175)
(0.075 0.01 0.0015)
(0.125 0.01 0.00125)
(0.175 0.01 0.001)
(0.225 0.01 0.00075)
(0.275 0.01 0.0005)
(0.325 0.01 0.00025)
(0.375 0.01 -1.98179e-20)
(0.425 0.01 -0.00025)
(0.475 0.01 -0.0005)
(0.525 0.01 -0.00075)
(0.575 0.01 -0.001)
(0.625 0.01 -0.00125)
(0.675 0.01 -0.0015)
(0.725 0.01 -0.00175)
(0.775 0.01 -0.002)
(0.825 0.01 -0.00225)
(0.875 0.01 -0.0025)
(0.925 0.01 -0.00275)
(0.975 0.01 -0.003)
(1.025 0.01 -0.00325)
(1.075 0.01 -0.0035)
(1.125 0.01 -0.00375)
(1.175 0.01 -0.004)
(1.225 0.01 -0.00425)
(1.275 0.01 -0.0045)
(1.325 0.01 -0.00475)
(1.375 0.01 -0.005)
(1.425 0.01 -0.00525)
(1.475 0.01 -0.0055)
(1.525 0.01 -0.00575)
(1.575 0.01 -0.006)
(1.625 0.01 -0.00625)
(1.675 0.01 -0.0065)
(1.725 0.01 -0.00675)
(1.775 0.01 -0.007)
(1.825 0.01 -0.00725)
(1.875 0.01 -0.0075)
(1.925 0.01 -0.00775)
(1.975 0.01 -0.008)
(2.025 0.01 -0.00825)
(2.075 0.01 -0.0085)
(2.125 0.01 -0.00875)
(2.175 0.01 -0.009)
(2.225 0.01 -0.00925)
(2.275 0.01 -0.0095)
(2.325 0.01 -0.00975)
(2.375 0.01 -0.01)
(2.425 0.01 -0.01025)
(2.475 0.01 -0.0105)
(2.525 0.01 -0.01075)
(2.575 0.01 -0.011)
(2.625 0.01 -0.01125)
(2.675 0.01 -0.0115)
(2.725 0.01 -0.01175)
(2.775 0.01 -0.012)
(2.825 0.01 -0.01225)
(2.875 0.01 -0.0125003)
(2.92502 0.01 -0.0127465)
(2.97497 0.01 -0.0119038)
(3.02499 0.01 -0.0104555)
(3.07502 0.01 -0.0105167)
(3.12499 0.01 -0.0111636)
(3.175 0.01 -0.0114142)
(3.225 0.01 -0.011682)
(3.275 0.01 -0.0119398)
(3.325 0.01 -0.0122103)
(3.375 0.01 -0.0124785)
(3.425 0.01 -0.0127483)
(3.475 0.01 -0.0130176)
(3.525 0.01 -0.0132865)
(3.575 0.01 -0.0135543)
(3.625 0.01 -0.0138205)
(3.675 0.01 -0.0140853)
(3.725 0.01 -0.0143488)
(3.775 0.01 -0.0146108)
(3.825 0.01 -0.0148714)
(3.875 0.01 -0.0151306)
(3.925 0.01 -0.0153885)
(3.975 0.01 -0.0156452)
(4.025 0.01 -0.0159009)
(4.075 0.01 -0.0161556)
(4.125 0.01 -0.0164095)
(4.175 0.01 -0.0166626)
(4.225 0.01 -0.0169151)
(4.275 0.01 -0.0171671)
(4.325 0.01 -0.0174186)
(4.375 0.01 -0.0176697)
(4.425 0.01 -0.0179206)
(4.475 0.01 -0.0181713)
(4.525 0.01 -0.0184218)
(4.575 0.01 -0.0186722)
(4.625 0.01 -0.0189223)
(4.675 0.01 -0.0191725)
(4.725 0.01 -0.0194225)
(4.775 0.01 -0.0196725)
(4.825 0.01 -0.0199225)
(4.875 0.01 -0.0201724)
(4.925 0.01 -0.0204224)
(4.975 0.01 -0.0206725)
(5.025 0.01 -0.0209223)
(5.075 0.01 -0.0211723)
(5.125 0.01 -0.0214222)
(5.175 0.01 -0.0216722)
(5.225 0.01 -0.0219223)
(5.275 0.01 -0.0221722)
(5.325 0.01 -0.0224221)
(5.375 0.01 -0.0226721)
(5.425 0.01 -0.0229222)
(5.475 0.01 -0.0231722)
(5.525 0.01 -0.0234221)
(5.575 0.01 -0.0236721)
(5.625 0.01 -0.0239221)
(5.675 0.01 -0.0241722)
(5.725 0.01 -0.0244222)
(5.775 0.01 -0.0246722)
(5.825 0.01 -0.0249222)
(5.875 0.01 -0.0251722)
(5.925 0.01 -0.0254222)
(5.975 0.01 -0.0256723)
(6.025 0.01 -0.0259222)
(6.075 0.01 -0.0261722)
(6.125 0.01 -0.0264222)
(6.175 0.01 -0.0266723)
(6.225 0.01 -0.0269223)
(6.275 0.01 -0.0271723)
(6.325 0.01 -0.0274222)
(6.375 0.01 -0.0276723)
(6.425 0.01 -0.0279223)
(6.475 0.01 -0.0281724)
(6.525 0.01 -0.0284223)
(6.575 0.01 -0.0286724)
(6.625 0.01 -0.0289223)
(6.675 0.01 -0.0291724)
(6.725 0.01 -0.0294224)
(6.775 0.01 -0.0296724)
(6.825 0.01 -0.0299223)
(6.875 0.01 -0.0301724)
(6.925 0.01 -0.0304221)
(6.975 0.01 -0.0306722)
(7.025 0.01 -0.030922)
(7.075 0.01 -0.0311722)
(7.125 0.01 -0.031422)
(7.175 0.01 -0.031672)
(7.225 0.01 -0.0319218)
(7.275 0.01 -0.032172)
(7.325 0.01 -0.0324218)
(7.375 0.01 -0.0326719)
(7.425 0.01 -0.0329216)
(7.475 0.01 -0.0331717)
(7.525 0.01 -0.0334214)
(7.575 0.01 -0.0336716)
(7.625 0.01 -0.0339213)
(7.675 0.01 -0.0341714)
(7.725 0.01 -0.034421)
(7.775 0.01 -0.0346712)
(7.825 0.01 -0.0349207)
(7.875 0.01 -0.0351708)
(7.925 0.01 -0.0354204)
(7.975 0.01 -0.0356706)
(8.025 0.01 -0.0359201)
(8.075 0.01 -0.0361702)
(8.125 0.01 -0.0364197)
(8.175 0.01 -0.0366699)
(8.225 0.01 -0.0369194)
(8.275 0.01 -0.0371696)
(8.325 0.01 -0.0374191)
(8.375 0.01 -0.0376692)
(8.425 0.01 -0.0379187)
(8.475 0.01 -0.0381688)
(8.525 0.01 -0.0384183)
(8.575 0.01 -0.0386683)
(8.625 0.01 -0.0389178)
(8.675 0.01 -0.0391678)
(8.725 0.01 -0.0394174)
(8.775 0.01 -0.0396675)
(8.825 0.01 -0.0399171)
(8.875 0.01 -0.0401671)
(8.925 0.01 -0.0404167)
(8.975 0.01 -0.0406667)
(9.025 0.01 -0.0409164)
(9.075 0.01 -0.0411663)
(9.125 0.01 -0.0414161)
(9.175 0.01 -0.0416661)
(9.225 0.01 -0.0419159)
(9.275 0.01 -0.0421658)
(9.325 0.01 -0.0424157)
(9.375 0.01 -0.0426656)
(9.425 0.01 -0.0429155)
(9.475 0.01 -0.0431654)
(9.525 0.01 -0.0434154)
(9.575 0.01 -0.0436652)
(9.625 0.01 -0.0439152)
(9.675 0.01 -0.0441651)
(9.725 0.01 -0.0444151)
(9.775 0.01 -0.044665)
(9.825 0.01 -0.0449151)
(9.875 0.01 -0.045165)
(9.925 0.01 -0.0454152)
(9.975 0.01 -0.045665)
(10.025 0.01 -0.0459153)
(10.075 0.01 -0.0461651)
(10.125 0.01 -0.0464153)
(10.175 0.01 -0.0466651)
(10.225 0.01 -0.0469154)
(10.275 0.01 -0.0471651)
(10.325 0.01 -0.0474155)
(10.375 0.01 -0.0476653)
(10.425 0.01 -0.0479156)
(10.475 0.01 -0.0481654)
(10.525 0.01 -0.0484157)
(10.575 0.01 -0.0486655)
(10.625 0.01 -0.0489159)
(10.675 0.01 -0.0491657)
(10.725 0.01 -0.049416)
(10.775 0.01 -0.0496659)
(10.825 0.01 -0.0499163)
(10.875 0.01 -0.0501661)
(10.925 0.01 -0.0504165)
(10.975 0.01 -0.0506664)
(11.025 0.01 -0.0509168)
(11.075 0.01 -0.0511667)
(11.125 0.01 -0.0514171)
(11.175 0.01 -0.0516669)
(11.225 0.01 -0.0519173)
(11.275 0.01 -0.0521673)
(11.325 0.01 -0.0524176)
(11.375 0.01 -0.0526676)
(11.425 0.01 -0.052918)
(11.475 0.01 -0.0531679)
(11.525 0.01 -0.0534182)
(11.575 0.01 -0.0536682)
(11.625 0.01 -0.0539185)
(11.675 0.01 -0.0541686)
(11.725 0.01 -0.0544189)
(11.775 0.01 -0.0546689)
(11.825 0.01 -0.0549192)
(11.875 0.01 -0.0551692)
(11.925 0.01 -0.0554194)
(11.975 0.01 -0.0556695)
(12.025 0.01 -0.0559198)
(12.075 0.01 -0.0561698)
(12.125 0.01 -0.05642)
(12.175 0.01 -0.05667)
(12.225 0.01 -0.0569202)
(12.275 0.01 -0.0571701)
(12.325 0.01 -0.0574203)
(12.375 0.01 -0.0576704)
(12.425 0.01 -0.0579205)
(12.475 0.01 -0.0581706)
(12.525 0.01 -0.0584208)
(12.575 0.01 -0.0586709)
(12.625 0.01 -0.058921)
(12.675 0.01 -0.0591711)
(12.725 0.01 -0.0594211)
(12.775 0.01 -0.0596711)
(12.825 0.01 -0.0599212)
(12.875 0.01 -0.0601713)
(12.925 0.01 -0.0604214)
(12.975 0.01 -0.0606714)
(13.025 0.01 -0.0609215)
(13.075 0.01 -0.0611715)
(13.125 0.01 -0.0614215)
(13.175 0.01 -0.0616716)
(13.225 0.01 -0.0619217)
(13.275 0.01 -0.0621717)
(13.325 0.01 -0.0624218)
(13.375 0.01 -0.0626718)
(13.425 0.01 -0.0629218)
(13.475 0.01 -0.0631718)
(13.525 0.01 -0.0634218)
(13.575 0.01 -0.0636718)
(13.625 0.01 -0.0639218)
(13.675 0.01 -0.0641719)
(13.725 0.01 -0.0644219)
(13.775 0.01 -0.0646719)
(13.825 0.01 -0.0649218)
(13.875 0.01 -0.0651717)
(13.925 0.01 -0.0654217)
(13.975 0.01 -0.0656717)
(14.025 0.01 -0.0659217)
(14.075 0.01 -0.0661719)
(14.125 0.01 -0.066422)
(14.175 0.01 -0.0666717)
(14.225 0.01 -0.0669223)
(14.275 0.01 -0.0671706)
(14.325 0.01 -0.0674207)
(14.375 0.01 -0.0676737)
(14.425 0.01 -0.0679236)
(14.475 0.01 -0.0681731)
(14.525 0.01 -0.0684217)
(14.575 0.01 -0.0686713)
(14.625 0.01 -0.0689125)
(14.675 0.01 -0.0691966)
(14.725 0.01 -0.0694135)
(14.775 0.01 -0.0697765)
(14.825 0.01 -0.0712307)
(14.875 0.01 -0.0724963)
(14.925 0.01 -0.0727503)
(14.975 0.01 -0.073)
(0.025 0.01 0.0055)
(0.075 0.01 0.00525)
(0.125 0.01 0.005)
(0.175 0.01 0.00475)
(0.225 0.01 0.0045)
(0.275 0.01 0.00425)
(0.325 0.01 0.004)
(0.375 0.01 0.00375)
(0.425 0.01 0.0035)
(0.475 0.01 0.00325)
(0.525 0.01 0.003)
(0.575 0.01 0.00275)
(0.625 0.01 0.0025)
(0.675 0.01 0.00225)
(0.725 0.01 0.002)
(0.775 0.01 0.00175)
(0.825 0.01 0.0015)
(0.875 0.01 0.00125)
(0.925 0.01 0.001)
(0.975 0.01 0.00075)
(1.025 0.01 0.0005)
(1.075 0.01 0.00025)
(1.125 0.01 -2.49877e-20)
(1.175 0.01 -0.00025)
(1.225 0.01 -0.0005)
(1.275 0.01 -0.00075)
(1.325 0.01 -0.001)
(1.375 0.01 -0.00125)
(1.425 0.01 -0.0015)
(1.475 0.01 -0.00175)
(1.525 0.01 -0.002)
(1.575 0.01 -0.00225)
(1.625 0.01 -0.0025)
(1.675 0.01 -0.00275)
(1.725 0.01 -0.003)
(1.775 0.01 -0.00325)
(1.825 0.01 -0.0035)
(1.875 0.01 -0.00375)
(1.925 0.01 -0.004)
(1.975 0.01 -0.00425)
(2.025 0.01 -0.0045)
(2.075 0.01 -0.00475)
(2.125 0.01 -0.005)
(2.175 0.01 -0.00525)
(2.225 0.01 -0.0055)
(2.275 0.01 -0.00575)
(2.325 0.01 -0.006)
(2.375 0.01 -0.00625)
(2.425 0.01 -0.0065)
(2.475 0.01 -0.00675)
(2.525 0.01 -0.007)
(2.575 0.01 -0.00725)
(2.625 0.01 -0.0075)
(2.675 0.01 -0.00775)
(2.725 0.01 -0.008)
(2.775 0.01 -0.00825001)
(2.825 0.01 -0.00849992)
(2.875 0.01 -0.00875099)
(2.92503 0.01 -0.00898789)
(2.97493 0.01 -0.00815768)
(3.02496 0.01 -0.00673981)
(3.07505 0.01 -0.00679584)
(3.12499 0.01 -0.00743164)
(3.175 0.01 -0.00768627)
(3.225 0.01 -0.00795329)
(3.275 0.01 -0.00821125)
(3.325 0.01 -0.00848145)
(3.375 0.01 -0.00874955)
(3.425 0.01 -0.00901909)
(3.475 0.01 -0.00928821)
(3.525 0.01 -0.009557)
(3.575 0.01 -0.00982463)
(3.625 0.01 -0.0100906)
(3.675 0.01 -0.0103553)
(3.725 0.01 -0.0106186)
(3.775 0.01 -0.0108805)
(3.825 0.01 -0.011141)
(3.875 0.01 -0.0114002)
(3.925 0.01 -0.011658)
(3.975 0.01 -0.0119147)
(4.025 0.01 -0.0121703)
(4.075 0.01 -0.0124249)
(4.125 0.01 -0.0126788)
(4.175 0.01 -0.0129319)
(4.225 0.01 -0.0131843)
(4.275 0.01 -0.0134363)
(4.325 0.01 -0.0136879)
(4.375 0.01 -0.013939)
(4.425 0.01 -0.0141898)
(4.475 0.01 -0.0144405)
(4.525 0.01 -0.014691)
(4.575 0.01 -0.0149414)
(4.625 0.01 -0.0151915)
(4.675 0.01 -0.0154417)
(4.725 0.01 -0.0156917)
(4.775 0.01 -0.0159417)
(4.825 0.01 -0.0161917)
(4.875 0.01 -0.0164416)
(4.925 0.01 -0.0166916)
(4.975 0.01 -0.0169417)
(5.025 0.01 -0.0171915)
(5.075 0.01 -0.0174415)
(5.125 0.01 -0.0176914)
(5.175 0.01 -0.0179414)
(5.225 0.01 -0.0181915)
(5.275 0.01 -0.0184414)
(5.325 0.01 -0.0186913)
(5.375 0.01 -0.0189413)
(5.425 0.01 -0.0191914)
(5.475 0.01 -0.0194414)
(5.525 0.01 -0.0196913)
(5.575 0.01 -0.0199413)
(5.625 0.01 -0.0201913)
(5.675 0.01 -0.0204414)
(5.725 0.01 -0.0206914)
(5.775 0.01 -0.0209414)
(5.825 0.01 -0.0211914)
(5.875 0.01 -0.0214414)
(5.925 0.01 -0.0216914)
(5.975 0.01 -0.0219415)
(6.025 0.01 -0.0221914)
(6.075 0.01 -0.0224414)
(6.125 0.01 -0.0226914)
(6.175 0.01 -0.0229415)
(6.225 0.01 -0.0231915)
(6.275 0.01 -0.0234415)
(6.325 0.01 -0.0236915)
(6.375 0.01 -0.0239415)
(6.425 0.01 -0.0241915)
(6.475 0.01 -0.0244416)
(6.525 0.01 -0.0246915)
(6.575 0.01 -0.0249416)
(6.625 0.01 -0.0251915)
(6.675 0.01 -0.0254416)
(6.725 0.01 -0.0256916)
(6.775 0.01 -0.0259416)
(6.825 0.01 -0.0261915)
(6.875 0.01 -0.0264416)
(6.925 0.01 -0.0266914)
(6.975 0.01 -0.0269414)
(7.025 0.01 -0.0271913)
(7.075 0.01 -0.0274414)
(7.125 0.01 -0.0276912)
(7.175 0.01 -0.0279412)
(7.225 0.01 -0.028191)
(7.275 0.01 -0.0284412)
(7.325 0.01 -0.028691)
(7.375 0.01 -0.0289411)
(7.425 0.01 -0.0291908)
(7.475 0.01 -0.029441)
(7.525 0.01 -0.0296906)
(7.575 0.01 -0.0299408)
(7.625 0.01 -0.0301905)
(7.675 0.01 -0.0304406)
(7.725 0.01 -0.0306902)
(7.775 0.01 -0.0309404)
(7.825 0.01 -0.0311899)
(7.875 0.01 -0.0314401)
(7.925 0.01 -0.0316896)
(7.975 0.01 -0.0319398)
(8.025 0.01 -0.0321893)
(8.075 0.01 -0.0324394)
(8.125 0.01 -0.032689)
(8.175 0.01 -0.0329391)
(8.225 0.01 -0.0331887)
(8.275 0.01 -0.0334389)
(8.325 0.01 -0.0336883)
(8.375 0.01 -0.0339385)
(8.425 0.01 -0.034188)
(8.475 0.01 -0.034438)
(8.525 0.01 -0.0346875)
(8.575 0.01 -0.0349376)
(8.625 0.01 -0.035187)
(8.675 0.01 -0.0354371)
(8.725 0.01 -0.0356866)
(8.775 0.01 -0.0359367)
(8.825 0.01 -0.0361863)
(8.875 0.01 -0.0364363)
(8.925 0.01 -0.036686)
(8.975 0.01 -0.036936)
(9.025 0.01 -0.0371856)
(9.075 0.01 -0.0374356)
(9.125 0.01 -0.0376853)
(9.175 0.01 -0.0379353)
(9.225 0.01 -0.0381852)
(9.275 0.01 -0.0384351)
(9.325 0.01 -0.038685)
(9.375 0.01 -0.0389349)
(9.425 0.01 -0.0391848)
(9.475 0.01 -0.0394347)
(9.525 0.01 -0.0396846)
(9.575 0.01 -0.0399345)
(9.625 0.01 -0.0401845)
(9.675 0.01 -0.0404344)
(9.725 0.01 -0.0406844)
(9.775 0.01 -0.0409343)
(9.825 0.01 -0.0411844)
(9.875 0.01 -0.0414343)
(9.925 0.01 -0.0416845)
(9.975 0.01 -0.0419343)
(10.025 0.01 -0.0421845)
(10.075 0.01 -0.0424343)
(10.125 0.01 -0.0426845)
(10.175 0.01 -0.0429344)
(10.225 0.01 -0.0431847)
(10.275 0.01 -0.0434344)
(10.325 0.01 -0.0436847)
(10.375 0.01 -0.0439345)
(10.425 0.01 -0.0441848)
(10.475 0.01 -0.0444346)
(10.525 0.01 -0.044685)
(10.575 0.01 -0.0449348)
(10.625 0.01 -0.0451851)
(10.675 0.01 -0.045435)
(10.725 0.01 -0.0456853)
(10.775 0.01 -0.0459352)
(10.825 0.01 -0.0461856)
(10.875 0.01 -0.0464354)
(10.925 0.01 -0.0466858)
(10.975 0.01 -0.0469357)
(11.025 0.01 -0.047186)
(11.075 0.01 -0.0474359)
(11.125 0.01 -0.0476863)
(11.175 0.01 -0.0479362)
(11.225 0.01 -0.0481866)
(11.275 0.01 -0.0484365)
(11.325 0.01 -0.0486869)
(11.375 0.01 -0.0489368)
(11.425 0.01 -0.0491872)
(11.475 0.01 -0.0494371)
(11.525 0.01 -0.0496875)
(11.575 0.01 -0.0499375)
(11.625 0.01 -0.0501877)
(11.675 0.01 -0.0504378)
(11.725 0.01 -0.0506881)
(11.775 0.01 -0.0509381)
(11.825 0.01 -0.0511884)
(11.875 0.01 -0.0514385)
(11.925 0.01 -0.0516887)
(11.975 0.01 -0.0519387)
(12.025 0.01 -0.052189)
(12.075 0.01 -0.052439)
(12.125 0.01 -0.0526892)
(12.175 0.01 -0.0529392)
(12.225 0.01 -0.0531894)
(12.275 0.01 -0.0534394)
(12.325 0.01 -0.0536895)
(12.375 0.01 -0.0539396)
(12.425 0.01 -0.0541897)
(12.475 0.01 -0.0544399)
(12.525 0.01 -0.0546901)
(12.575 0.01 -0.0549401)
(12.625 0.01 -0.0551902)
(12.675 0.01 -0.0554403)
(12.725 0.01 -0.0556903)
(12.775 0.01 -0.0559403)
(12.825 0.01 -0.0561904)
(12.875 0.01 -0.0564405)
(12.925 0.01 -0.0566906)
(12.975 0.01 -0.0569406)
(13.025 0.01 -0.0571907)
(13.075 0.01 -0.0574407)
(13.125 0.01 -0.0576908)
(13.175 0.01 -0.0579408)
(13.225 0.01 -0.0581909)
(13.275 0.01 -0.0584409)
(13.325 0.01 -0.058691)
(13.375 0.01 -0.058941)
(13.425 0.01 -0.059191)
(13.475 0.01 -0.059441)
(13.525 0.01 -0.059691)
(13.575 0.01 -0.059941)
(13.625 0.01 -0.060191)
(13.675 0.01 -0.060441)
(13.725 0.01 -0.0606911)
(13.775 0.01 -0.0609411)
(13.825 0.01 -0.061191)
(13.875 0.01 -0.061441)
(13.925 0.01 -0.061691)
(13.975 0.01 -0.061941)
(14.025 0.01 -0.0621909)
(14.075 0.01 -0.0624411)
(14.125 0.01 -0.0626911)
(14.175 0.01 -0.0629409)
(14.225 0.01 -0.0631915)
(14.275 0.01 -0.0634398)
(14.325 0.01 -0.06369)
(14.375 0.01 -0.0639428)
(14.425 0.01 -0.0641928)
(14.475 0.01 -0.0644423)
(14.525 0.01 -0.0646909)
(14.575 0.01 -0.0649404)
(14.625 0.01 -0.0651822)
(14.675 0.01 -0.065465)
(14.725 0.01 -0.0656833)
(14.775 0.01 -0.066052)
(14.8251 0.01 -0.0674871)
(14.875 0.01 -0.0687376)
(14.925 0.01 -0.069001)
(14.975 0.01 -0.0692499)
(0.025 0.01 0.00925)
(0.075 0.01 0.009)
(0.125 0.01 0.00875)
(0.175 0.01 0.0085)
(0.225 0.01 0.00825)
(0.275 0.01 0.008)
(0.325 0.01 0.00775)
(0.375 0.01 0.0075)
(0.425 0.01 0.00725)
(0.475 0.01 0.007)
(0.525 0.01 0.00675)
(0.575 0.01 0.0065)
(0.625 0.01 0.00625)
(0.675 0.01 0.006)
(0.725 0.01 0.00575)
(0.775 0.01 0.0055)
(0.825 0.01 0.00525)
(0.875 0.01 0.005)
(0.925 0.01 0.00475)
(0.975 0.01 0.0045)
(1.025 0.01 0.00425)
(1.075 0.01 0.004)
(1.125 0.01 0.00375)
(1.175 0.01 0.0035)
(1.225 0.01 0.00325)
(1.275 0.01 0.003)
(1.325 0.01 0.00275)
(1.375 0.01 0.0025)
(1.425 0.01 0.00225)
(1.475 0.01 0.002)
(1.525 0.01 0.00175)
(1.575 0.01 0.0015)
(1.625 0.01 0.00125)
(1.675 0.01 0.001)
(1.725 0.01 0.00075)
(1.775 0.01 0.0005)
(1.825 0.01 0.00025)
(1.875 0.01 2.98991e-19)
(1.925 0.01 -0.00025)
(1.975 0.01 -0.0005)
(2.025 0.01 -0.00075)
(2.075 0.01 -0.001)
(2.125 0.01 -0.00125)
(2.175 0.01 -0.0015)
(2.225 0.01 -0.00175)
(2.275 0.01 -0.002)
(2.325 0.01 -0.00225)
(2.375 0.01 -0.0025)
(2.425 0.01 -0.00275)
(2.475 0.01 -0.003)
(2.525 0.01 -0.00325)
(2.575 0.01 -0.0035)
(2.625 0.01 -0.00375)
(2.675 0.01 -0.004)
(2.725 0.01 -0.00425)
(2.775 0.01 -0.00450001)
(2.825 0.01 -0.00474984)
(2.875 0.01 -0.00500188)
(2.92503 0.01 -0.00522774)
(2.97487 0.01 -0.00443229)
(3.02492 0.01 -0.00308202)
(3.07507 0.01 -0.00313544)
(3.12499 0.01 -0.0037503)
(3.175 0.01 -0.00400944)
(3.225 0.01 -0.00427522)
(3.275 0.01 -0.0045332)
(3.325 0.01 -0.0048026)
(3.375 0.01 -0.00507018)
(3.425 0.01 -0.00533908)
(3.475 0.01 -0.0056076)
(3.525 0.01 -0.00587579)
(3.575 0.01 -0.00614286)
(3.625 0.01 -0.00640837)
(3.675 0.01 -0.00667259)
(3.725 0.01 -0.00693549)
(3.775 0.01 -0.00719702)
(3.825 0.01 -0.00745719)
(3.875 0.01 -0.00771604)
(3.925 0.01 -0.0079736)
(3.975 0.01 -0.00823011)
(4.025 0.01 -0.00848559)
(4.075 0.01 -0.00874006)
(4.125 0.01 -0.00899378)
(4.175 0.01 -0.00924681)
(4.225 0.01 -0.00949916)
(4.275 0.01 -0.00975109)
(4.325 0.01 -0.0100026)
(4.375 0.01 -0.0102536)
(4.425 0.01 -0.0105045)
(4.475 0.01 -0.0107551)
(4.525 0.01 -0.0110056)
(4.575 0.01 -0.011256)
(4.625 0.01 -0.0115061)
(4.675 0.01 -0.0117563)
(4.725 0.01 -0.0120063)
(4.775 0.01 -0.0122563)
(4.825 0.01 -0.0125063)
(4.875 0.01 -0.0127562)
(4.925 0.01 -0.0130062)
(4.975 0.01 -0.0132563)
(5.025 0.01 -0.0135061)
(5.075 0.01 -0.0137561)
(5.125 0.01 -0.0140061)
(5.175 0.01 -0.0142561)
(5.225 0.01 -0.0145061)
(5.275 0.01 -0.014756)
(5.325 0.01 -0.015006)
(5.375 0.01 -0.0152559)
(5.425 0.01 -0.015506)
(5.475 0.01 -0.015756)
(5.525 0.01 -0.0160059)
(5.575 0.01 -0.0162559)
(5.625 0.01 -0.0165059)
(5.675 0.01 -0.016756)
(5.725 0.01 -0.017006)
(5.775 0.01 -0.017256)
(5.825 0.01 -0.017506)
(5.875 0.01 -0.017756)
(5.925 0.01 -0.018006)
(5.975 0.01 -0.0182561)
(6.025 0.01 -0.018506)
(6.075 0.01 -0.018756)
(6.125 0.01 -0.019006)
(6.175 0.01 -0.0192561)
(6.225 0.01 -0.0195061)
(6.275 0.01 -0.0197561)
(6.325 0.01 -0.0200061)
(6.375 0.01 -0.0202561)
(6.425 0.01 -0.0205061)
(6.475 0.01 -0.0207562)
(6.525 0.01 -0.0210061)
(6.575 0.01 -0.0212562)
(6.625 0.01 -0.0215061)
(6.675 0.01 -0.0217562)
(6.725 0.01 -0.0220062)
(6.775 0.01 -0.0222562)
(6.825 0.01 -0.0225061)
(6.875 0.01 -0.0227562)
(6.925 0.01 -0.023006)
(6.975 0.01 -0.023256)
(7.025 0.01 -0.0235059)
(7.075 0.01 -0.023756)
(7.125 0.01 -0.0240058)
(7.175 0.01 -0.0242559)
(7.225 0.01 -0.0245057)
(7.275 0.01 -0.0247558)
(7.325 0.01 -0.0250056)
(7.375 0.01 -0.0252557)
(7.425 0.01 -0.0255054)
(7.475 0.01 -0.0257556)
(7.525 0.01 -0.0260053)
(7.575 0.01 -0.0262555)
(7.625 0.01 -0.0265051)
(7.675 0.01 -0.0267552)
(7.725 0.01 -0.0270049)
(7.775 0.01 -0.027255)
(7.825 0.01 -0.0275046)
(7.875 0.01 -0.0277547)
(7.925 0.01 -0.0280043)
(7.975 0.01 -0.0282544)
(8.025 0.01 -0.028504)
(8.075 0.01 -0.0287541)
(8.125 0.01 -0.0290036)
(8.175 0.01 -0.0292538)
(8.225 0.01 -0.0295034)
(8.275 0.01 -0.0297535)
(8.325 0.01 -0.030003)
(8.375 0.01 -0.0302532)
(8.425 0.01 -0.0305027)
(8.475 0.01 -0.0307527)
(8.525 0.01 -0.0310022)
(8.575 0.01 -0.0312523)
(8.625 0.01 -0.0315018)
(8.675 0.01 -0.0317518)
(8.725 0.01 -0.0320014)
(8.775 0.01 -0.0322515)
(8.825 0.01 -0.0325011)
(8.875 0.01 -0.0327511)
(8.925 0.01 -0.0330008)
(8.975 0.01 -0.0332508)
(9.025 0.01 -0.0335004)
(9.075 0.01 -0.0337504)
(9.125 0.01 -0.0340001)
(9.175 0.01 -0.0342501)
(9.225 0.01 -0.0345)
(9.275 0.01 -0.0347499)
(9.325 0.01 -0.0349998)
(9.375 0.01 -0.0352497)
(9.425 0.01 -0.0354996)
(9.475 0.01 -0.0357495)
(9.525 0.01 -0.0359995)
(9.575 0.01 -0.0362493)
(9.625 0.01 -0.0364993)
(9.675 0.01 -0.0367492)
(9.725 0.01 -0.0369992)
(9.775 0.01 -0.0372491)
(9.825 0.01 -0.0374992)
(9.875 0.01 -0.0377491)
(9.925 0.01 -0.0379993)
(9.975 0.01 -0.0382491)
(10.025 0.01 -0.0384993)
(10.075 0.01 -0.0387492)
(10.125 0.01 -0.0389994)
(10.175 0.01 -0.0392492)
(10.225 0.01 -0.0394995)
(10.275 0.01 -0.0397492)
(10.325 0.01 -0.0399995)
(10.375 0.01 -0.0402494)
(10.425 0.01 -0.0404996)
(10.475 0.01 -0.0407495)
(10.525 0.01 -0.0409998)
(10.575 0.01 -0.0412496)
(10.625 0.01 -0.0414999)
(10.675 0.01 -0.0417498)
(10.725 0.01 -0.0420001)
(10.775 0.01 -0.04225)
(10.825 0.01 -0.0425003)
(10.875 0.01 -0.0427502)
(10.925 0.01 -0.0430006)
(10.975 0.01 -0.0432505)
(11.025 0.01 -0.0435008)
(11.075 0.01 -0.0437507)
(11.125 0.01 -0.0440011)
(11.175 0.01 -0.044251)
(11.225 0.01 -0.0445013)
(11.275 0.01 -0.0447513)
(11.325 0.01 -0.0450016)
(11.375 0.01 -0.0452516)
(11.425 0.01 -0.0455019)
(11.475 0.01 -0.0457519)
(11.525 0.01 -0.0460022)
(11.575 0.01 -0.0462522)
(11.625 0.01 -0.0465025)
(11.675 0.01 -0.0467525)
(11.725 0.01 -0.0470028)
(11.775 0.01 -0.0472528)
(11.825 0.01 -0.0475031)
(11.875 0.01 -0.0477532)
(11.925 0.01 -0.0480034)
(11.975 0.01 -0.0482534)
(12.025 0.01 -0.0485037)
(12.075 0.01 -0.0487537)
(12.125 0.01 -0.0490038)
(12.175 0.01 -0.0492539)
(12.225 0.01 -0.0495041)
(12.275 0.01 -0.0497541)
(12.325 0.01 -0.0500042)
(12.375 0.01 -0.0502543)
(12.425 0.01 -0.0505044)
(12.475 0.01 -0.0507545)
(12.525 0.01 -0.0510047)
(12.575 0.01 -0.0512547)
(12.625 0.01 -0.0515049)
(12.675 0.01 -0.051755)
(12.725 0.01 -0.052005)
(12.775 0.01 -0.052255)
(12.825 0.01 -0.052505)
(12.875 0.01 -0.0527551)
(12.925 0.01 -0.0530052)
(12.975 0.01 -0.0532553)
(13.025 0.01 -0.0535054)
(13.075 0.01 -0.0537554)
(13.125 0.01 -0.0540055)
(13.175 0.01 -0.0542555)
(13.225 0.01 -0.0545055)
(13.275 0.01 -0.0547555)
(13.325 0.01 -0.0550055)
(13.375 0.01 -0.0552556)
(13.425 0.01 -0.0555056)
(13.475 0.01 -0.0557557)
(13.525 0.01 -0.0560058)
(13.575 0.01 -0.0562557)
(13.625 0.01 -0.0565056)
(13.675 0.01 -0.0567556)
(13.725 0.01 -0.0570056)
(13.775 0.01 -0.0572556)
(13.825 0.01 -0.0575056)
(13.875 0.01 -0.0577557)
(13.925 0.01 -0.0580058)
(13.975 0.01 -0.0582557)
(14.025 0.01 -0.0585055)
(14.075 0.01 -0.0587555)
(14.125 0.01 -0.0590056)
(14.175 0.01 -0.0592554)
(14.225 0.01 -0.059506)
(14.275 0.01 -0.0597545)
(14.325 0.01 -0.0600047)
(14.375 0.01 -0.0602574)
(14.425 0.01 -0.0605074)
(14.475 0.01 -0.0607569)
(14.525 0.01 -0.0610056)
(14.575 0.01 -0.0612549)
(14.625 0.01 -0.0614975)
(14.675 0.01 -0.0617782)
(14.725 0.01 -0.0619986)
(14.775 0.01 -0.0623723)
(14.8251 0.01 -0.0637631)
(14.875 0.01 -0.0649775)
(14.925 0.01 -0.0652519)
(14.975 0.01 -0.0654998)
(0.025 0.01 0.013)
(0.075 0.01 0.01275)
(0.125 0.01 0.0125)
(0.175 0.01 0.01225)
(0.225 0.01 0.012)
(0.275 0.01 0.01175)
(0.325 0.01 0.0115)
(0.375 0.01 0.01125)
(0.425 0.01 0.011)
(0.475 0.01 0.01075)
(0.525 0.01 0.0105)
(0.575 0.01 0.01025)
(0.625 0.01 0.01)
(0.675 0.01 0.00975)
(0.725 0.01 0.0095)
(0.775 0.01 0.00925)
(0.825 0.01 0.009)
(0.875 0.01 0.00875)
(0.925 0.01 0.0085)
(0.975 0.01 0.00825)
(1.025 0.01 0.008)
(1.075 0.01 0.00775)
(1.125 0.01 0.0075)
(1.175 0.01 0.00725)
(1.225 0.01 0.007)
(1.275 0.01 0.00675)
(1.325 0.01 0.0065)
(1.375 0.01 0.00625)
(1.425 0.01 0.006)
(1.475 0.01 0.00575)
(1.525 0.01 0.0055)
(1.575 0.01 0.00525)
(1.625 0.01 0.005)
(1.675 0.01 0.00475)
(1.725 0.01 0.0045)
(1.775 0.01 0.00425)
(1.825 0.01 0.004)
(1.875 0.01 0.00375)
(1.925 0.01 0.0035)
(1.975 0.01 0.00325)
(2.025 0.01 0.003)
(2.075 0.01 0.00275)
(2.125 0.01 0.0025)
(2.175 0.01 0.00225)
(2.225 0.01 0.002)
(2.275 0.01 0.00175)
(2.325 0.01 0.0015)
(2.375 0.01 0.00125)
(2.425 0.01 0.001)
(2.475 0.01 0.00075)
(2.525 0.01 0.0005)
(2.575 0.01 0.00025)
(2.625 0.01 1.26617e-11)
(2.675 0.01 -0.00025)
(2.725 0.01 -0.000499998)
(2.775 0.01 -0.00075002)
(2.825 0.01 -0.000999771)
(2.875 0.01 -0.00125265)
(2.92502 0.01 -0.00146909)
(2.97478 0.01 -0.000742565)
(3.02487 0.01 0.000488242)
(3.07511 0.01 0.000429439)
(3.12499 0.01 -0.000152353)
(3.17501 0.01 -0.000414988)
(3.225 0.01 -0.000679045)
(3.275 0.01 -0.000936742)
(3.325 0.01 -0.00120466)
(3.375 0.01 -0.00147108)
(3.425 0.01 -0.00173867)
(3.475 0.01 -0.00200593)
(3.525 0.01 -0.00227288)
(3.575 0.01 -0.00253878)
(3.625 0.01 -0.00280323)
(3.675 0.01 -0.00306649)
(3.725 0.01 -0.00332851)
(3.775 0.01 -0.00358926)
(3.825 0.01 -0.00384875)
(3.875 0.01 -0.00410699)
(3.925 0.01 -0.00436405)
(3.975 0.01 -0.00462012)
(4.025 0.01 -0.00487523)
(4.075 0.01 -0.00512939)
(4.125 0.01 -0.00538287)
(4.175 0.01 -0.0056357)
(4.225 0.01 -0.00588789)
(4.275 0.01 -0.00613968)
(4.325 0.01 -0.00639108)
(4.375 0.01 -0.00664207)
(4.425 0.01 -0.00689287)
(4.475 0.01 -0.00714346)
(4.525 0.01 -0.00739392)
(4.575 0.01 -0.00764425)
(4.625 0.01 -0.00789439)
(4.675 0.01 -0.00814451)
(4.725 0.01 -0.00839459)
(4.775 0.01 -0.00864454)
(4.825 0.01 -0.00889453)
(4.875 0.01 -0.0091445)
(4.925 0.01 -0.0093945)
(4.975 0.01 -0.0096445)
(5.025 0.01 -0.00989439)
(5.075 0.01 -0.0101444)
(5.125 0.01 -0.0103943)
(5.175 0.01 -0.0106443)
(5.225 0.01 -0.0108943)
(5.275 0.01 -0.0111443)
(5.325 0.01 -0.0113942)
(5.375 0.01 -0.0116442)
(5.425 0.01 -0.0118942)
(5.475 0.01 -0.0121443)
(5.525 0.01 -0.0123942)
(5.575 0.01 -0.0126442)
(5.625 0.01 -0.0128942)
(5.675 0.01 -0.0131442)
(5.725 0.01 -0.0133943)
(5.775 0.01 -0.0136442)
(5.825 0.01 -0.0138942)
(5.875 0.01 -0.0141442)
(5.925 0.01 -0.0143943)
(5.975 0.01 -0.0146443)
(6.025 0.01 -0.0148943)
(6.075 0.01 -0.0151443)
(6.125 0.01 -0.0153943)
(6.175 0.01 -0.0156443)
(6.225 0.01 -0.0158944)
(6.275 0.01 -0.0161444)
(6.325 0.01 -0.0163943)
(6.375 0.01 -0.0166444)
(6.425 0.01 -0.0168944)
(6.475 0.01 -0.0171445)
(6.525 0.01 -0.0173944)
(6.575 0.01 -0.0176444)
(6.625 0.01 -0.0178944)
(6.675 0.01 -0.0181445)
(6.725 0.01 -0.0183944)
(6.775 0.01 -0.0186444)
(6.825 0.01 -0.0188944)
(6.875 0.01 -0.0191444)
(6.925 0.01 -0.0193942)
(6.975 0.01 -0.0196443)
(7.025 0.01 -0.0198941)
(7.075 0.01 -0.0201442)
(7.125 0.01 -0.0203941)
(7.175 0.01 -0.0206441)
(7.225 0.01 -0.020894)
(7.275 0.01 -0.0211441)
(7.325 0.01 -0.0213939)
(7.375 0.01 -0.021644)
(7.425 0.01 -0.0218937)
(7.475 0.01 -0.0221439)
(7.525 0.01 -0.0223936)
(7.575 0.01 -0.0226438)
(7.625 0.01 -0.0228935)
(7.675 0.01 -0.0231436)
(7.725 0.01 -0.0233932)
(7.775 0.01 -0.0236434)
(7.825 0.01 -0.0238929)
(7.875 0.01 -0.0241431)
(7.925 0.01 -0.0243927)
(7.975 0.01 -0.0246428)
(8.025 0.01 -0.0248924)
(8.075 0.01 -0.0251425)
(8.125 0.01 -0.0253921)
(8.175 0.01 -0.0256422)
(8.225 0.01 -0.0258918)
(8.275 0.01 -0.026142)
(8.325 0.01 -0.0263915)
(8.375 0.01 -0.0266416)
(8.425 0.01 -0.0268912)
(8.475 0.01 -0.0271412)
(8.525 0.01 -0.0273908)
(8.575 0.01 -0.0276408)
(8.625 0.01 -0.0278903)
(8.675 0.01 -0.0281404)
(8.725 0.01 -0.02839)
(8.775 0.01 -0.02864)
(8.825 0.01 -0.0288897)
(8.875 0.01 -0.0291397)
(8.925 0.01 -0.0293894)
(8.975 0.01 -0.0296394)
(9.025 0.01 -0.0298891)
(9.075 0.01 -0.030139)
(9.125 0.01 -0.0303888)
(9.175 0.01 -0.0306388)
(9.225 0.01 -0.0308887)
(9.275 0.01 -0.0311386)
(9.325 0.01 -0.0313885)
(9.375 0.01 -0.0316384)
(9.425 0.01 -0.0318883)
(9.475 0.01 -0.0321382)
(9.525 0.01 -0.0323882)
(9.575 0.01 -0.032638)
(9.625 0.01 -0.032888)
(9.675 0.01 -0.033138)
(9.725 0.01 -0.0333879)
(9.775 0.01 -0.0336378)
(9.825 0.01 -0.0338879)
(9.875 0.01 -0.0341379)
(9.925 0.01 -0.034388)
(9.975 0.01 -0.0346378)
(10.025 0.01 -0.034888)
(10.075 0.01 -0.0351379)
(10.125 0.01 -0.0353881)
(10.175 0.01 -0.0356379)
(10.225 0.01 -0.0358882)
(10.275 0.01 -0.036138)
(10.325 0.01 -0.0363882)
(10.375 0.01 -0.0366381)
(10.425 0.01 -0.0368883)
(10.475 0.01 -0.0371382)
(10.525 0.01 -0.0373885)
(10.575 0.01 -0.0376383)
(10.625 0.01 -0.0378886)
(10.675 0.01 -0.0381385)
(10.725 0.01 -0.0383888)
(10.775 0.01 -0.0386387)
(10.825 0.01 -0.038889)
(10.875 0.01 -0.0391388)
(10.925 0.01 -0.0393892)
(10.975 0.01 -0.0396391)
(11.025 0.01 -0.0398894)
(11.075 0.01 -0.0401393)
(11.125 0.01 -0.0403897)
(11.175 0.01 -0.0406396)
(11.225 0.01 -0.0408899)
(11.275 0.01 -0.0411399)
(11.325 0.01 -0.0413902)
(11.375 0.01 -0.0416402)
(11.425 0.01 -0.0418905)
(11.475 0.01 -0.0421404)
(11.525 0.01 -0.0423907)
(11.575 0.01 -0.0426407)
(11.625 0.01 -0.042891)
(11.675 0.01 -0.043141)
(11.725 0.01 -0.0433913)
(11.775 0.01 -0.0436413)
(11.825 0.01 -0.0438916)
(11.875 0.01 -0.0441416)
(11.925 0.01 -0.0443918)
(11.975 0.01 -0.0446419)
(12.025 0.01 -0.0448921)
(12.075 0.01 -0.0451421)
(12.125 0.01 -0.0453922)
(12.175 0.01 -0.0456423)
(12.225 0.01 -0.0458925)
(12.275 0.01 -0.0461425)
(12.325 0.01 -0.0463927)
(12.375 0.01 -0.0466427)
(12.425 0.01 -0.0468928)
(12.475 0.01 -0.0471428)
(12.525 0.01 -0.047393)
(12.575 0.01 -0.047643)
(12.625 0.01 -0.0478932)
(12.675 0.01 -0.0481433)
(12.725 0.01 -0.0483934)
(12.775 0.01 -0.0486434)
(12.825 0.01 -0.0488934)
(12.875 0.01 -0.0491434)
(12.925 0.01 -0.0493934)
(12.975 0.01 -0.0496435)
(13.025 0.01 -0.0498937)
(13.075 0.01 -0.0501438)
(13.125 0.01 -0.0503939)
(13.175 0.01 -0.0506439)
(13.225 0.01 -0.0508938)
(13.275 0.01 -0.0511437)
(13.325 0.01 -0.0513937)
(13.375 0.01 -0.0516438)
(13.425 0.01 -0.0518939)
(13.475 0.01 -0.0521441)
(13.525 0.01 -0.0523942)
(13.575 0.01 -0.0526441)
(13.625 0.01 -0.0528939)
(13.675 0.01 -0.0531437)
(13.725 0.01 -0.0533937)
(13.775 0.01 -0.0536438)
(13.825 0.01 -0.053894)
(13.875 0.01 -0.0541442)
(13.925 0.01 -0.0543943)
(13.975 0.01 -0.0546441)
(14.025 0.01 -0.0548938)
(14.075 0.01 -0.0551436)
(14.125 0.01 -0.0553936)
(14.175 0.01 -0.0556436)
(14.225 0.01 -0.0558942)
(14.275 0.01 -0.0561429)
(14.325 0.01 -0.0563931)
(14.375 0.01 -0.0566455)
(14.425 0.01 -0.0568956)
(14.475 0.01 -0.0571451)
(14.525 0.01 -0.0573939)
(14.575 0.01 -0.0576432)
(14.625 0.01 -0.0578868)
(14.675 0.01 -0.0581644)
(14.725 0.01 -0.0583878)
(14.775 0.01 -0.0587611)
(14.8252 0.01 -0.0600717)
(14.875 0.01 -0.061219)
(14.925 0.01 -0.0615027)
(14.975 0.01 -0.0617498)
(0.025 0.01 0.01675)
(0.075 0.01 0.0165)
(0.125 0.01 0.01625)
(0.175 0.01 0.016)
(0.225 0.01 0.01575)
(0.275 0.01 0.0155)
(0.325 0.01 0.01525)
(0.375 0.01 0.015)
(0.425 0.01 0.01475)
(0.475 0.01 0.0145)
(0.525 0.01 0.01425)
(0.575 0.01 0.014)
(0.625 0.01 0.01375)
(0.675 0.01 0.0135)
(0.725 0.01 0.01325)
(0.775 0.01 0.013)
(0.825 0.01 0.01275)
(0.875 0.01 0.0125)
(0.925 0.01 0.01225)
(0.975 0.01 0.012)
(1.025 0.01 0.01175)
(1.075 0.01 0.0115)
(1.125 0.01 0.01125)
(1.175 0.01 0.011)
(1.225 0.01 0.01075)
(1.275 0.01 0.0105)
(1.325 0.01 0.01025)
(1.375 0.01 0.01)
(1.425 0.01 0.00975)
(1.475 0.01 0.0095)
(1.525 0.01 0.00925)
(1.575 0.01 0.009)
(1.625 0.01 0.00875)
(1.675 0.01 0.0085)
(1.725 0.01 0.00825)
(1.775 0.01 0.008)
(1.825 0.01 0.00775)
(1.875 0.01 0.0075)
(1.925 0.01 0.00725)
(1.975 0.01 0.007)
(2.025 0.01 0.00675)
(2.075 0.01 0.0065)
(2.125 0.01 0.00625)
(2.175 0.01 0.006)
(2.225 0.01 0.00575)
(2.275 0.01 0.0055)
(2.325 0.01 0.00525)
(2.375 0.01 0.005)
(2.425 0.01 0.00475)
(2.475 0.01 0.0045)
(2.525 0.01 0.00425)
(2.575 0.01 0.004)
(2.625 0.01 0.00375)
(2.675 0.01 0.0035)
(2.725 0.01 0.00325)
(2.775 0.01 0.00299998)
(2.825 0.01 0.00275027)
(2.875 0.01 0.00249694)
(2.92501 0.01 0.00228548)
(2.97468 0.01 0.00289816)
(3.0248 0.01 0.00394446)
(3.07514 0.01 0.00386812)
(3.12499 0.01 0.00333332)
(3.17501 0.01 0.00306926)
(3.225 0.01 0.00280741)
(3.275 0.01 0.00255047)
(3.325 0.01 0.00228486)
(3.375 0.01 0.00202042)
(3.425 0.01 0.00175501)
(3.475 0.01 0.00148985)
(3.525 0.01 0.00122499)
(3.575 0.01 0.000961027)
(3.625 0.01 0.000698337)
(3.675 0.01 0.000436696)
(3.725 0.01 0.000176142)
(3.775 0.01 -8.32986e-05)
(3.825 0.01 -0.000341632)
(3.875 0.01 -0.000598877)
(3.925 0.01 -0.000855076)
(3.975 0.01 -0.00111041)
(4.025 0.01 -0.0013649)
(4.075 0.01 -0.00161856)
(4.125 0.01 -0.00187161)
(4.175 0.01 -0.0021241)
(4.225 0.01 -0.00237602)
(4.275 0.01 -0.0026276)
(4.325 0.01 -0.00287883)
(4.375 0.01 -0.0031297)
(4.425 0.01 -0.0033804)
(4.475 0.01 -0.00363092)
(4.525 0.01 -0.00388132)
(4.575 0.01 -0.00413162)
(4.625 0.01 -0.00438174)
(4.675 0.01 -0.00463185)
(4.725 0.01 -0.00488191)
(4.775 0.01 -0.00513187)
(4.825 0.01 -0.00538186)
(4.875 0.01 -0.00563184)
(4.925 0.01 -0.00588183)
(4.975 0.01 -0.00613184)
(5.025 0.01 -0.00638174)
(5.075 0.01 -0.00663171)
(5.125 0.01 -0.00688168)
(5.175 0.01 -0.00713168)
(5.225 0.01 -0.0073817)
(5.275 0.01 -0.00763162)
(5.325 0.01 -0.0078816)
(5.375 0.01 -0.00813159)
(5.425 0.01 -0.00838161)
(5.475 0.01 -0.00863164)
(5.525 0.01 -0.00888158)
(5.575 0.01 -0.00913158)
(5.625 0.01 -0.00938158)
(5.675 0.01 -0.00963162)
(5.725 0.01 -0.00988166)
(5.775 0.01 -0.0101316)
(5.825 0.01 -0.0103816)
(5.875 0.01 -0.0106316)
(5.925 0.01 -0.0108817)
(5.975 0.01 -0.0111317)
(6.025 0.01 -0.0113816)
(6.075 0.01 -0.0116317)
(6.125 0.01 -0.0118817)
(6.175 0.01 -0.0121317)
(6.225 0.01 -0.0123817)
(6.275 0.01 -0.0126317)
(6.325 0.01 -0.0128817)
(6.375 0.01 -0.0131317)
(6.425 0.01 -0.0133817)
(6.475 0.01 -0.0136318)
(6.525 0.01 -0.0138817)
(6.575 0.01 -0.0141318)
(6.625 0.01 -0.0143817)
(6.675 0.01 -0.0146318)
(6.725 0.01 -0.0148818)
(6.775 0.01 -0.0151318)
(6.825 0.01 -0.0153817)
(6.875 0.01 -0.0156318)
(6.925 0.01 -0.0158816)
(6.975 0.01 -0.0161317)
(7.025 0.01 -0.0163815)
(7.075 0.01 -0.0166316)
(7.125 0.01 -0.0168815)
(7.175 0.01 -0.0171315)
(7.225 0.01 -0.0173814)
(7.275 0.01 -0.0176314)
(7.325 0.01 -0.0178813)
(7.375 0.01 -0.0181314)
(7.425 0.01 -0.0183812)
(7.475 0.01 -0.0186313)
(7.525 0.01 -0.018881)
(7.575 0.01 -0.0191312)
(7.625 0.01 -0.0193809)
(7.675 0.01 -0.019631)
(7.725 0.01 -0.0198807)
(7.775 0.01 -0.0201308)
(7.825 0.01 -0.0203805)
(7.875 0.01 -0.0206306)
(7.925 0.01 -0.0208802)
(7.975 0.01 -0.0211304)
(8.025 0.01 -0.02138)
(8.075 0.01 -0.0216301)
(8.125 0.01 -0.0218797)
(8.175 0.01 -0.0221298)
(8.225 0.01 -0.0223795)
(8.275 0.01 -0.0226296)
(8.325 0.01 -0.0228792)
(8.375 0.01 -0.0231293)
(8.425 0.01 -0.0233789)
(8.475 0.01 -0.0236289)
(8.525 0.01 -0.0238786)
(8.575 0.01 -0.0241286)
(8.625 0.01 -0.0243782)
(8.675 0.01 -0.0246282)
(8.725 0.01 -0.0248779)
(8.775 0.01 -0.0251279)
(8.825 0.01 -0.0253776)
(8.875 0.01 -0.0256276)
(8.925 0.01 -0.0258773)
(8.975 0.01 -0.0261273)
(9.025 0.01 -0.026377)
(9.075 0.01 -0.026627)
(9.125 0.01 -0.0268768)
(9.175 0.01 -0.0271268)
(9.225 0.01 -0.0273767)
(9.275 0.01 -0.0276266)
(9.325 0.01 -0.0278765)
(9.375 0.01 -0.0281265)
(9.425 0.01 -0.0283764)
(9.475 0.01 -0.0286263)
(9.525 0.01 -0.0288763)
(9.575 0.01 -0.0291262)
(9.625 0.01 -0.0293762)
(9.675 0.01 -0.0296261)
(9.725 0.01 -0.0298761)
(9.775 0.01 -0.030126)
(9.825 0.01 -0.0303761)
(9.875 0.01 -0.030626)
(9.925 0.01 -0.0308761)
(9.975 0.01 -0.031126)
(10.025 0.01 -0.0313761)
(10.075 0.01 -0.0316261)
(10.125 0.01 -0.0318762)
(10.175 0.01 -0.0321261)
(10.225 0.01 -0.0323763)
(10.275 0.01 -0.0326261)
(10.325 0.01 -0.0328763)
(10.375 0.01 -0.0331262)
(10.425 0.01 -0.0333764)
(10.475 0.01 -0.0336263)
(10.525 0.01 -0.0338765)
(10.575 0.01 -0.0341264)
(10.625 0.01 -0.0343767)
(10.675 0.01 -0.0346266)
(10.725 0.01 -0.0348768)
(10.775 0.01 -0.0351267)
(10.825 0.01 -0.035377)
(10.875 0.01 -0.0356269)
(10.925 0.01 -0.0358772)
(10.975 0.01 -0.0361271)
(11.025 0.01 -0.0363774)
(11.075 0.01 -0.0366273)
(11.125 0.01 -0.0368776)
(11.175 0.01 -0.0371275)
(11.225 0.01 -0.0373778)
(11.275 0.01 -0.0376278)
(11.325 0.01 -0.037878)
(11.375 0.01 -0.038128)
(11.425 0.01 -0.0383783)
(11.475 0.01 -0.0386283)
(11.525 0.01 -0.0388785)
(11.575 0.01 -0.0391285)
(11.625 0.01 -0.0393787)
(11.675 0.01 -0.0396288)
(11.725 0.01 -0.039879)
(11.775 0.01 -0.040129)
(11.825 0.01 -0.0403793)
(11.875 0.01 -0.0406294)
(11.925 0.01 -0.0408795)
(11.975 0.01 -0.0411296)
(12.025 0.01 -0.0413797)
(12.075 0.01 -0.0416297)
(12.125 0.01 -0.0418798)
(12.175 0.01 -0.0421299)
(12.225 0.01 -0.0423801)
(12.275 0.01 -0.0426301)
(12.325 0.01 -0.0428803)
(12.375 0.01 -0.0431303)
(12.425 0.01 -0.0433803)
(12.475 0.01 -0.0436303)
(12.525 0.01 -0.0438804)
(12.575 0.01 -0.0441305)
(12.625 0.01 -0.0443807)
(12.675 0.01 -0.0446309)
(12.725 0.01 -0.044881)
(12.775 0.01 -0.0451309)
(12.825 0.01 -0.0453808)
(12.875 0.01 -0.0456308)
(12.925 0.01 -0.0458808)
(12.975 0.01 -0.0461309)
(13.025 0.01 -0.0463811)
(13.075 0.01 -0.0466313)
(13.125 0.01 -0.0468814)
(13.175 0.01 -0.0471314)
(13.225 0.01 -0.0473812)
(13.275 0.01 -0.047631)
(13.325 0.01 -0.047881)
(13.375 0.01 -0.0481311)
(13.425 0.01 -0.0483814)
(13.475 0.01 -0.0486317)
(13.525 0.01 -0.0488818)
(13.575 0.01 -0.0491316)
(13.625 0.01 -0.0493813)
(13.675 0.01 -0.049631)
(13.725 0.01 -0.0498809)
(13.775 0.01 -0.0501311)
(13.825 0.01 -0.0503814)
(13.875 0.01 -0.0506318)
(13.925 0.01 -0.0508819)
(13.975 0.01 -0.0511317)
(14.025 0.01 -0.0513812)
(14.075 0.01 -0.0516307)
(14.125 0.01 -0.0518806)
(14.175 0.01 -0.0521308)
(14.225 0.01 -0.0523815)
(14.275 0.01 -0.0526305)
(14.325 0.01 -0.0528806)
(14.375 0.01 -0.0531327)
(14.425 0.01 -0.0533828)
(14.475 0.01 -0.0536324)
(14.525 0.01 -0.0538813)
(14.575 0.01 -0.0541306)
(14.625 0.01 -0.0543753)
(14.675 0.01 -0.0546489)
(14.725 0.01 -0.0548761)
(14.7751 0.01 -0.0552406)
(14.8253 0.01 -0.0564245)
(14.875 0.01 -0.0574646)
(14.925 0.01 -0.057753)
(14.975 0.01 -0.0579997)
(0.025 0.01 0.0205)
(0.075 0.01 0.02025)
(0.125 0.01 0.02)
(0.175 0.01 0.01975)
(0.225 0.01 0.0195)
(0.275 0.01 0.01925)
(0.325 0.01 0.019)
(0.375 0.01 0.01875)
(0.425 0.01 0.0185)
(0.475 0.01 0.01825)
(0.525 0.01 0.018)
(0.575 0.01 0.01775)
(0.625 0.01 0.0175)
(0.675 0.01 0.01725)
(0.725 0.01 0.017)
(0.775 0.01 0.01675)
(0.825 0.01 0.0165)
(0.875 0.01 0.01625)
(0.925 0.01 0.016)
(0.975 0.01 0.01575)
(1.025 0.01 0.0155)
(1.075 0.01 0.01525)
(1.125 0.01 0.015)
(1.175 0.01 0.01475)
(1.225 0.01 0.0145)
(1.275 0.01 0.01425)
(1.325 0.01 0.014)
(1.375 0.01 0.01375)
(1.425 0.01 0.0135)
(1.475 0.01 0.01325)
(1.525 0.01 0.013)
(1.575 0.01 0.01275)
(1.625 0.01 0.0125)
(1.675 0.01 0.01225)
(1.725 0.01 0.012)
(1.775 0.01 0.01175)
(1.825 0.01 0.0115)
(1.875 0.01 0.01125)
(1.925 0.01 0.011)
(1.975 0.01 0.01075)
(2.025 0.01 0.0105)
(2.075 0.01 0.01025)
(2.125 0.01 0.01)
(2.175 0.01 0.00975)
(2.225 0.01 0.0095)
(2.275 0.01 0.00925)
(2.325 0.01 0.009)
(2.375 0.01 0.00875)
(2.425 0.01 0.0085)
(2.475 0.01 0.00825)
(2.525 0.01 0.008)
(2.575 0.01 0.00775)
(2.625 0.01 0.0075)
(2.675 0.01 0.00725)
(2.725 0.01 0.007)
(2.775 0.01 0.00674998)
(2.825 0.01 0.00650026)
(2.875 0.01 0.00624706)
(2.92499 0.01 0.00603408)
(2.97455 0.01 0.00647875)
(3.02472 0.01 0.00726389)
(3.07518 0.01 0.00715532)
(3.125 0.01 0.00668277)
(3.17501 0.01 0.00641988)
(3.225 0.01 0.00616074)
(3.27501 0.01 0.0059051)
(3.325 0.01 0.00564274)
(3.375 0.01 0.00538123)
(3.425 0.01 0.00511897)
(3.475 0.01 0.0048569)
(3.525 0.01 0.00459506)
(3.575 0.01 0.00433394)
(3.625 0.01 0.00407383)
(3.675 0.01 0.00381456)
(3.725 0.01 0.00355614)
(3.775 0.01 0.00329862)
(3.825 0.01 0.00304198)
(3.875 0.01 0.0027862)
(3.925 0.01 0.00253125)
(3.975 0.01 0.00227701)
(4.025 0.01 0.00202342)
(4.075 0.01 0.0017705)
(4.125 0.01 0.00151807)
(4.175 0.01 0.00126608)
(4.225 0.01 0.00101455)
(4.275 0.01 0.000763289)
(4.325 0.01 0.000512308)
(4.375 0.01 0.000261616)
(4.425 0.01 1.10554e-05)
(4.475 0.01 -0.000239363)
(4.525 0.01 -0.000489682)
(4.575 0.01 -0.000739917)
(4.625 0.01 -0.000990012)
(4.675 0.01 -0.0012401)
(4.725 0.01 -0.00149015)
(4.775 0.01 -0.00174012)
(4.825 0.01 -0.00199011)
(4.875 0.01 -0.00224009)
(4.925 0.01 -0.00249009)
(4.975 0.01 -0.00274009)
(5.025 0.01 -0.00299002)
(5.075 0.01 -0.00323999)
(5.125 0.01 -0.00348996)
(5.175 0.01 -0.00373997)
(5.225 0.01 -0.00398998)
(5.275 0.01 -0.00423992)
(5.325 0.01 -0.0044899)
(5.375 0.01 -0.00473989)
(5.425 0.01 -0.00498991)
(5.475 0.01 -0.00523994)
(5.525 0.01 -0.00548989)
(5.575 0.01 -0.00573988)
(5.625 0.01 -0.00598989)
(5.675 0.01 -0.00623991)
(5.725 0.01 -0.00648995)
(5.775 0.01 -0.00673991)
(5.825 0.01 -0.00698991)
(5.875 0.01 -0.00723991)
(5.925 0.01 -0.00748995)
(5.975 0.01 -0.00773997)
(6.025 0.01 -0.00798994)
(6.075 0.01 -0.00823994)
(6.125 0.01 -0.00848995)
(6.175 0.01 -0.00873998)
(6.225 0.01 -0.00899001)
(6.275 0.01 -0.00923999)
(6.325 0.01 -0.00948997)
(6.375 0.01 -0.00974001)
(6.425 0.01 -0.00999001)
(6.475 0.01 -0.0102401)
(6.525 0.01 -0.01049)
(6.575 0.01 -0.01074)
(6.625 0.01 -0.01099)
(6.675 0.01 -0.0112401)
(6.725 0.01 -0.01149)
(6.775 0.01 -0.0117401)
(6.825 0.01 -0.01199)
(6.875 0.01 -0.01224)
(6.925 0.01 -0.0124899)
(6.975 0.01 -0.0127399)
(7.025 0.01 -0.0129898)
(7.075 0.01 -0.0132399)
(7.125 0.01 -0.0134898)
(7.175 0.01 -0.0137398)
(7.225 0.01 -0.0139897)
(7.275 0.01 -0.0142398)
(7.325 0.01 -0.0144897)
(7.375 0.01 -0.0147398)
(7.425 0.01 -0.0149896)
(7.475 0.01 -0.0152396)
(7.525 0.01 -0.0154895)
(7.575 0.01 -0.0157396)
(7.625 0.01 -0.0159894)
(7.675 0.01 -0.0162394)
(7.725 0.01 -0.0164892)
(7.775 0.01 -0.0167393)
(7.825 0.01 -0.016989)
(7.875 0.01 -0.0172391)
(7.925 0.01 -0.0174888)
(7.975 0.01 -0.0177389)
(8.025 0.01 -0.0179886)
(8.075 0.01 -0.0182387)
(8.125 0.01 -0.0184884)
(8.175 0.01 -0.0187385)
(8.225 0.01 -0.0189882)
(8.275 0.01 -0.0192383)
(8.325 0.01 -0.019488)
(8.375 0.01 -0.0197381)
(8.425 0.01 -0.0199878)
(8.475 0.01 -0.0202378)
(8.525 0.01 -0.0204875)
(8.575 0.01 -0.0207375)
(8.625 0.01 -0.0209872)
(8.675 0.01 -0.0212372)
(8.725 0.01 -0.0214869)
(8.775 0.01 -0.021737)
(8.825 0.01 -0.0219867)
(8.875 0.01 -0.0222367)
(8.925 0.01 -0.0224865)
(8.975 0.01 -0.0227365)
(9.025 0.01 -0.0229863)
(9.075 0.01 -0.0232363)
(9.125 0.01 -0.0234861)
(9.175 0.01 -0.0237361)
(9.225 0.01 -0.023986)
(9.275 0.01 -0.024236)
(9.325 0.01 -0.0244858)
(9.375 0.01 -0.0247358)
(9.425 0.01 -0.0249857)
(9.475 0.01 -0.0252357)
(9.525 0.01 -0.0254856)
(9.575 0.01 -0.0257356)
(9.625 0.01 -0.0259855)
(9.675 0.01 -0.0262355)
(9.725 0.01 -0.0264855)
(9.775 0.01 -0.0267354)
(9.825 0.01 -0.0269855)
(9.875 0.01 -0.0272354)
(9.925 0.01 -0.0274855)
(9.975 0.01 -0.0277354)
(10.025 0.01 -0.0279855)
(10.075 0.01 -0.0282355)
(10.125 0.01 -0.0284856)
(10.175 0.01 -0.0287355)
(10.225 0.01 -0.0289856)
(10.275 0.01 -0.0292355)
(10.325 0.01 -0.0294857)
(10.375 0.01 -0.0297356)
(10.425 0.01 -0.0299857)
(10.475 0.01 -0.0302357)
(10.525 0.01 -0.0304859)
(10.575 0.01 -0.0307358)
(10.625 0.01 -0.030986)
(10.675 0.01 -0.0312359)
(10.725 0.01 -0.0314861)
(10.775 0.01 -0.031736)
(10.825 0.01 -0.0319862)
(10.875 0.01 -0.0322361)
(10.925 0.01 -0.0324864)
(10.975 0.01 -0.0327363)
(11.025 0.01 -0.0329865)
(11.075 0.01 -0.0332365)
(11.125 0.01 -0.0334867)
(11.175 0.01 -0.0337367)
(11.225 0.01 -0.0339869)
(11.275 0.01 -0.0342369)
(11.325 0.01 -0.034487)
(11.375 0.01 -0.034737)
(11.425 0.01 -0.0349873)
(11.475 0.01 -0.0352373)
(11.525 0.01 -0.0354875)
(11.575 0.01 -0.0357375)
(11.625 0.01 -0.0359876)
(11.675 0.01 -0.0362376)
(11.725 0.01 -0.0364878)
(11.775 0.01 -0.0367378)
(11.825 0.01 -0.036988)
(11.875 0.01 -0.0372381)
(11.925 0.01 -0.0374883)
(11.975 0.01 -0.0377383)
(12.025 0.01 -0.0379884)
(12.075 0.01 -0.0382384)
(12.125 0.01 -0.0384884)
(12.175 0.01 -0.0387385)
(12.225 0.01 -0.0389887)
(12.275 0.01 -0.0392388)
(12.325 0.01 -0.0394889)
(12.375 0.01 -0.0397389)
(12.425 0.01 -0.0399889)
(12.475 0.01 -0.0402388)
(12.525 0.01 -0.0404889)
(12.575 0.01 -0.040739)
(12.625 0.01 -0.0409892)
(12.675 0.01 -0.0412394)
(12.725 0.01 -0.0414895)
(12.775 0.01 -0.0417394)
(12.825 0.01 -0.0419893)
(12.875 0.01 -0.0422392)
(12.925 0.01 -0.0424892)
(12.975 0.01 -0.0427393)
(13.025 0.01 -0.0429895)
(13.075 0.01 -0.0432397)
(13.125 0.01 -0.0434899)
(13.175 0.01 -0.0437398)
(13.225 0.01 -0.0439896)
(13.275 0.01 -0.0442393)
(13.325 0.01 -0.0444893)
(13.375 0.01 -0.0447394)
(13.425 0.01 -0.0449897)
(13.475 0.01 -0.0452401)
(13.525 0.01 -0.0454902)
(13.575 0.01 -0.04574)
(13.625 0.01 -0.0459896)
(13.675 0.01 -0.0462392)
(13.725 0.01 -0.0464891)
(13.775 0.01 -0.0467393)
(13.825 0.01 -0.0469897)
(13.875 0.01 -0.0472402)
(13.925 0.01 -0.0474904)
(13.975 0.01 -0.0477401)
(14.025 0.01 -0.0479896)
(14.075 0.01 -0.048239)
(14.125 0.01 -0.0484888)
(14.175 0.01 -0.048739)
(14.225 0.01 -0.0489897)
(14.275 0.01 -0.049239)
(14.325 0.01 -0.0494891)
(14.375 0.01 -0.0497408)
(14.425 0.01 -0.0499908)
(14.475 0.01 -0.0502405)
(14.525 0.01 -0.0504897)
(14.575 0.01 -0.0507391)
(14.625 0.01 -0.0509851)
(14.675 0.01 -0.0512535)
(14.725 0.01 -0.0514856)
(14.7751 0.01 -0.0518307)
(14.8254 0.01 -0.0528319)
(14.875 0.01 -0.0537162)
(14.925 0.01 -0.0540029)
(14.975 0.01 -0.0542497)
(0.025 0.01 0.02425)
(0.075 0.01 0.024)
(0.125 0.01 0.02375)
(0.175 0.01 0.0235)
(0.225 0.01 0.02325)
(0.275 0.01 0.023)
(0.325 0.01 0.02275)
(0.375 0.01 0.0225)
(0.425 0.01 0.02225)
(0.475 0.01 0.022)
(0.525 0.01 0.02175)
(0.575 0.01 0.0215)
(0.625 0.01 0.02125)
(0.675 0.01 0.021)
(0.725 0.01 0.02075)
(0.775 0.01 0.0205)
(0.825 0.01 0.02025)
(0.875 0.01 0.02)
(0.925 0.01 0.01975)
(0.975 0.01 0.0195)
(1.025 0.01 0.01925)
(1.075 0.01 0.019)
(1.125 0.01 0.01875)
(1.175 0.01 0.0185)
(1.225 0.01 0.01825)
(1.275 0.01 0.018)
(1.325 0.01 0.01775)
(1.375 0.01 0.0175)
(1.425 0.01 0.01725)
(1.475 0.01 0.017)
(1.525 0.01 0.01675)
(1.575 0.01 0.0165)
(1.625 0.01 0.01625)
(1.675 0.01 0.016)
(1.725 0.01 0.01575)
(1.775 0.01 0.0155)
(1.825 0.01 0.01525)
(1.875 0.01 0.015)
(1.925 0.01 0.01475)
(1.975 0.01 0.0145)
(2.025 0.01 0.01425)
(2.075 0.01 0.014)
(2.125 0.01 0.01375)
(2.175 0.01 0.0135)
(2.225 0.01 0.01325)
(2.275 0.01 0.013)
(2.325 0.01 0.01275)
(2.375 0.01 0.0125)
(2.425 0.01 0.01225)
(2.475 0.01 0.012)
(2.525 0.01 0.01175)
(2.575 0.01 0.0115)
(2.625 0.01 0.01125)
(2.675 0.01 0.011)
(2.725 0.01 0.01075)
(2.775 0.01 0.0105)
(2.825 0.01 0.0102502)
(2.875 0.01 0.00999779)
(2.92497 0.01 0.00977561)
(2.9744 0.01 0.00999073)
(3.02462 0.01 0.0104281)
(3.07524 0.01 0.0102718)
(3.125 0.01 0.00987753)
(3.17501 0.01 0.00961835)
(3.225 0.01 0.00936248)
(3.27501 0.01 0.0091087)
(3.32501 0.01 0.00885059)
(3.37501 0.01 0.008593)
(3.42501 0.01 0.00833492)
(3.47501 0.01 0.00807697)
(3.52501 0.01 0.00781917)
(3.57501 0.01 0.00756184)
(3.625 0.01 0.00730517)
(3.675 0.01 0.00704906)
(3.725 0.01 0.00679351)
(3.775 0.01 0.00653854)
(3.825 0.01 0.00628416)
(3.875 0.01 0.00603035)
(3.925 0.01 0.00577708)
(3.975 0.01 0.00552428)
(4.025 0.01 0.00527192)
(4.075 0.01 0.00501999)
(4.125 0.01 0.00476838)
(4.175 0.01 0.00451707)
(4.225 0.01 0.00426606)
(4.275 0.01 0.00401523)
(4.325 0.01 0.00376458)
(4.375 0.01 0.00351412)
(4.425 0.01 0.00326375)
(4.475 0.01 0.00301347)
(4.525 0.01 0.00276326)
(4.575 0.01 0.00251311)
(4.625 0.01 0.00226305)
(4.675 0.01 0.00201299)
(4.725 0.01 0.00176295)
(4.775 0.01 0.00151297)
(4.825 0.01 0.00126298)
(4.875 0.01 0.00101299)
(4.925 0.01 0.000762995)
(4.975 0.01 0.000512994)
(5.025 0.01 0.000263042)
(5.075 0.01 1.30598e-05)
(5.125 0.01 -0.000236923)
(5.175 0.01 -0.000486924)
(5.225 0.01 -0.000736933)
(5.275 0.01 -0.000986892)
(5.325 0.01 -0.00123688)
(5.375 0.01 -0.00148688)
(5.425 0.01 -0.00173689)
(5.475 0.01 -0.00198691)
(5.525 0.01 -0.00223687)
(5.575 0.01 -0.00248687)
(5.625 0.01 -0.00273687)
(5.675 0.01 -0.00298689)
(5.725 0.01 -0.00323692)
(5.775 0.01 -0.00348689)
(5.825 0.01 -0.00373689)
(5.875 0.01 -0.00398689)
(5.925 0.01 -0.00423691)
(5.975 0.01 -0.00448693)
(6.025 0.01 -0.00473691)
(6.075 0.01 -0.00498691)
(6.125 0.01 -0.00523691)
(6.175 0.01 -0.00548693)
(6.225 0.01 -0.00573696)
(6.275 0.01 -0.00598694)
(6.325 0.01 -0.00623693)
(6.375 0.01 -0.00648696)
(6.425 0.01 -0.00673695)
(6.475 0.01 -0.00698698)
(6.525 0.01 -0.00723695)
(6.575 0.01 -0.00748697)
(6.625 0.01 -0.00773696)
(6.675 0.01 -0.00798699)
(6.725 0.01 -0.00823698)
(6.775 0.01 -0.00848698)
(6.825 0.01 -0.00873695)
(6.875 0.01 -0.00898697)
(6.925 0.01 -0.00923689)
(6.975 0.01 -0.00948691)
(7.025 0.01 -0.00973684)
(7.075 0.01 -0.00998689)
(7.125 0.01 -0.0102368)
(7.175 0.01 -0.0104868)
(7.225 0.01 -0.0107368)
(7.275 0.01 -0.0109868)
(7.325 0.01 -0.0112367)
(7.375 0.01 -0.0114868)
(7.425 0.01 -0.0117367)
(7.475 0.01 -0.0119867)
(7.525 0.01 -0.0122366)
(7.575 0.01 -0.0124867)
(7.625 0.01 -0.0127365)
(7.675 0.01 -0.0129866)
(7.725 0.01 -0.0132364)
(7.775 0.01 -0.0134865)
(7.825 0.01 -0.0137363)
(7.875 0.01 -0.0139863)
(7.925 0.01 -0.0142361)
(7.975 0.01 -0.0144862)
(8.025 0.01 -0.014736)
(8.075 0.01 -0.0149861)
(8.125 0.01 -0.0152359)
(8.175 0.01 -0.015486)
(8.225 0.01 -0.0157358)
(8.275 0.01 -0.0159858)
(8.325 0.01 -0.0162356)
(8.375 0.01 -0.0164857)
(8.425 0.01 -0.0167355)
(8.475 0.01 -0.0169855)
(8.525 0.01 -0.0172353)
(8.575 0.01 -0.0174853)
(8.62499 0.01 -0.0177351)
(8.67501 0.01 -0.0179851)
(8.72499 0.01 -0.0182349)
(8.77501 0.01 -0.018485)
(8.82499 0.01 -0.0187348)
(8.87501 0.01 -0.0189848)
(8.92499 0.01 -0.0192346)
(8.97501 0.01 -0.0194847)
(9.02499 0.01 -0.0197345)
(9.07501 0.01 -0.0199845)
(9.12499 0.01 -0.0202343)
(9.17501 0.01 -0.0204844)
(9.22499 0.01 -0.0207343)
(9.27501 0.01 -0.0209843)
(9.32499 0.01 -0.0212342)
(9.37501 0.01 -0.0214842)
(9.42499 0.01 -0.0217341)
(9.47501 0.01 -0.0219841)
(9.52499 0.01 -0.0222341)
(9.57501 0.01 -0.022484)
(9.62499 0.01 -0.022734)
(9.67501 0.01 -0.022984)
(9.72499 0.01 -0.0232339)
(9.77501 0.01 -0.0234839)
(9.82499 0.01 -0.0237339)
(9.87501 0.01 -0.023984)
(9.92499 0.01 -0.024234)
(9.97501 0.01 -0.024484)
(10.025 0.01 -0.024734)
(10.075 0.01 -0.024984)
(10.125 0.01 -0.025234)
(10.175 0.01 -0.025484)
(10.225 0.01 -0.0257341)
(10.275 0.01 -0.025984)
(10.325 0.01 -0.0262341)
(10.375 0.01 -0.0264841)
(10.425 0.01 -0.0267341)
(10.475 0.01 -0.0269841)
(10.525 0.01 -0.0272342)
(10.575 0.01 -0.0274842)
(10.625 0.01 -0.0277343)
(10.675 0.01 -0.0279842)
(10.725 0.01 -0.0282343)
(10.775 0.01 -0.0284843)
(10.825 0.01 -0.0287344)
(10.875 0.01 -0.0289844)
(10.925 0.01 -0.0292345)
(10.975 0.01 -0.0294845)
(11.025 0.01 -0.0297346)
(11.075 0.01 -0.0299846)
(11.125 0.01 -0.0302348)
(11.175 0.01 -0.0304847)
(11.225 0.01 -0.0307349)
(11.275 0.01 -0.0309849)
(11.325 0.01 -0.031235)
(11.375 0.01 -0.031485)
(11.425 0.01 -0.0317351)
(11.475 0.01 -0.0319852)
(11.525 0.01 -0.0322353)
(11.575 0.01 -0.0324853)
(11.625 0.01 -0.0327354)
(11.675 0.01 -0.0329854)
(11.725 0.01 -0.0332355)
(11.775 0.01 -0.0334855)
(11.825 0.01 -0.0337357)
(11.875 0.01 -0.0339857)
(11.925 0.01 -0.0342358)
(11.975 0.01 -0.0344858)
(12.025 0.01 -0.0347359)
(12.075 0.01 -0.0349859)
(12.125 0.01 -0.0352359)
(12.175 0.01 -0.0354859)
(12.225 0.01 -0.0357361)
(12.275 0.01 -0.0359861)
(12.325 0.01 -0.0362362)
(12.375 0.01 -0.0364862)
(12.425 0.01 -0.0367362)
(12.475 0.01 -0.0369862)
(12.525 0.01 -0.0372362)
(12.575 0.01 -0.0374863)
(12.625 0.01 -0.0377364)
(12.675 0.01 -0.0379866)
(12.725 0.01 -0.0382366)
(12.775 0.01 -0.0384866)
(12.825 0.01 -0.0387365)
(12.875 0.01 -0.0389864)
(12.925 0.01 -0.0392363)
(12.975 0.01 -0.0394864)
(13.025 0.01 -0.0397366)
(13.075 0.01 -0.0399868)
(13.125 0.01 -0.0402369)
(13.175 0.01 -0.0404869)
(13.225 0.01 -0.0407367)
(13.275 0.01 -0.0409864)
(13.325 0.01 -0.0412364)
(13.375 0.01 -0.0414865)
(13.425 0.01 -0.0417368)
(13.475 0.01 -0.0419871)
(13.525 0.01 -0.0422372)
(13.575 0.01 -0.042487)
(13.625 0.01 -0.0427367)
(13.675 0.01 -0.0429864)
(13.725 0.01 -0.0432363)
(13.775 0.01 -0.0434864)
(13.825 0.01 -0.0437368)
(13.875 0.01 -0.0439872)
(13.925 0.01 -0.0442374)
(13.975 0.01 -0.0444871)
(14.025 0.01 -0.0447367)
(14.075 0.01 -0.0449862)
(14.125 0.01 -0.045236)
(14.175 0.01 -0.0454862)
(14.225 0.01 -0.0457367)
(14.275 0.01 -0.0459863)
(14.325 0.01 -0.0462364)
(14.375 0.01 -0.0464875)
(14.425 0.01 -0.0467375)
(14.475 0.01 -0.0469873)
(14.525 0.01 -0.0472367)
(14.575 0.01 -0.0474863)
(14.625 0.01 -0.0477337)
(14.675 0.01 -0.0479959)
(14.725 0.01 -0.0482339)
(14.7751 0.01 -0.0485486)
(14.8255 0.01 -0.0493023)
(14.875 0.01 -0.0499748)
(14.925 0.01 -0.0502522)
(14.975 0.01 -0.0504998)
(0.025 0.01 0.028)
(0.075 0.01 0.02775)
(0.125 0.01 0.0275)
(0.175 0.01 0.02725)
(0.225 0.01 0.027)
(0.275 0.01 0.02675)
(0.325 0.01 0.0265)
(0.375 0.01 0.02625)
(0.425 0.01 0.026)
(0.475 0.01 0.02575)
(0.525 0.01 0.0255)
(0.575 0.01 0.02525)
(0.625 0.01 0.025)
(0.675 0.01 0.02475)
(0.725 0.01 0.0245)
(0.775 0.01 0.02425)
(0.825 0.01 0.024)
(0.875 0.01 0.02375)
(0.925 0.01 0.0235)
(0.975 0.01 0.02325)
(1.025 0.01 0.023)
(1.075 0.01 0.02275)
(1.125 0.01 0.0225)
(1.175 0.01 0.02225)
(1.225 0.01 0.022)
(1.275 0.01 0.02175)
(1.325 0.01 0.0215)
(1.375 0.01 0.02125)
(1.425 0.01 0.021)
(1.475 0.01 0.02075)
(1.525 0.01 0.0205)
(1.575 0.01 0.02025)
(1.625 0.01 0.02)
(1.675 0.01 0.01975)
(1.725 0.01 0.0195)
(1.775 0.01 0.01925)
(1.825 0.01 0.019)
(1.875 0.01 0.01875)
(1.925 0.01 0.0185)
(1.975 0.01 0.01825)
(2.025 0.01 0.018)
(2.075 0.01 0.01775)
(2.125 0.01 0.0175)
(2.175 0.01 0.01725)
(2.225 0.01 0.017)
(2.275 0.01 0.01675)
(2.325 0.01 0.0165)
(2.375 0.01 0.01625)
(2.425 0.01 0.016)
(2.475 0.01 0.01575)
(2.525 0.01 0.0155)
(2.575 0.01 0.01525)
(2.625 0.01 0.015)
(2.675 0.01 0.01475)
(2.725 0.01 0.0145)
(2.775 0.01 0.01425)
(2.825 0.01 0.0140001)
(2.875 0.01 0.0137491)
(2.92495 0.01 0.0135099)
(2.97422 0.01 0.0134287)
(3.02452 0.01 0.0134235)
(3.0753 0.01 0.0132043)
(3.12501 0.01 0.0129046)
(3.17501 0.01 0.0126512)
(3.225 0.01 0.0123992)
(3.27501 0.01 0.0121478)
(3.32501 0.01 0.011895)
(3.37501 0.01 0.0116423)
(3.42501 0.01 0.0113894)
(3.47501 0.01 0.0111366)
(3.52501 0.01 0.0108839)
(3.57501 0.01 0.0106313)
(3.62501 0.01 0.0103789)
(3.67501 0.01 0.0101267)
(3.72501 0.01 0.00987477)
(3.775 0.01 0.00962301)
(3.825 0.01 0.00937146)
(3.875 0.01 0.00912011)
(3.925 0.01 0.00886895)
(3.975 0.01 0.00861796)
(4.025 0.01 0.00836712)
(4.075 0.01 0.00811644)
(4.125 0.01 0.00786587)
(4.175 0.01 0.0076154)
(4.225 0.01 0.00736504)
(4.275 0.01 0.00711475)
(4.325 0.01 0.00686452)
(4.375 0.01 0.00661436)
(4.425 0.01 0.00636423)
(4.475 0.01 0.00611413)
(4.525 0.01 0.00586405)
(4.575 0.01 0.005614)
(4.625 0.01 0.00536398)
(4.675 0.01 0.00511396)
(4.725 0.01 0.00486395)
(4.775 0.01 0.00461395)
(4.825 0.01 0.00436395)
(4.875 0.01 0.00411396)
(4.925 0.01 0.00386396)
(4.975 0.01 0.00361396)
(5.025 0.01 0.00336398)
(5.075 0.01 0.00311398)
(5.125 0.01 0.00286399)
(5.175 0.01 0.00261399)
(5.225 0.01 0.00236399)
(5.275 0.01 0.002114)
(5.325 0.01 0.001864)
(5.375 0.01 0.00161401)
(5.425 0.01 0.001364)
(5.475 0.01 0.001114)
(5.525 0.01 0.000864007)
(5.575 0.01 0.000614007)
(5.625 0.01 0.000364007)
(5.675 0.01 0.000114)
(5.725 0.01 -0.000136008)
(5.775 0.01 -0.000385998)
(5.825 0.01 -0.000635999)
(5.875 0.01 -0.000885999)
(5.925 0.01 -0.00113601)
(5.975 0.01 -0.00138601)
(6.025 0.01 -0.00163601)
(6.075 0.01 -0.00188601)
(6.125 0.01 -0.00213601)
(6.175 0.01 -0.00238602)
(6.225 0.01 -0.00263602)
(6.275 0.01 -0.00288602)
(6.325 0.01 -0.00313601)
(6.375 0.01 -0.00338602)
(6.425 0.01 -0.00363602)
(6.475 0.01 -0.00388603)
(6.525 0.01 -0.00413602)
(6.575 0.01 -0.00438603)
(6.625 0.01 -0.00463602)
(6.675 0.01 -0.00488604)
(6.725 0.01 -0.00513603)
(6.775 0.01 -0.00538603)
(6.825 0.01 -0.00563602)
(6.875 0.01 -0.00588603)
(6.925 0.01 -0.006136)
(6.975 0.01 -0.00638601)
(7.025 0.01 -0.00663598)
(7.075 0.01 -0.006886)
(7.125 0.01 -0.00713597)
(7.175 0.01 -0.00738598)
(7.225 0.01 -0.00763595)
(7.275 0.01 -0.00788597)
(7.325 0.01 -0.00813594)
(7.375 0.01 -0.00838597)
(7.425 0.01 -0.00863591)
(7.475 0.01 -0.00888594)
(7.525 0.01 -0.00913589)
(7.575 0.01 -0.00938593)
(7.625 0.01 -0.00963586)
(7.675 0.01 -0.0098859)
(7.725 0.01 -0.0101358)
(7.775 0.01 -0.0103859)
(7.825 0.01 -0.0106358)
(7.875 0.01 -0.0108858)
(7.925 0.01 -0.0111357)
(7.975 0.01 -0.0113858)
(8.025 0.01 -0.0116357)
(8.075 0.01 -0.0118857)
(8.125 0.01 -0.0121356)
(8.175 0.01 -0.0123857)
(8.225 0.01 -0.0126356)
(8.275 0.01 -0.0128856)
(8.32499 0.01 -0.0131355)
(8.37501 0.01 -0.0133856)
(8.42499 0.01 -0.0136355)
(8.47501 0.01 -0.0138855)
(8.52499 0.01 -0.0141354)
(8.57501 0.01 -0.0143855)
(8.62499 0.01 -0.0146353)
(8.67501 0.01 -0.0148854)
(8.72499 0.01 -0.0151353)
(8.77501 0.01 -0.0153853)
(8.82499 0.01 -0.0156352)
(8.87501 0.01 -0.0158853)
(8.92499 0.01 -0.0161352)
(8.97501 0.01 -0.0163852)
(9.02499 0.01 -0.0166351)
(9.07501 0.01 -0.0168852)
(9.12499 0.01 -0.0171351)
(9.17501 0.01 -0.0173851)
(9.22499 0.01 -0.017635)
(9.27501 0.01 -0.0178851)
(9.32499 0.01 -0.018135)
(9.37501 0.01 -0.0183851)
(9.42499 0.01 -0.018635)
(9.47501 0.01 -0.018885)
(9.52499 0.01 -0.019135)
(9.57501 0.01 -0.019385)
(9.62499 0.01 -0.0196349)
(9.67501 0.01 -0.019885)
(9.72499 0.01 -0.0201349)
(9.77501 0.01 -0.020385)
(9.82499 0.01 -0.0206349)
(9.87501 0.01 -0.020885)
(9.92499 0.01 -0.0211349)
(9.97501 0.01 -0.021385)
(10.025 0.01 -0.0216349)
(10.075 0.01 -0.021885)
(10.125 0.01 -0.022135)
(10.175 0.01 -0.022385)
(10.225 0.01 -0.022635)
(10.275 0.01 -0.022885)
(10.325 0.01 -0.023135)
(10.375 0.01 -0.023385)
(10.425 0.01 -0.023635)
(10.475 0.01 -0.023885)
(10.525 0.01 -0.024135)
(10.575 0.01 -0.024385)
(10.625 0.01 -0.0246351)
(10.675 0.01 -0.0248851)
(10.725 0.01 -0.0251351)
(10.775 0.01 -0.0253851)
(10.825 0.01 -0.0256351)
(10.875 0.01 -0.0258851)
(10.925 0.01 -0.0261351)
(10.975 0.01 -0.0263852)
(11.025 0.01 -0.0266352)
(11.075 0.01 -0.0268852)
(11.125 0.01 -0.0271352)
(11.175 0.01 -0.0273852)
(11.225 0.01 -0.0276353)
(11.275 0.01 -0.0278853)
(11.325 0.01 -0.0281353)
(11.375 0.01 -0.0283853)
(11.425 0.01 -0.0286354)
(11.475 0.01 -0.0288854)
(11.525 0.01 -0.0291354)
(11.575 0.01 -0.0293854)
(11.625 0.01 -0.0296355)
(11.675 0.01 -0.0298855)
(11.725 0.01 -0.0301355)
(11.775 0.01 -0.0303855)
(11.825 0.01 -0.0306356)
(11.875 0.01 -0.0308856)
(11.925 0.01 -0.0311356)
(11.975 0.01 -0.0313856)
(12.025 0.01 -0.0316356)
(12.075 0.01 -0.0318856)
(12.125 0.01 -0.0321356)
(12.175 0.01 -0.0323857)
(12.225 0.01 -0.0326357)
(12.275 0.01 -0.0328857)
(12.325 0.01 -0.0331358)
(12.375 0.01 -0.0333858)
(12.425 0.01 -0.0336358)
(12.475 0.01 -0.0338857)
(12.525 0.01 -0.0341357)
(12.575 0.01 -0.0343858)
(12.625 0.01 -0.0346358)
(12.675 0.01 -0.0348859)
(12.725 0.01 -0.0351359)
(12.775 0.01 -0.0353859)
(12.825 0.01 -0.0356359)
(12.875 0.01 -0.0358858)
(12.925 0.01 -0.0361358)
(12.975 0.01 -0.0363858)
(13.025 0.01 -0.0366359)
(13.075 0.01 -0.036886)
(13.125 0.01 -0.037136)
(13.175 0.01 -0.037386)
(13.225 0.01 -0.0376359)
(13.275 0.01 -0.0378858)
(13.325 0.01 -0.0381358)
(13.375 0.01 -0.0383859)
(13.425 0.01 -0.0386359)
(13.475 0.01 -0.0388861)
(13.525 0.01 -0.0391361)
(13.575 0.01 -0.0393861)
(13.625 0.01 -0.0396359)
(13.675 0.01 -0.0398858)
(13.725 0.01 -0.0401358)
(13.775 0.01 -0.0403858)
(13.825 0.01 -0.040636)
(13.875 0.01 -0.0408861)
(13.925 0.01 -0.0411362)
(13.975 0.01 -0.0413861)
(14.025 0.01 -0.0416359)
(14.075 0.01 -0.0418857)
(14.125 0.01 -0.0421356)
(14.175 0.01 -0.0423857)
(14.225 0.01 -0.0426359)
(14.275 0.01 -0.0428858)
(14.325 0.01 -0.0431358)
(14.375 0.01 -0.0433862)
(14.425 0.01 -0.0436362)
(14.475 0.01 -0.0438861)
(14.525 0.01 -0.0441359)
(14.575 0.01 -0.0443858)
(14.625 0.01 -0.0446349)
(14.675 0.01 -0.0448893)
(14.7249 0.01 -0.0451347)
(14.7752 0.01 -0.0454087)
(14.8257 0.01 -0.0458419)
(14.8751 0.01 -0.0462406)
(14.925 0.01 -0.0465008)
(14.975 0.01 -0.0467499)
)
;

boundaryField
{
    inlet
    {
        type            calculated;
        value           nonuniform List<vector> 8((0 0.01 0.001875) (0 0.01 0.005625) (0 0.01 0.009375) (0 0.01 0.013125) (0 0.01 0.016875) (0 0.01 0.020625) (0 0.01 0.024375) (0 0.01 0.028125));
    }
    outlet
    {
        type            calculated;
        value           nonuniform List<vector> 8((15 0.01 -0.073125) (15 0.01 -0.069375) (15 0.01 -0.065625) (15 0.01 -0.061875) (15 0.01 -0.058125) (15 0.01 -0.054375) (15 0.01 -0.050625) (15 0.01 -0.046875));
    }
    sideWall
    {
        type            empty;
    }
    bed
    {
        type            calculated;
        value           nonuniform List<vector> 
300
(
(0.025 0.01 -0.000125)
(0.075 0.01 -0.000375)
(0.125 0.01 -0.000625)
(0.175 0.01 -0.000875)
(0.225 0.01 -0.001125)
(0.275 0.01 -0.001375)
(0.325 0.01 -0.001625)
(0.375 0.01 -0.001875)
(0.425 0.01 -0.002125)
(0.475 0.01 -0.002375)
(0.525 0.01 -0.002625)
(0.575 0.01 -0.002875)
(0.625 0.01 -0.003125)
(0.675 0.01 -0.003375)
(0.725 0.01 -0.003625)
(0.775 0.01 -0.003875)
(0.825 0.01 -0.004125)
(0.875 0.01 -0.004375)
(0.925 0.01 -0.004625)
(0.975 0.01 -0.004875)
(1.025 0.01 -0.005125)
(1.075 0.01 -0.005375)
(1.125 0.01 -0.005625)
(1.175 0.01 -0.005875)
(1.225 0.01 -0.006125)
(1.275 0.01 -0.006375)
(1.325 0.01 -0.006625)
(1.375 0.01 -0.006875)
(1.425 0.01 -0.007125)
(1.475 0.01 -0.007375)
(1.525 0.01 -0.007625)
(1.575 0.01 -0.007875)
(1.625 0.01 -0.008125)
(1.675 0.01 -0.008375)
(1.725 0.01 -0.008625)
(1.775 0.01 -0.008875)
(1.825 0.01 -0.009125)
(1.875 0.01 -0.009375)
(1.925 0.01 -0.009625)
(1.975 0.01 -0.009875)
(2.025 0.01 -0.010125)
(2.075 0.01 -0.010375)
(2.125 0.01 -0.010625)
(2.175 0.01 -0.010875)
(2.225 0.01 -0.011125)
(2.275 0.01 -0.011375)
(2.325 0.01 -0.011625)
(2.375 0.01 -0.011875)
(2.425 0.01 -0.012125)
(2.475 0.01 -0.012375)
(2.525 0.01 -0.012625)
(2.575 0.01 -0.012875)
(2.625 0.01 -0.013125)
(2.675 0.01 -0.013375)
(2.725 0.01 -0.013625)
(2.775 0.01 -0.013875)
(2.825 0.01 -0.014125)
(2.875 0.01 -0.014375)
(2.925 0.01 -0.014625)
(2.975 0.01 -0.0137797)
(3.025 0.01 -0.0123238)
(3.075 0.01 -0.0123874)
(3.125 0.01 -0.0130379)
(3.175 0.01 -0.0132868)
(3.225 0.01 -0.0135549)
(3.275 0.01 -0.0138126)
(3.325 0.01 -0.0140832)
(3.375 0.01 -0.0143514)
(3.425 0.01 -0.0146212)
(3.475 0.01 -0.0148905)
(3.525 0.01 -0.0151595)
(3.575 0.01 -0.0154273)
(3.625 0.01 -0.0156935)
(3.675 0.01 -0.0159583)
(3.725 0.01 -0.0162218)
(3.775 0.01 -0.0164838)
(3.825 0.01 -0.0167444)
(3.875 0.01 -0.0170036)
(3.925 0.01 -0.0172615)
(3.975 0.01 -0.0175183)
(4.025 0.01 -0.017774)
(4.075 0.01 -0.0180286)
(4.125 0.01 -0.0182825)
(4.175 0.01 -0.0185357)
(4.225 0.01 -0.0187881)
(4.275 0.01 -0.0190401)
(4.325 0.01 -0.0192917)
(4.375 0.01 -0.0195428)
(4.425 0.01 -0.0197937)
(4.475 0.01 -0.0200444)
(4.525 0.01 -0.0202949)
(4.575 0.01 -0.0205452)
(4.625 0.01 -0.0207954)
(4.675 0.01 -0.0210455)
(4.725 0.01 -0.0212956)
(4.775 0.01 -0.0215456)
(4.825 0.01 -0.0217955)
(4.875 0.01 -0.0220455)
(4.925 0.01 -0.0222955)
(4.975 0.01 -0.0225455)
(5.025 0.01 -0.0227954)
(5.075 0.01 -0.0230454)
(5.125 0.01 -0.0232953)
(5.175 0.01 -0.0235453)
(5.225 0.01 -0.0237953)
(5.275 0.01 -0.0240452)
(5.325 0.01 -0.0242952)
(5.375 0.01 -0.0245452)
(5.425 0.01 -0.0247952)
(5.475 0.01 -0.0250453)
(5.525 0.01 -0.0252952)
(5.575 0.01 -0.0255452)
(5.625 0.01 -0.0257952)
(5.675 0.01 -0.0260452)
(5.725 0.01 -0.0262953)
(5.775 0.01 -0.0265452)
(5.825 0.01 -0.0267952)
(5.875 0.01 -0.0270452)
(5.925 0.01 -0.0272953)
(5.975 0.01 -0.0275453)
(6.025 0.01 -0.0277953)
(6.075 0.01 -0.0280453)
(6.125 0.01 -0.0282953)
(6.175 0.01 -0.0285453)
(6.225 0.01 -0.0287954)
(6.275 0.01 -0.0290453)
(6.325 0.01 -0.0292953)
(6.375 0.01 -0.0295454)
(6.425 0.01 -0.0297954)
(6.475 0.01 -0.0300455)
(6.525 0.01 -0.0302954)
(6.575 0.01 -0.0305454)
(6.625 0.01 -0.0307954)
(6.675 0.01 -0.0310455)
(6.725 0.01 -0.0312954)
(6.775 0.01 -0.0315455)
(6.825 0.01 -0.0317954)
(6.875 0.01 -0.0320454)
(6.925 0.01 -0.0322952)
(6.975 0.01 -0.0325453)
(7.025 0.01 -0.0327951)
(7.075 0.01 -0.0330452)
(7.125 0.01 -0.0332951)
(7.175 0.01 -0.0335451)
(7.225 0.01 -0.0337949)
(7.275 0.01 -0.034045)
(7.325 0.01 -0.0342948)
(7.375 0.01 -0.034545)
(7.425 0.01 -0.0347946)
(7.475 0.01 -0.0350448)
(7.525 0.01 -0.0352945)
(7.575 0.01 -0.0355447)
(7.625 0.01 -0.0357944)
(7.675 0.01 -0.0360445)
(7.725 0.01 -0.0362941)
(7.775 0.01 -0.0365443)
(7.825 0.01 -0.0367937)
(7.875 0.01 -0.0370439)
(7.925 0.01 -0.0372934)
(7.975 0.01 -0.0375436)
(8.025 0.01 -0.0377932)
(8.075 0.01 -0.0380433)
(8.125 0.01 -0.0382928)
(8.175 0.01 -0.038543)
(8.225 0.01 -0.0387925)
(8.275 0.01 -0.0390427)
(8.325 0.01 -0.0392921)
(8.375 0.01 -0.0395423)
(8.425 0.01 -0.0397918)
(8.475 0.01 -0.0400418)
(8.525 0.01 -0.0402913)
(8.575 0.01 -0.0405414)
(8.625 0.01 -0.0407909)
(8.675 0.01 -0.0410409)
(8.725 0.01 -0.0412905)
(8.775 0.01 -0.0415405)
(8.825 0.01 -0.0417902)
(8.875 0.01 -0.0420401)
(8.925 0.01 -0.0422898)
(8.975 0.01 -0.0425398)
(9.025 0.01 -0.0427894)
(9.075 0.01 -0.0430394)
(9.125 0.01 -0.0432891)
(9.175 0.01 -0.0435391)
(9.225 0.01 -0.043789)
(9.275 0.01 -0.0440389)
(9.325 0.01 -0.0442888)
(9.375 0.01 -0.0445387)
(9.425 0.01 -0.0447886)
(9.475 0.01 -0.0450385)
(9.525 0.01 -0.0452885)
(9.575 0.01 -0.0455383)
(9.625 0.01 -0.0457883)
(9.675 0.01 -0.0460382)
(9.725 0.01 -0.0462882)
(9.775 0.01 -0.046538)
(9.825 0.01 -0.0467882)
(9.875 0.01 -0.047038)
(9.925 0.01 -0.0472883)
(9.975 0.01 -0.047538)
(10.025 0.01 -0.0477883)
(10.075 0.01 -0.0480381)
(10.125 0.01 -0.0482883)
(10.175 0.01 -0.0485381)
(10.225 0.01 -0.0487885)
(10.275 0.01 -0.0490382)
(10.325 0.01 -0.0492885)
(10.375 0.01 -0.0495383)
(10.425 0.01 -0.0497886)
(10.475 0.01 -0.0500384)
(10.525 0.01 -0.0502888)
(10.575 0.01 -0.0505385)
(10.625 0.01 -0.050789)
(10.675 0.01 -0.0510388)
(10.725 0.01 -0.0512891)
(10.775 0.01 -0.0515389)
(10.825 0.01 -0.0517894)
(10.875 0.01 -0.0520392)
(10.925 0.01 -0.0522896)
(10.975 0.01 -0.0525395)
(11.025 0.01 -0.0527898)
(11.075 0.01 -0.0530397)
(11.125 0.01 -0.0532901)
(11.175 0.01 -0.05354)
(11.225 0.01 -0.0537904)
(11.275 0.01 -0.0540403)
(11.325 0.01 -0.0542907)
(11.375 0.01 -0.0545407)
(11.425 0.01 -0.054791)
(11.475 0.01 -0.0550409)
(11.525 0.01 -0.0552913)
(11.575 0.01 -0.0555413)
(11.625 0.01 -0.0557916)
(11.675 0.01 -0.0560416)
(11.725 0.01 -0.056292)
(11.775 0.01 -0.0565419)
(11.825 0.01 -0.0567923)
(11.875 0.01 -0.0570423)
(11.925 0.01 -0.0572925)
(11.975 0.01 -0.0575425)
(12.025 0.01 -0.0577928)
(12.075 0.01 -0.0580429)
(12.125 0.01 -0.058293)
(12.175 0.01 -0.0585431)
(12.225 0.01 -0.0587933)
(12.275 0.01 -0.0590432)
(12.325 0.01 -0.0592934)
(12.375 0.01 -0.0595435)
(12.425 0.01 -0.0597936)
(12.475 0.01 -0.0600437)
(12.525 0.01 -0.0602939)
(12.575 0.01 -0.0605439)
(12.625 0.01 -0.0607941)
(12.675 0.01 -0.0610441)
(12.725 0.01 -0.0612942)
(12.775 0.01 -0.0615442)
(12.825 0.01 -0.0617943)
(12.875 0.01 -0.0620444)
(12.925 0.01 -0.0622944)
(12.975 0.01 -0.0625445)
(13.025 0.01 -0.0627946)
(13.075 0.01 -0.0630445)
(13.125 0.01 -0.0632946)
(13.175 0.01 -0.0635447)
(13.225 0.01 -0.0637947)
(13.275 0.01 -0.0640448)
(13.325 0.01 -0.0642948)
(13.375 0.01 -0.0645449)
(13.425 0.01 -0.0647949)
(13.475 0.01 -0.0650448)
(13.525 0.01 -0.0652949)
(13.575 0.01 -0.0655449)
(13.625 0.01 -0.0657948)
(13.675 0.01 -0.0660449)
(13.725 0.01 -0.066295)
(13.775 0.01 -0.0665449)
(13.825 0.01 -0.0667949)
(13.875 0.01 -0.0670448)
(13.925 0.01 -0.0672948)
(13.975 0.01 -0.0675448)
(14.025 0.01 -0.0677948)
(14.075 0.01 -0.068045)
(14.125 0.01 -0.0682951)
(14.175 0.01 -0.0685448)
(14.225 0.01 -0.0687954)
(14.275 0.01 -0.0690436)
(14.325 0.01 -0.0692938)
(14.375 0.01 -0.0695467)
(14.425 0.01 -0.0697967)
(14.475 0.01 -0.0700462)
(14.525 0.01 -0.0702948)
(14.575 0.01 -0.0705444)
(14.625 0.01 -0.0707854)
(14.675 0.01 -0.0710699)
(14.725 0.01 -0.0712864)
(14.775 0.01 -0.0716469)
(14.825 0.01 -0.0731052)
(14.875 0.01 -0.074375)
(14.925 0.01 -0.074625)
(14.975 0.01 -0.074875)
)
;
    }
    topWall
    {
        type            calculated;
        value           nonuniform List<vector> 
300
(
(0.025 0.01 0.029875)
(0.075 0.01 0.029625)
(0.125 0.01 0.029375)
(0.175 0.01 0.029125)
(0.225 0.01 0.028875)
(0.275 0.01 0.028625)
(0.325 0.01 0.028375)
(0.375 0.01 0.028125)
(0.425 0.01 0.027875)
(0.475 0.01 0.027625)
(0.525 0.01 0.027375)
(0.575 0.01 0.027125)
(0.625 0.01 0.026875)
(0.675 0.01 0.026625)
(0.725 0.01 0.026375)
(0.775 0.01 0.026125)
(0.825 0.01 0.025875)
(0.875 0.01 0.025625)
(0.925 0.01 0.025375)
(0.975 0.01 0.025125)
(1.025 0.01 0.024875)
(1.075 0.01 0.024625)
(1.125 0.01 0.024375)
(1.175 0.01 0.024125)
(1.225 0.01 0.023875)
(1.275 0.01 0.023625)
(1.325 0.01 0.023375)
(1.375 0.01 0.023125)
(1.425 0.01 0.022875)
(1.475 0.01 0.022625)
(1.525 0.01 0.022375)
(1.575 0.01 0.022125)
(1.625 0.01 0.021875)
(1.675 0.01 0.021625)
(1.725 0.01 0.021375)
(1.775 0.01 0.021125)
(1.825 0.01 0.020875)
(1.875 0.01 0.020625)
(1.925 0.01 0.020375)
(1.975 0.01 0.020125)
(2.025 0.01 0.019875)
(2.075 0.01 0.019625)
(2.125 0.01 0.019375)
(2.175 0.01 0.019125)
(2.225 0.01 0.018875)
(2.275 0.01 0.018625)
(2.325 0.01 0.018375)
(2.375 0.01 0.018125)
(2.425 0.01 0.017875)
(2.475 0.01 0.017625)
(2.525 0.01 0.017375)
(2.575 0.01 0.017125)
(2.625 0.01 0.016875)
(2.675 0.01 0.016625)
(2.725 0.01 0.016375)
(2.775 0.01 0.016125)
(2.825 0.01 0.015875)
(2.875 0.01 0.015625)
(2.925 0.01 0.015375)
(2.975 0.01 0.015125)
(3.025 0.01 0.014875)
(3.075 0.01 0.014625)
(3.125 0.01 0.014375)
(3.175 0.01 0.014125)
(3.225 0.01 0.013875)
(3.275 0.01 0.013625)
(3.325 0.01 0.013375)
(3.375 0.01 0.013125)
(3.425 0.01 0.012875)
(3.475 0.01 0.012625)
(3.525 0.01 0.012375)
(3.575 0.01 0.012125)
(3.625 0.01 0.011875)
(3.675 0.01 0.011625)
(3.725 0.01 0.011375)
(3.775 0.01 0.011125)
(3.825 0.01 0.010875)
(3.875 0.01 0.010625)
(3.925 0.01 0.010375)
(3.975 0.01 0.010125)
(4.025 0.01 0.009875)
(4.075 0.01 0.009625)
(4.125 0.01 0.009375)
(4.175 0.01 0.009125)
(4.225 0.01 0.008875)
(4.275 0.01 0.008625)
(4.325 0.01 0.008375)
(4.375 0.01 0.008125)
(4.425 0.01 0.007875)
(4.475 0.01 0.007625)
(4.525 0.01 0.007375)
(4.575 0.01 0.007125)
(4.625 0.01 0.006875)
(4.675 0.01 0.006625)
(4.725 0.01 0.006375)
(4.775 0.01 0.006125)
(4.825 0.01 0.005875)
(4.875 0.01 0.005625)
(4.925 0.01 0.005375)
(4.975 0.01 0.005125)
(5.025 0.01 0.004875)
(5.075 0.01 0.004625)
(5.125 0.01 0.004375)
(5.175 0.01 0.004125)
(5.225 0.01 0.003875)
(5.275 0.01 0.003625)
(5.325 0.01 0.003375)
(5.375 0.01 0.003125)
(5.425 0.01 0.002875)
(5.475 0.01 0.002625)
(5.525 0.01 0.002375)
(5.575 0.01 0.002125)
(5.625 0.01 0.001875)
(5.675 0.01 0.001625)
(5.725 0.01 0.001375)
(5.775 0.01 0.001125)
(5.825 0.01 0.000875)
(5.875 0.01 0.000625)
(5.925 0.01 0.000375)
(5.975 0.01 0.000125)
(6.025 0.01 -0.000125)
(6.075 0.01 -0.000375)
(6.125 0.01 -0.000625)
(6.175 0.01 -0.000875)
(6.225 0.01 -0.001125)
(6.275 0.01 -0.001375)
(6.325 0.01 -0.001625)
(6.375 0.01 -0.001875)
(6.425 0.01 -0.002125)
(6.475 0.01 -0.002375)
(6.525 0.01 -0.002625)
(6.575 0.01 -0.002875)
(6.625 0.01 -0.003125)
(6.675 0.01 -0.003375)
(6.725 0.01 -0.003625)
(6.775 0.01 -0.003875)
(6.825 0.01 -0.004125)
(6.875 0.01 -0.004375)
(6.925 0.01 -0.004625)
(6.975 0.01 -0.004875)
(7.025 0.01 -0.005125)
(7.075 0.01 -0.005375)
(7.125 0.01 -0.005625)
(7.175 0.01 -0.005875)
(7.225 0.01 -0.006125)
(7.275 0.01 -0.006375)
(7.325 0.01 -0.006625)
(7.375 0.01 -0.006875)
(7.425 0.01 -0.007125)
(7.475 0.01 -0.007375)
(7.525 0.01 -0.007625)
(7.575 0.01 -0.007875)
(7.625 0.01 -0.008125)
(7.675 0.01 -0.008375)
(7.725 0.01 -0.008625)
(7.775 0.01 -0.008875)
(7.825 0.01 -0.009125)
(7.875 0.01 -0.009375)
(7.925 0.01 -0.009625)
(7.975 0.01 -0.009875)
(8.025 0.01 -0.010125)
(8.075 0.01 -0.010375)
(8.125 0.01 -0.010625)
(8.175 0.01 -0.010875)
(8.225 0.01 -0.011125)
(8.275 0.01 -0.011375)
(8.325 0.01 -0.011625)
(8.375 0.01 -0.011875)
(8.425 0.01 -0.012125)
(8.475 0.01 -0.012375)
(8.525 0.01 -0.012625)
(8.575 0.01 -0.012875)
(8.625 0.01 -0.013125)
(8.675 0.01 -0.013375)
(8.725 0.01 -0.013625)
(8.775 0.01 -0.013875)
(8.825 0.01 -0.014125)
(8.875 0.01 -0.014375)
(8.925 0.01 -0.014625)
(8.975 0.01 -0.014875)
(9.025 0.01 -0.015125)
(9.075 0.01 -0.015375)
(9.125 0.01 -0.015625)
(9.175 0.01 -0.015875)
(9.225 0.01 -0.016125)
(9.275 0.01 -0.016375)
(9.325 0.01 -0.016625)
(9.375 0.01 -0.016875)
(9.425 0.01 -0.017125)
(9.475 0.01 -0.017375)
(9.525 0.01 -0.017625)
(9.575 0.01 -0.017875)
(9.625 0.01 -0.018125)
(9.675 0.01 -0.018375)
(9.725 0.01 -0.018625)
(9.775 0.01 -0.018875)
(9.825 0.01 -0.019125)
(9.875 0.01 -0.019375)
(9.925 0.01 -0.019625)
(9.975 0.01 -0.019875)
(10.025 0.01 -0.020125)
(10.075 0.01 -0.020375)
(10.125 0.01 -0.020625)
(10.175 0.01 -0.020875)
(10.225 0.01 -0.021125)
(10.275 0.01 -0.021375)
(10.325 0.01 -0.021625)
(10.375 0.01 -0.021875)
(10.425 0.01 -0.022125)
(10.475 0.01 -0.022375)
(10.525 0.01 -0.022625)
(10.575 0.01 -0.022875)
(10.625 0.01 -0.023125)
(10.675 0.01 -0.023375)
(10.725 0.01 -0.023625)
(10.775 0.01 -0.023875)
(10.825 0.01 -0.024125)
(10.875 0.01 -0.024375)
(10.925 0.01 -0.024625)
(10.975 0.01 -0.024875)
(11.025 0.01 -0.025125)
(11.075 0.01 -0.025375)
(11.125 0.01 -0.025625)
(11.175 0.01 -0.025875)
(11.225 0.01 -0.026125)
(11.275 0.01 -0.026375)
(11.325 0.01 -0.026625)
(11.375 0.01 -0.026875)
(11.425 0.01 -0.027125)
(11.475 0.01 -0.027375)
(11.525 0.01 -0.027625)
(11.575 0.01 -0.027875)
(11.625 0.01 -0.028125)
(11.675 0.01 -0.028375)
(11.725 0.01 -0.028625)
(11.775 0.01 -0.028875)
(11.825 0.01 -0.029125)
(11.875 0.01 -0.029375)
(11.925 0.01 -0.029625)
(11.975 0.01 -0.029875)
(12.025 0.01 -0.030125)
(12.075 0.01 -0.030375)
(12.125 0.01 -0.030625)
(12.175 0.01 -0.030875)
(12.225 0.01 -0.031125)
(12.275 0.01 -0.031375)
(12.325 0.01 -0.031625)
(12.375 0.01 -0.031875)
(12.425 0.01 -0.032125)
(12.475 0.01 -0.032375)
(12.525 0.01 -0.032625)
(12.575 0.01 -0.032875)
(12.625 0.01 -0.033125)
(12.675 0.01 -0.033375)
(12.725 0.01 -0.033625)
(12.775 0.01 -0.033875)
(12.825 0.01 -0.034125)
(12.875 0.01 -0.034375)
(12.925 0.01 -0.034625)
(12.975 0.01 -0.034875)
(13.025 0.01 -0.035125)
(13.075 0.01 -0.035375)
(13.125 0.01 -0.035625)
(13.175 0.01 -0.035875)
(13.225 0.01 -0.036125)
(13.275 0.01 -0.036375)
(13.325 0.01 -0.036625)
(13.375 0.01 -0.036875)
(13.425 0.01 -0.037125)
(13.475 0.01 -0.037375)
(13.525 0.01 -0.037625)
(13.575 0.01 -0.037875)
(13.625 0.01 -0.038125)
(13.675 0.01 -0.038375)
(13.725 0.01 -0.038625)
(13.775 0.01 -0.038875)
(13.825 0.01 -0.039125)
(13.875 0.01 -0.039375)
(13.925 0.01 -0.039625)
(13.975 0.01 -0.039875)
(14.025 0.01 -0.040125)
(14.075 0.01 -0.040375)
(14.125 0.01 -0.040625)
(14.175 0.01 -0.040875)
(14.225 0.01 -0.041125)
(14.275 0.01 -0.041375)
(14.325 0.01 -0.041625)
(14.375 0.01 -0.041875)
(14.425 0.01 -0.042125)
(14.475 0.01 -0.042375)
(14.525 0.01 -0.042625)
(14.575 0.01 -0.042875)
(14.625 0.01 -0.043125)
(14.675 0.01 -0.043375)
(14.725 0.01 -0.043625)
(14.775 0.01 -0.043875)
(14.825 0.01 -0.044125)
(14.875 0.01 -0.044375)
(14.925 0.01 -0.044625)
(14.975 0.01 -0.044875)
)
;
    }
}


// ************************************************************************* //
