/*--------------------------------*- C++ -*----------------------------------*\
| =========                 |                                                 |
| \\      /  F ield         | foam-extend: Open Source CFD                    |
|  \\    /   O peration     | Version:     3.2                                |
|   \\  /    A nd           | Web:         http://www.foam-extend.org         |
|    \\/     M anipulation  | For copyright notice see file Copyright         |
\*---------------------------------------------------------------------------*/
FoamFile
{
    version     2.0;
    format      ascii;
    class       volScalarField;
    location    "200";
    object      pd;
}
// * * * * * * * * * * * * * * * * * * * * * * * * * * * * * * * * * * * * * //

dimensions      [1 -1 -2 0 0 0 0];

internalField   nonuniform List<scalar> 
5400
(
2552.17
2499.31
2496.72
2484.17
2475.87
2466.39
2458.01
2449.59
2441.58
2433.71
2426.03
2418.46
2411.02
2403.65
2396.36
2389.12
2381.92
2374.72
2367.59
2360.46
2353.28
2346.08
2338.82
2331.51
2324.12
2316.63
2309.03
2301.29
2293.45
2285.5
2277.47
2269.37
2261.22
2253.01
2244.77
2236.49
2228.18
2219.85
2211.49
2203.13
2194.74
2186.35
2177.95
2169.53
2161.12
2152.69
2144.26
2135.83
2127.39
2118.95
2110.51
2102.07
2093.62
2085.17
2076.72
2068.27
2059.82
2051.36
2042.91
2034.46
2026
2017.54
2009.09
2000.63
1992.17
1983.72
1975.26
1966.8
1958.34
1949.88
1941.43
1932.97
1924.51
1916.05
1907.59
1899.13
1890.67
1882.21
1873.76
1865.3
1856.84
1848.38
1839.92
1831.46
1823
1814.54
1806.08
1797.62
1789.16
1780.7
1772.24
1763.78
1755.33
1746.87
1738.41
1729.95
1721.49
1713.03
1704.57
1696.11
1687.65
1679.19
1670.73
1662.27
1653.81
1645.35
1636.89
1628.43
1619.97
1611.52
1603.06
1594.6
1586.14
1577.68
1569.22
1560.76
1552.3
1543.84
1535.38
1526.92
1518.46
1510
1501.54
1493.08
1484.62
1476.16
1467.71
1459.25
1450.79
1442.33
1433.87
1425.41
1416.95
1408.49
1400.03
1391.57
1383.11
1374.65
1366.19
1357.73
1349.27
1340.81
1332.36
1323.9
1315.44
1306.98
1298.52
1290.06
1281.6
1273.14
1264.68
1256.22
1247.76
1239.3
1230.84
1222.38
1213.92
1205.46
1197
1188.55
1180.09
1171.63
1163.17
1154.71
1146.25
1137.79
1129.33
1120.87
1112.41
1103.95
1095.49
1087.03
1078.57
1070.11
1061.65
1053.19
1044.74
1036.28
1027.82
1019.36
1010.9
1002.44
993.979
985.52
977.06
968.601
960.142
951.682
943.223
934.763
926.304
917.845
909.385
900.926
892.466
884.007
875.548
867.088
858.629
850.169
841.71
833.251
824.791
816.332
807.872
799.413
790.954
782.494
774.035
765.576
757.116
748.657
740.197
731.738
723.279
714.819
706.36
697.9
689.441
680.982
672.522
664.063
655.603
647.144
638.684
630.225
621.766
613.306
604.847
596.387
587.928
579.469
571.009
562.55
554.09
545.631
537.172
528.712
520.253
511.794
503.334
494.875
486.415
477.956
469.497
461.037
452.578
444.118
435.659
427.2
418.74
410.281
401.821
393.362
384.903
376.443
367.984
359.524
351.065
342.606
334.146
325.687
317.227
308.768
300.309
291.849
283.39
274.93
266.471
258.012
249.552
241.093
232.633
224.174
215.715
207.255
198.796
190.336
181.877
173.418
164.958
156.499
148.039
139.58
131.121
122.661
114.202
105.742
97.2831
88.8237
80.3643
71.9049
63.4455
54.9861
46.5267
38.0673
29.6079
21.1485
12.6891
4.22901
2552.04
2499.43
2496.77
2484.19
2475.88
2466.4
2458.01
2449.59
2441.58
2433.71
2426.03
2418.46
2411.02
2403.65
2396.35
2389.11
2381.92
2374.72
2367.59
2360.45
2353.28
2346.07
2338.82
2331.5
2324.12
2316.63
2309.03
2301.29
2293.44
2285.5
2277.47
2269.37
2261.22
2253.01
2244.77
2236.49
2228.18
2219.85
2211.49
2203.13
2194.74
2186.35
2177.95
2169.53
2161.12
2152.69
2144.26
2135.83
2127.39
2118.95
2110.51
2102.07
2093.62
2085.17
2076.72
2068.27
2059.82
2051.36
2042.91
2034.46
2026
2017.54
2009.09
2000.63
1992.17
1983.72
1975.26
1966.8
1958.34
1949.88
1941.43
1932.97
1924.51
1916.05
1907.59
1899.13
1890.67
1882.21
1873.76
1865.3
1856.84
1848.38
1839.92
1831.46
1823
1814.54
1806.08
1797.62
1789.16
1780.7
1772.24
1763.78
1755.33
1746.87
1738.41
1729.95
1721.49
1713.03
1704.57
1696.11
1687.65
1679.19
1670.73
1662.27
1653.81
1645.35
1636.89
1628.43
1619.97
1611.52
1603.06
1594.6
1586.14
1577.68
1569.22
1560.76
1552.3
1543.84
1535.38
1526.92
1518.46
1510
1501.54
1493.08
1484.62
1476.16
1467.71
1459.25
1450.79
1442.33
1433.87
1425.41
1416.95
1408.49
1400.03
1391.57
1383.11
1374.65
1366.19
1357.73
1349.27
1340.81
1332.36
1323.9
1315.44
1306.98
1298.52
1290.06
1281.6
1273.14
1264.68
1256.22
1247.76
1239.3
1230.84
1222.38
1213.92
1205.46
1197
1188.55
1180.09
1171.63
1163.17
1154.71
1146.25
1137.79
1129.33
1120.87
1112.41
1103.95
1095.49
1087.03
1078.57
1070.11
1061.65
1053.19
1044.74
1036.28
1027.82
1019.36
1010.9
1002.44
993.979
985.52
977.06
968.601
960.142
951.682
943.223
934.763
926.304
917.845
909.385
900.926
892.466
884.007
875.548
867.088
858.629
850.169
841.71
833.251
824.791
816.332
807.872
799.413
790.954
782.494
774.035
765.576
757.116
748.657
740.197
731.738
723.279
714.819
706.36
697.9
689.441
680.982
672.522
664.063
655.603
647.144
638.684
630.225
621.766
613.306
604.847
596.387
587.928
579.469
571.009
562.55
554.09
545.631
537.172
528.712
520.253
511.794
503.334
494.875
486.415
477.956
469.497
461.037
452.578
444.118
435.659
427.2
418.74
410.281
401.821
393.362
384.903
376.443
367.984
359.524
351.065
342.606
334.146
325.687
317.227
308.768
300.309
291.849
283.39
274.93
266.471
258.012
249.552
241.093
232.633
224.174
215.715
207.255
198.796
190.336
181.877
173.418
164.958
156.499
148.039
139.58
131.121
122.661
114.202
105.742
97.2831
88.8237
80.3643
71.9049
63.4455
54.9861
46.5267
38.0673
29.6079
21.1485
12.6891
4.22937
2551.75
2499.6
2496.85
2484.23
2475.9
2466.41
2458.02
2449.6
2441.59
2433.72
2426.03
2418.46
2411.02
2403.65
2396.35
2389.11
2381.92
2374.72
2367.59
2360.45
2353.28
2346.07
2338.82
2331.5
2324.11
2316.63
2309.02
2301.29
2293.44
2285.5
2277.47
2269.37
2261.22
2253.01
2244.77
2236.49
2228.18
2219.85
2211.49
2203.13
2194.74
2186.35
2177.95
2169.53
2161.12
2152.69
2144.26
2135.83
2127.39
2118.95
2110.51
2102.07
2093.62
2085.17
2076.72
2068.27
2059.82
2051.36
2042.91
2034.46
2026
2017.54
2009.09
2000.63
1992.17
1983.72
1975.26
1966.8
1958.34
1949.88
1941.43
1932.97
1924.51
1916.05
1907.59
1899.13
1890.67
1882.21
1873.76
1865.3
1856.84
1848.38
1839.92
1831.46
1823
1814.54
1806.08
1797.62
1789.16
1780.7
1772.24
1763.78
1755.33
1746.87
1738.41
1729.95
1721.49
1713.03
1704.57
1696.11
1687.65
1679.19
1670.73
1662.27
1653.81
1645.35
1636.89
1628.43
1619.97
1611.52
1603.06
1594.6
1586.14
1577.68
1569.22
1560.76
1552.3
1543.84
1535.38
1526.92
1518.46
1510
1501.54
1493.08
1484.62
1476.16
1467.71
1459.25
1450.79
1442.33
1433.87
1425.41
1416.95
1408.49
1400.03
1391.57
1383.11
1374.65
1366.19
1357.73
1349.27
1340.81
1332.36
1323.9
1315.44
1306.98
1298.52
1290.06
1281.6
1273.14
1264.68
1256.22
1247.76
1239.3
1230.84
1222.38
1213.92
1205.46
1197
1188.55
1180.09
1171.63
1163.17
1154.71
1146.25
1137.79
1129.33
1120.87
1112.41
1103.95
1095.49
1087.03
1078.57
1070.11
1061.65
1053.19
1044.74
1036.28
1027.82
1019.36
1010.9
1002.44
993.979
985.52
977.06
968.601
960.142
951.682
943.223
934.763
926.304
917.845
909.385
900.926
892.466
884.007
875.548
867.088
858.629
850.169
841.71
833.251
824.791
816.332
807.872
799.413
790.954
782.494
774.035
765.576
757.116
748.657
740.197
731.738
723.279
714.819
706.36
697.9
689.441
680.982
672.522
664.063
655.603
647.144
638.684
630.225
621.766
613.306
604.847
596.387
587.928
579.469
571.009
562.55
554.09
545.631
537.172
528.712
520.253
511.794
503.334
494.875
486.415
477.956
469.497
461.037
452.578
444.118
435.659
427.2
418.74
410.281
401.821
393.362
384.903
376.443
367.984
359.524
351.065
342.606
334.146
325.687
317.227
308.768
300.309
291.849
283.39
274.93
266.471
258.012
249.552
241.093
232.633
224.174
215.715
207.255
198.796
190.336
181.877
173.418
164.958
156.499
148.039
139.58
131.121
122.661
114.202
105.742
97.2831
88.8237
80.3643
71.9049
63.4455
54.9861
46.5267
38.0673
29.6079
21.1485
12.6891
4.22993
2551.4
2499.82
2496.94
2484.27
2475.93
2466.43
2458.04
2449.61
2441.59
2433.72
2426.03
2418.46
2411.02
2403.65
2396.36
2389.11
2381.92
2374.72
2367.59
2360.45
2353.28
2346.07
2338.82
2331.5
2324.11
2316.63
2309.02
2301.28
2293.44
2285.49
2277.47
2269.37
2261.22
2253.01
2244.77
2236.49
2228.18
2219.84
2211.49
2203.12
2194.74
2186.35
2177.95
2169.53
2161.12
2152.69
2144.26
2135.83
2127.39
2118.95
2110.51
2102.07
2093.62
2085.17
2076.72
2068.27
2059.82
2051.36
2042.91
2034.46
2026
2017.54
2009.09
2000.63
1992.17
1983.72
1975.26
1966.8
1958.34
1949.88
1941.43
1932.97
1924.51
1916.05
1907.59
1899.13
1890.67
1882.21
1873.76
1865.3
1856.84
1848.38
1839.92
1831.46
1823
1814.54
1806.08
1797.62
1789.16
1780.7
1772.24
1763.78
1755.33
1746.87
1738.41
1729.95
1721.49
1713.03
1704.57
1696.11
1687.65
1679.19
1670.73
1662.27
1653.81
1645.35
1636.89
1628.43
1619.97
1611.52
1603.06
1594.6
1586.14
1577.68
1569.22
1560.76
1552.3
1543.84
1535.38
1526.92
1518.46
1510
1501.54
1493.08
1484.62
1476.16
1467.71
1459.25
1450.79
1442.33
1433.87
1425.41
1416.95
1408.49
1400.03
1391.57
1383.11
1374.65
1366.19
1357.73
1349.27
1340.81
1332.36
1323.9
1315.44
1306.98
1298.52
1290.06
1281.6
1273.14
1264.68
1256.22
1247.76
1239.3
1230.84
1222.38
1213.92
1205.46
1197
1188.55
1180.09
1171.63
1163.17
1154.71
1146.25
1137.79
1129.33
1120.87
1112.41
1103.95
1095.49
1087.03
1078.57
1070.11
1061.65
1053.19
1044.74
1036.28
1027.82
1019.36
1010.9
1002.44
993.979
985.52
977.06
968.601
960.142
951.682
943.223
934.763
926.304
917.845
909.385
900.926
892.466
884.007
875.548
867.088
858.629
850.169
841.71
833.251
824.791
816.332
807.872
799.413
790.954
782.494
774.035
765.576
757.116
748.657
740.197
731.738
723.279
714.819
706.36
697.9
689.441
680.982
672.522
664.063
655.603
647.144
638.684
630.225
621.766
613.306
604.847
596.387
587.928
579.469
571.009
562.55
554.09
545.631
537.172
528.712
520.253
511.794
503.334
494.875
486.415
477.956
469.497
461.037
452.578
444.118
435.659
427.2
418.74
410.281
401.821
393.362
384.903
376.443
367.984
359.524
351.065
342.606
334.146
325.687
317.227
308.768
300.309
291.849
283.39
274.93
266.471
258.012
249.552
241.093
232.633
224.174
215.715
207.255
198.796
190.336
181.877
173.418
164.958
156.499
148.039
139.58
131.121
122.661
114.202
105.742
97.2831
88.8237
80.3643
71.9049
63.4455
54.9861
46.5267
38.0673
29.6079
21.1485
12.6891
4.22983
2551.07
2500.01
2497.06
2484.31
2475.96
2466.46
2458.05
2449.62
2441.6
2433.73
2426.04
2418.47
2411.02
2403.65
2396.36
2389.12
2381.92
2374.72
2367.59
2360.45
2353.28
2346.07
2338.82
2331.5
2324.11
2316.62
2309.02
2301.28
2293.44
2285.49
2277.47
2269.37
2261.21
2253.01
2244.76
2236.48
2228.18
2219.84
2211.49
2203.12
2194.74
2186.35
2177.95
2169.53
2161.11
2152.69
2144.26
2135.83
2127.39
2118.95
2110.51
2102.07
2093.62
2085.17
2076.72
2068.27
2059.82
2051.36
2042.91
2034.46
2026
2017.54
2009.09
2000.63
1992.17
1983.72
1975.26
1966.8
1958.34
1949.88
1941.43
1932.97
1924.51
1916.05
1907.59
1899.13
1890.67
1882.21
1873.76
1865.3
1856.84
1848.38
1839.92
1831.46
1823
1814.54
1806.08
1797.62
1789.16
1780.7
1772.24
1763.78
1755.33
1746.87
1738.41
1729.95
1721.49
1713.03
1704.57
1696.11
1687.65
1679.19
1670.73
1662.27
1653.81
1645.35
1636.89
1628.43
1619.97
1611.52
1603.06
1594.6
1586.14
1577.68
1569.22
1560.76
1552.3
1543.84
1535.38
1526.92
1518.46
1510
1501.54
1493.08
1484.62
1476.16
1467.71
1459.25
1450.79
1442.33
1433.87
1425.41
1416.95
1408.49
1400.03
1391.57
1383.11
1374.65
1366.19
1357.73
1349.27
1340.81
1332.36
1323.9
1315.44
1306.98
1298.52
1290.06
1281.6
1273.14
1264.68
1256.22
1247.76
1239.3
1230.84
1222.38
1213.92
1205.46
1197
1188.55
1180.09
1171.63
1163.17
1154.71
1146.25
1137.79
1129.33
1120.87
1112.41
1103.95
1095.49
1087.03
1078.57
1070.11
1061.65
1053.19
1044.74
1036.28
1027.82
1019.36
1010.9
1002.44
993.979
985.52
977.06
968.601
960.142
951.682
943.223
934.763
926.304
917.845
909.385
900.926
892.466
884.007
875.548
867.088
858.629
850.169
841.71
833.251
824.791
816.332
807.872
799.413
790.954
782.494
774.035
765.576
757.116
748.657
740.197
731.738
723.279
714.819
706.36
697.9
689.441
680.982
672.522
664.063
655.603
647.144
638.684
630.225
621.766
613.306
604.847
596.387
587.928
579.469
571.009
562.55
554.09
545.631
537.172
528.712
520.253
511.794
503.334
494.875
486.415
477.956
469.497
461.037
452.578
444.118
435.659
427.2
418.74
410.281
401.821
393.362
384.903
376.443
367.984
359.524
351.065
342.606
334.146
325.687
317.227
308.768
300.309
291.849
283.39
274.93
266.471
258.012
249.552
241.093
232.633
224.174
215.715
207.255
198.796
190.336
181.877
173.418
164.958
156.499
148.039
139.58
131.121
122.661
114.202
105.742
97.2831
88.8237
80.3643
71.9049
63.4455
54.9861
46.5267
38.0673
29.6079
21.1485
12.6891
4.22981
2550.83
2500.09
2497.21
2484.33
2475.98
2466.48
2458.07
2449.64
2441.62
2433.74
2426.05
2418.48
2411.03
2403.65
2396.36
2389.12
2381.92
2374.72
2367.59
2360.45
2353.28
2346.07
2338.82
2331.5
2324.11
2316.62
2309.02
2301.28
2293.44
2285.49
2277.47
2269.37
2261.21
2253.01
2244.76
2236.48
2228.18
2219.84
2211.49
2203.12
2194.74
2186.35
2177.95
2169.53
2161.11
2152.69
2144.26
2135.83
2127.39
2118.95
2110.51
2102.07
2093.62
2085.17
2076.72
2068.27
2059.82
2051.36
2042.91
2034.46
2026
2017.54
2009.09
2000.63
1992.17
1983.72
1975.26
1966.8
1958.34
1949.88
1941.43
1932.97
1924.51
1916.05
1907.59
1899.13
1890.67
1882.21
1873.76
1865.3
1856.84
1848.38
1839.92
1831.46
1823
1814.54
1806.08
1797.62
1789.16
1780.7
1772.24
1763.78
1755.33
1746.87
1738.41
1729.95
1721.49
1713.03
1704.57
1696.11
1687.65
1679.19
1670.73
1662.27
1653.81
1645.35
1636.89
1628.43
1619.97
1611.52
1603.06
1594.6
1586.14
1577.68
1569.22
1560.76
1552.3
1543.84
1535.38
1526.92
1518.46
1510
1501.54
1493.08
1484.62
1476.16
1467.71
1459.25
1450.79
1442.33
1433.87
1425.41
1416.95
1408.49
1400.03
1391.57
1383.11
1374.65
1366.19
1357.73
1349.27
1340.81
1332.36
1323.9
1315.44
1306.98
1298.52
1290.06
1281.6
1273.14
1264.68
1256.22
1247.76
1239.3
1230.84
1222.38
1213.92
1205.46
1197
1188.55
1180.09
1171.63
1163.17
1154.71
1146.25
1137.79
1129.33
1120.87
1112.41
1103.95
1095.49
1087.03
1078.57
1070.11
1061.65
1053.19
1044.74
1036.28
1027.82
1019.36
1010.9
1002.44
993.979
985.52
977.06
968.601
960.142
951.682
943.223
934.763
926.304
917.845
909.385
900.926
892.466
884.007
875.548
867.088
858.629
850.169
841.71
833.251
824.791
816.332
807.872
799.413
790.954
782.494
774.035
765.576
757.116
748.657
740.197
731.738
723.279
714.819
706.36
697.9
689.441
680.982
672.522
664.063
655.603
647.144
638.684
630.225
621.766
613.306
604.847
596.387
587.928
579.469
571.009
562.55
554.09
545.631
537.172
528.712
520.253
511.794
503.334
494.875
486.415
477.956
469.497
461.037
452.578
444.118
435.659
427.2
418.74
410.281
401.821
393.362
384.903
376.443
367.984
359.524
351.065
342.606
334.146
325.687
317.227
308.768
300.309
291.849
283.39
274.93
266.471
258.012
249.552
241.093
232.633
224.174
215.715
207.255
198.796
190.336
181.877
173.418
164.958
156.499
148.039
139.58
131.121
122.661
114.202
105.742
97.2831
88.8237
80.3643
71.9049
63.4455
54.9861
46.5267
38.0673
29.6079
21.1485
12.6891
4.22982
2550.59
2500.22
2497.3
2484.34
2476
2466.49
2458.09
2449.66
2441.63
2433.75
2426.06
2418.48
2411.04
2403.66
2396.37
2389.12
2381.92
2374.73
2367.59
2360.45
2353.28
2346.07
2338.82
2331.5
2324.11
2316.62
2309.02
2301.28
2293.43
2285.49
2277.46
2269.37
2261.21
2253.01
2244.76
2236.48
2228.18
2219.84
2211.49
2203.12
2194.74
2186.35
2177.95
2169.53
2161.11
2152.69
2144.26
2135.83
2127.39
2118.95
2110.51
2102.06
2093.62
2085.17
2076.72
2068.27
2059.82
2051.36
2042.91
2034.46
2026
2017.54
2009.09
2000.63
1992.17
1983.72
1975.26
1966.8
1958.34
1949.88
1941.43
1932.97
1924.51
1916.05
1907.59
1899.13
1890.67
1882.21
1873.76
1865.3
1856.84
1848.38
1839.92
1831.46
1823
1814.54
1806.08
1797.62
1789.16
1780.7
1772.24
1763.78
1755.33
1746.87
1738.41
1729.95
1721.49
1713.03
1704.57
1696.11
1687.65
1679.19
1670.73
1662.27
1653.81
1645.35
1636.89
1628.43
1619.97
1611.52
1603.06
1594.6
1586.14
1577.68
1569.22
1560.76
1552.3
1543.84
1535.38
1526.92
1518.46
1510
1501.54
1493.08
1484.62
1476.16
1467.71
1459.25
1450.79
1442.33
1433.87
1425.41
1416.95
1408.49
1400.03
1391.57
1383.11
1374.65
1366.19
1357.73
1349.27
1340.81
1332.36
1323.9
1315.44
1306.98
1298.52
1290.06
1281.6
1273.14
1264.68
1256.22
1247.76
1239.3
1230.84
1222.38
1213.92
1205.46
1197
1188.55
1180.09
1171.63
1163.17
1154.71
1146.25
1137.79
1129.33
1120.87
1112.41
1103.95
1095.49
1087.03
1078.57
1070.11
1061.65
1053.19
1044.74
1036.28
1027.82
1019.36
1010.9
1002.44
993.979
985.52
977.06
968.601
960.142
951.682
943.223
934.763
926.304
917.845
909.385
900.926
892.466
884.007
875.548
867.088
858.629
850.169
841.71
833.251
824.791
816.332
807.872
799.413
790.954
782.494
774.035
765.576
757.116
748.657
740.197
731.738
723.279
714.819
706.36
697.9
689.441
680.982
672.522
664.063
655.603
647.144
638.684
630.225
621.766
613.306
604.847
596.387
587.928
579.469
571.009
562.55
554.09
545.631
537.172
528.712
520.253
511.794
503.334
494.875
486.415
477.956
469.497
461.037
452.578
444.118
435.659
427.2
418.74
410.281
401.821
393.362
384.903
376.443
367.984
359.524
351.065
342.606
334.146
325.687
317.227
308.768
300.309
291.849
283.39
274.93
266.471
258.012
249.552
241.093
232.633
224.174
215.715
207.255
198.796
190.336
181.877
173.418
164.958
156.499
148.039
139.58
131.121
122.661
114.202
105.742
97.2831
88.8237
80.3643
71.9049
63.4455
54.9861
46.5267
38.0673
29.6079
21.1485
12.6891
4.22982
2550.35
2500.39
2497.35
2484.35
2476.02
2466.51
2458.1
2449.67
2441.65
2433.77
2426.07
2418.5
2411.05
2403.67
2396.37
2389.13
2381.93
2374.73
2367.59
2360.46
2353.28
2346.07
2338.82
2331.5
2324.11
2316.62
2309.02
2301.28
2293.43
2285.49
2277.46
2269.37
2261.21
2253.01
2244.76
2236.48
2228.18
2219.84
2211.49
2203.12
2194.74
2186.35
2177.95
2169.53
2161.11
2152.69
2144.26
2135.83
2127.39
2118.95
2110.51
2102.06
2093.62
2085.17
2076.72
2068.27
2059.82
2051.36
2042.91
2034.46
2026
2017.54
2009.09
2000.63
1992.17
1983.72
1975.26
1966.8
1958.34
1949.88
1941.43
1932.97
1924.51
1916.05
1907.59
1899.13
1890.67
1882.21
1873.76
1865.3
1856.84
1848.38
1839.92
1831.46
1823
1814.54
1806.08
1797.62
1789.16
1780.7
1772.24
1763.78
1755.33
1746.87
1738.41
1729.95
1721.49
1713.03
1704.57
1696.11
1687.65
1679.19
1670.73
1662.27
1653.81
1645.35
1636.89
1628.43
1619.97
1611.52
1603.06
1594.6
1586.14
1577.68
1569.22
1560.76
1552.3
1543.84
1535.38
1526.92
1518.46
1510
1501.54
1493.08
1484.62
1476.16
1467.71
1459.25
1450.79
1442.33
1433.87
1425.41
1416.95
1408.49
1400.03
1391.57
1383.11
1374.65
1366.19
1357.73
1349.27
1340.81
1332.36
1323.9
1315.44
1306.98
1298.52
1290.06
1281.6
1273.14
1264.68
1256.22
1247.76
1239.3
1230.84
1222.38
1213.92
1205.46
1197
1188.55
1180.09
1171.63
1163.17
1154.71
1146.25
1137.79
1129.33
1120.87
1112.41
1103.95
1095.49
1087.03
1078.57
1070.11
1061.65
1053.19
1044.74
1036.28
1027.82
1019.36
1010.9
1002.44
993.979
985.52
977.06
968.601
960.142
951.682
943.223
934.763
926.304
917.845
909.385
900.926
892.466
884.007
875.548
867.088
858.629
850.169
841.71
833.251
824.791
816.332
807.872
799.413
790.954
782.494
774.035
765.576
757.116
748.657
740.197
731.738
723.279
714.819
706.36
697.9
689.441
680.982
672.522
664.063
655.603
647.144
638.684
630.225
621.766
613.306
604.847
596.387
587.928
579.469
571.009
562.55
554.09
545.631
537.172
528.712
520.253
511.794
503.334
494.875
486.415
477.956
469.497
461.037
452.578
444.118
435.659
427.2
418.74
410.281
401.821
393.362
384.903
376.443
367.984
359.524
351.065
342.606
334.146
325.687
317.227
308.768
300.309
291.849
283.39
274.93
266.471
258.012
249.552
241.093
232.633
224.174
215.715
207.255
198.796
190.336
181.877
173.418
164.958
156.499
148.039
139.58
131.121
122.661
114.202
105.742
97.2831
88.8237
80.3643
71.9049
63.4455
54.9861
46.5267
38.0673
29.6079
21.1485
12.6891
4.22982
2550.1
2500.52
2497.4
2484.35
2476.04
2466.52
2458.12
2449.68
2441.66
2433.78
2426.08
2418.51
2411.06
2403.68
2396.38
2389.14
2381.94
2374.74
2367.6
2360.46
2353.29
2346.08
2338.82
2331.5
2324.11
2316.62
2309.02
2301.28
2293.43
2285.49
2277.46
2269.37
2261.21
2253.01
2244.76
2236.48
2228.18
2219.84
2211.49
2203.12
2194.74
2186.35
2177.95
2169.53
2161.11
2152.69
2144.26
2135.83
2127.39
2118.95
2110.51
2102.06
2093.62
2085.17
2076.72
2068.27
2059.82
2051.36
2042.91
2034.46
2026
2017.54
2009.09
2000.63
1992.17
1983.72
1975.26
1966.8
1958.34
1949.88
1941.43
1932.97
1924.51
1916.05
1907.59
1899.13
1890.67
1882.21
1873.76
1865.3
1856.84
1848.38
1839.92
1831.46
1823
1814.54
1806.08
1797.62
1789.16
1780.7
1772.24
1763.78
1755.33
1746.87
1738.41
1729.95
1721.49
1713.03
1704.57
1696.11
1687.65
1679.19
1670.73
1662.27
1653.81
1645.35
1636.89
1628.43
1619.97
1611.52
1603.06
1594.6
1586.14
1577.68
1569.22
1560.76
1552.3
1543.84
1535.38
1526.92
1518.46
1510
1501.54
1493.08
1484.62
1476.16
1467.71
1459.25
1450.79
1442.33
1433.87
1425.41
1416.95
1408.49
1400.03
1391.57
1383.11
1374.65
1366.19
1357.73
1349.27
1340.81
1332.36
1323.9
1315.44
1306.98
1298.52
1290.06
1281.6
1273.14
1264.68
1256.22
1247.76
1239.3
1230.84
1222.38
1213.92
1205.46
1197
1188.55
1180.09
1171.63
1163.17
1154.71
1146.25
1137.79
1129.33
1120.87
1112.41
1103.95
1095.49
1087.03
1078.57
1070.11
1061.65
1053.19
1044.74
1036.28
1027.82
1019.36
1010.9
1002.44
993.979
985.52
977.06
968.601
960.142
951.682
943.223
934.763
926.304
917.845
909.385
900.926
892.466
884.007
875.548
867.088
858.629
850.169
841.71
833.251
824.791
816.332
807.872
799.413
790.954
782.494
774.035
765.576
757.116
748.657
740.197
731.738
723.279
714.819
706.36
697.9
689.441
680.982
672.522
664.063
655.603
647.144
638.684
630.225
621.766
613.306
604.847
596.387
587.928
579.469
571.009
562.55
554.09
545.631
537.172
528.712
520.253
511.794
503.334
494.875
486.415
477.956
469.497
461.037
452.578
444.118
435.659
427.2
418.74
410.281
401.821
393.362
384.903
376.443
367.984
359.524
351.065
342.606
334.146
325.687
317.227
308.768
300.309
291.849
283.39
274.93
266.471
258.012
249.552
241.093
232.633
224.174
215.715
207.255
198.796
190.336
181.877
173.418
164.958
156.499
148.039
139.58
131.121
122.661
114.202
105.742
97.2831
88.8237
80.3643
71.9049
63.4455
54.9861
46.5267
38.0673
29.6079
21.1485
12.6891
4.22981
2549.87
2500.62
2497.44
2484.35
2476.04
2466.53
2458.13
2449.69
2441.67
2433.79
2426.09
2418.52
2411.07
2403.69
2396.39
2389.15
2381.94
2374.75
2367.61
2360.47
2353.29
2346.08
2338.83
2331.51
2324.12
2316.63
2309.02
2301.28
2293.44
2285.49
2277.46
2269.37
2261.21
2253.01
2244.76
2236.48
2228.18
2219.84
2211.49
2203.12
2194.74
2186.35
2177.95
2169.53
2161.11
2152.69
2144.26
2135.83
2127.39
2118.95
2110.51
2102.06
2093.62
2085.17
2076.72
2068.27
2059.82
2051.36
2042.91
2034.46
2026
2017.54
2009.09
2000.63
1992.17
1983.72
1975.26
1966.8
1958.34
1949.88
1941.43
1932.97
1924.51
1916.05
1907.59
1899.13
1890.67
1882.21
1873.76
1865.3
1856.84
1848.38
1839.92
1831.46
1823
1814.54
1806.08
1797.62
1789.16
1780.7
1772.24
1763.78
1755.33
1746.87
1738.41
1729.95
1721.49
1713.03
1704.57
1696.11
1687.65
1679.19
1670.73
1662.27
1653.81
1645.35
1636.89
1628.43
1619.97
1611.52
1603.06
1594.6
1586.14
1577.68
1569.22
1560.76
1552.3
1543.84
1535.38
1526.92
1518.46
1510
1501.54
1493.08
1484.62
1476.16
1467.71
1459.25
1450.79
1442.33
1433.87
1425.41
1416.95
1408.49
1400.03
1391.57
1383.11
1374.65
1366.19
1357.73
1349.27
1340.81
1332.36
1323.9
1315.44
1306.98
1298.52
1290.06
1281.6
1273.14
1264.68
1256.22
1247.76
1239.3
1230.84
1222.38
1213.92
1205.46
1197
1188.55
1180.09
1171.63
1163.17
1154.71
1146.25
1137.79
1129.33
1120.87
1112.41
1103.95
1095.49
1087.03
1078.57
1070.11
1061.65
1053.19
1044.74
1036.28
1027.82
1019.36
1010.9
1002.44
993.979
985.52
977.06
968.601
960.142
951.682
943.223
934.763
926.304
917.845
909.385
900.926
892.466
884.007
875.548
867.088
858.629
850.169
841.71
833.251
824.791
816.332
807.872
799.413
790.954
782.494
774.035
765.576
757.116
748.657
740.197
731.738
723.279
714.819
706.36
697.9
689.441
680.982
672.522
664.063
655.603
647.144
638.684
630.225
621.766
613.306
604.847
596.387
587.928
579.469
571.009
562.55
554.09
545.631
537.172
528.712
520.253
511.794
503.334
494.875
486.415
477.956
469.497
461.037
452.578
444.118
435.659
427.2
418.74
410.281
401.821
393.362
384.903
376.443
367.984
359.524
351.065
342.606
334.146
325.687
317.227
308.768
300.309
291.849
283.39
274.93
266.471
258.012
249.552
241.093
232.633
224.174
215.715
207.255
198.796
190.336
181.877
173.418
164.958
156.499
148.039
139.58
131.121
122.661
114.202
105.742
97.2831
88.8237
80.3643
71.9049
63.4455
54.9861
46.5267
38.0673
29.6079
21.1485
12.6891
4.22981
2549.74
2500.68
2497.47
2484.34
2476.04
2466.53
2458.14
2449.7
2441.68
2433.8
2426.1
2418.53
2411.08
2403.7
2396.4
2389.16
2381.95
2374.75
2367.61
2360.48
2353.3
2346.09
2338.83
2331.51
2324.12
2316.63
2309.02
2301.28
2293.44
2285.49
2277.47
2269.37
2261.21
2253.01
2244.76
2236.48
2228.18
2219.84
2211.49
2203.12
2194.74
2186.35
2177.95
2169.53
2161.11
2152.69
2144.26
2135.83
2127.39
2118.95
2110.51
2102.07
2093.62
2085.17
2076.72
2068.27
2059.82
2051.36
2042.91
2034.46
2026
2017.54
2009.09
2000.63
1992.17
1983.72
1975.26
1966.8
1958.34
1949.88
1941.43
1932.97
1924.51
1916.05
1907.59
1899.13
1890.67
1882.21
1873.76
1865.3
1856.84
1848.38
1839.92
1831.46
1823
1814.54
1806.08
1797.62
1789.16
1780.7
1772.24
1763.78
1755.33
1746.87
1738.41
1729.95
1721.49
1713.03
1704.57
1696.11
1687.65
1679.19
1670.73
1662.27
1653.81
1645.35
1636.89
1628.43
1619.97
1611.52
1603.06
1594.6
1586.14
1577.68
1569.22
1560.76
1552.3
1543.84
1535.38
1526.92
1518.46
1510
1501.54
1493.08
1484.62
1476.16
1467.71
1459.25
1450.79
1442.33
1433.87
1425.41
1416.95
1408.49
1400.03
1391.57
1383.11
1374.65
1366.19
1357.73
1349.27
1340.81
1332.36
1323.9
1315.44
1306.98
1298.52
1290.06
1281.6
1273.14
1264.68
1256.22
1247.76
1239.3
1230.84
1222.38
1213.92
1205.46
1197
1188.55
1180.09
1171.63
1163.17
1154.71
1146.25
1137.79
1129.33
1120.87
1112.41
1103.95
1095.49
1087.03
1078.57
1070.11
1061.65
1053.19
1044.74
1036.28
1027.82
1019.36
1010.9
1002.44
993.979
985.52
977.06
968.601
960.142
951.682
943.223
934.763
926.304
917.845
909.385
900.926
892.466
884.007
875.548
867.088
858.629
850.169
841.71
833.251
824.791
816.332
807.872
799.413
790.954
782.494
774.035
765.576
757.116
748.657
740.197
731.738
723.279
714.819
706.36
697.9
689.441
680.982
672.522
664.063
655.603
647.144
638.684
630.225
621.766
613.306
604.847
596.387
587.928
579.469
571.009
562.55
554.09
545.631
537.172
528.712
520.253
511.794
503.334
494.875
486.415
477.956
469.497
461.037
452.578
444.118
435.659
427.2
418.74
410.281
401.821
393.362
384.903
376.443
367.984
359.524
351.065
342.606
334.146
325.687
317.227
308.768
300.309
291.849
283.39
274.93
266.471
258.012
249.552
241.093
232.633
224.174
215.715
207.255
198.796
190.336
181.877
173.418
164.958
156.499
148.039
139.58
131.121
122.661
114.202
105.742
97.2831
88.8237
80.3643
71.9049
63.4455
54.9861
46.5267
38.0673
29.6079
21.1485
12.6891
4.22981
2549.67
2500.73
2497.49
2484.32
2476.04
2466.52
2458.14
2449.7
2441.69
2433.81
2426.11
2418.53
2411.08
2403.71
2396.41
2389.16
2381.96
2374.76
2367.62
2360.49
2353.31
2346.1
2338.84
2331.52
2324.13
2316.63
2309.02
2301.28
2293.44
2285.49
2277.47
2269.37
2261.21
2253.01
2244.76
2236.48
2228.18
2219.84
2211.49
2203.12
2194.74
2186.35
2177.95
2169.53
2161.11
2152.69
2144.26
2135.83
2127.39
2118.95
2110.51
2102.07
2093.62
2085.17
2076.72
2068.27
2059.82
2051.36
2042.91
2034.46
2026
2017.54
2009.09
2000.63
1992.17
1983.72
1975.26
1966.8
1958.34
1949.88
1941.43
1932.97
1924.51
1916.05
1907.59
1899.13
1890.67
1882.21
1873.76
1865.3
1856.84
1848.38
1839.92
1831.46
1823
1814.54
1806.08
1797.62
1789.16
1780.7
1772.24
1763.78
1755.33
1746.87
1738.41
1729.95
1721.49
1713.03
1704.57
1696.11
1687.65
1679.19
1670.73
1662.27
1653.81
1645.35
1636.89
1628.43
1619.97
1611.52
1603.06
1594.6
1586.14
1577.68
1569.22
1560.76
1552.3
1543.84
1535.38
1526.92
1518.46
1510
1501.54
1493.08
1484.62
1476.16
1467.71
1459.25
1450.79
1442.33
1433.87
1425.41
1416.95
1408.49
1400.03
1391.57
1383.11
1374.65
1366.19
1357.73
1349.27
1340.81
1332.36
1323.9
1315.44
1306.98
1298.52
1290.06
1281.6
1273.14
1264.68
1256.22
1247.76
1239.3
1230.84
1222.38
1213.92
1205.46
1197
1188.55
1180.09
1171.63
1163.17
1154.71
1146.25
1137.79
1129.33
1120.87
1112.41
1103.95
1095.49
1087.03
1078.57
1070.11
1061.65
1053.19
1044.74
1036.28
1027.82
1019.36
1010.9
1002.44
993.979
985.52
977.06
968.601
960.142
951.682
943.223
934.763
926.304
917.845
909.385
900.926
892.466
884.007
875.548
867.088
858.629
850.169
841.71
833.251
824.791
816.332
807.872
799.413
790.954
782.494
774.035
765.576
757.116
748.657
740.197
731.738
723.279
714.819
706.36
697.9
689.441
680.982
672.522
664.063
655.603
647.144
638.684
630.225
621.766
613.306
604.847
596.387
587.928
579.469
571.009
562.55
554.09
545.631
537.172
528.712
520.253
511.794
503.334
494.875
486.415
477.956
469.497
461.037
452.578
444.118
435.659
427.2
418.74
410.281
401.821
393.362
384.903
376.443
367.984
359.524
351.065
342.606
334.146
325.687
317.227
308.768
300.309
291.849
283.39
274.93
266.471
258.012
249.552
241.093
232.633
224.174
215.715
207.255
198.796
190.336
181.877
173.418
164.958
156.499
148.039
139.58
131.121
122.661
114.202
105.742
97.2831
88.8237
80.3643
71.9049
63.4455
54.9861
46.5267
38.0673
29.6079
21.1485
12.6891
4.22981
2549.63
2500.79
2497.49
2484.3
2476.02
2466.52
2458.14
2449.7
2441.69
2433.81
2426.11
2418.54
2411.09
2403.71
2396.42
2389.17
2381.97
2374.77
2367.63
2360.49
2353.32
2346.11
2338.85
2331.53
2324.13
2316.64
2309.03
2301.29
2293.44
2285.49
2277.47
2269.37
2261.22
2253.01
2244.77
2236.48
2228.18
2219.84
2211.49
2203.12
2194.74
2186.35
2177.95
2169.53
2161.12
2152.69
2144.26
2135.83
2127.39
2118.95
2110.51
2102.07
2093.62
2085.17
2076.72
2068.27
2059.82
2051.36
2042.91
2034.46
2026
2017.54
2009.09
2000.63
1992.17
1983.72
1975.26
1966.8
1958.34
1949.88
1941.43
1932.97
1924.51
1916.05
1907.59
1899.13
1890.67
1882.21
1873.76
1865.3
1856.84
1848.38
1839.92
1831.46
1823
1814.54
1806.08
1797.62
1789.16
1780.7
1772.24
1763.78
1755.33
1746.87
1738.41
1729.95
1721.49
1713.03
1704.57
1696.11
1687.65
1679.19
1670.73
1662.27
1653.81
1645.35
1636.89
1628.43
1619.97
1611.52
1603.06
1594.6
1586.14
1577.68
1569.22
1560.76
1552.3
1543.84
1535.38
1526.92
1518.46
1510
1501.54
1493.08
1484.62
1476.16
1467.71
1459.25
1450.79
1442.33
1433.87
1425.41
1416.95
1408.49
1400.03
1391.57
1383.11
1374.65
1366.19
1357.73
1349.27
1340.81
1332.36
1323.9
1315.44
1306.98
1298.52
1290.06
1281.6
1273.14
1264.68
1256.22
1247.76
1239.3
1230.84
1222.38
1213.92
1205.46
1197
1188.55
1180.09
1171.63
1163.17
1154.71
1146.25
1137.79
1129.33
1120.87
1112.41
1103.95
1095.49
1087.03
1078.57
1070.11
1061.65
1053.19
1044.74
1036.28
1027.82
1019.36
1010.9
1002.44
993.979
985.52
977.06
968.601
960.142
951.682
943.223
934.763
926.304
917.845
909.385
900.926
892.466
884.007
875.548
867.088
858.629
850.169
841.71
833.251
824.791
816.332
807.872
799.413
790.954
782.494
774.035
765.576
757.116
748.657
740.197
731.738
723.279
714.819
706.36
697.9
689.441
680.982
672.522
664.063
655.603
647.144
638.684
630.225
621.766
613.306
604.847
596.387
587.928
579.469
571.009
562.55
554.09
545.631
537.172
528.712
520.253
511.794
503.334
494.875
486.415
477.956
469.497
461.037
452.578
444.118
435.659
427.2
418.74
410.281
401.821
393.362
384.903
376.443
367.984
359.524
351.065
342.606
334.146
325.687
317.227
308.768
300.309
291.849
283.39
274.93
266.471
258.012
249.552
241.093
232.633
224.174
215.715
207.255
198.796
190.336
181.877
173.418
164.958
156.499
148.039
139.58
131.121
122.661
114.202
105.742
97.2831
88.8237
80.3643
71.9049
63.4455
54.9861
46.5267
38.0673
29.6079
21.1485
12.6891
4.22981
2549.58
2500.88
2497.48
2484.27
2476
2466.5
2458.13
2449.7
2441.69
2433.81
2426.11
2418.55
2411.09
2403.72
2396.42
2389.18
2381.97
2374.78
2367.64
2360.5
2353.33
2346.12
2338.86
2331.53
2324.14
2316.64
2309.03
2301.29
2293.44
2285.5
2277.47
2269.37
2261.22
2253.01
2244.77
2236.49
2228.18
2219.85
2211.49
2203.13
2194.74
2186.35
2177.95
2169.53
2161.12
2152.69
2144.26
2135.83
2127.39
2118.95
2110.51
2102.07
2093.62
2085.17
2076.72
2068.27
2059.82
2051.36
2042.91
2034.46
2026
2017.54
2009.09
2000.63
1992.17
1983.72
1975.26
1966.8
1958.34
1949.88
1941.43
1932.97
1924.51
1916.05
1907.59
1899.13
1890.67
1882.21
1873.76
1865.3
1856.84
1848.38
1839.92
1831.46
1823
1814.54
1806.08
1797.62
1789.16
1780.7
1772.24
1763.78
1755.33
1746.87
1738.41
1729.95
1721.49
1713.03
1704.57
1696.11
1687.65
1679.19
1670.73
1662.27
1653.81
1645.35
1636.89
1628.43
1619.97
1611.52
1603.06
1594.6
1586.14
1577.68
1569.22
1560.76
1552.3
1543.84
1535.38
1526.92
1518.46
1510
1501.54
1493.08
1484.62
1476.16
1467.71
1459.25
1450.79
1442.33
1433.87
1425.41
1416.95
1408.49
1400.03
1391.57
1383.11
1374.65
1366.19
1357.73
1349.27
1340.81
1332.36
1323.9
1315.44
1306.98
1298.52
1290.06
1281.6
1273.14
1264.68
1256.22
1247.76
1239.3
1230.84
1222.38
1213.92
1205.46
1197
1188.55
1180.09
1171.63
1163.17
1154.71
1146.25
1137.79
1129.33
1120.87
1112.41
1103.95
1095.49
1087.03
1078.57
1070.11
1061.65
1053.19
1044.74
1036.28
1027.82
1019.36
1010.9
1002.44
993.979
985.52
977.06
968.601
960.142
951.682
943.223
934.763
926.304
917.845
909.385
900.926
892.466
884.007
875.548
867.088
858.629
850.169
841.71
833.251
824.791
816.332
807.872
799.413
790.954
782.494
774.035
765.576
757.116
748.657
740.197
731.738
723.279
714.819
706.36
697.9
689.441
680.982
672.522
664.063
655.603
647.144
638.684
630.225
621.766
613.306
604.847
596.387
587.928
579.469
571.009
562.55
554.09
545.631
537.172
528.712
520.253
511.794
503.334
494.875
486.415
477.956
469.497
461.037
452.578
444.118
435.659
427.2
418.74
410.281
401.821
393.362
384.903
376.443
367.984
359.524
351.065
342.606
334.146
325.687
317.227
308.768
300.309
291.849
283.39
274.93
266.471
258.012
249.552
241.093
232.633
224.174
215.715
207.255
198.796
190.336
181.877
173.418
164.958
156.499
148.039
139.58
131.121
122.661
114.202
105.742
97.2831
88.8237
80.3643
71.9049
63.4455
54.9861
46.5267
38.0673
29.6079
21.1485
12.6891
4.22981
2549.55
2500.94
2497.47
2484.24
2475.98
2466.48
2458.12
2449.69
2441.68
2433.81
2426.11
2418.55
2411.1
2403.72
2396.43
2389.18
2381.98
2374.78
2367.64
2360.51
2353.33
2346.12
2338.87
2331.54
2324.14
2316.64
2309.03
2301.29
2293.45
2285.5
2277.47
2269.37
2261.22
2253.01
2244.77
2236.49
2228.18
2219.85
2211.49
2203.13
2194.74
2186.35
2177.95
2169.53
2161.12
2152.69
2144.26
2135.83
2127.39
2118.95
2110.51
2102.07
2093.62
2085.17
2076.72
2068.27
2059.82
2051.36
2042.91
2034.46
2026
2017.54
2009.09
2000.63
1992.17
1983.72
1975.26
1966.8
1958.34
1949.88
1941.43
1932.97
1924.51
1916.05
1907.59
1899.13
1890.67
1882.21
1873.76
1865.3
1856.84
1848.38
1839.92
1831.46
1823
1814.54
1806.08
1797.62
1789.16
1780.7
1772.24
1763.78
1755.33
1746.87
1738.41
1729.95
1721.49
1713.03
1704.57
1696.11
1687.65
1679.19
1670.73
1662.27
1653.81
1645.35
1636.89
1628.43
1619.97
1611.52
1603.06
1594.6
1586.14
1577.68
1569.22
1560.76
1552.3
1543.84
1535.38
1526.92
1518.46
1510
1501.54
1493.08
1484.62
1476.16
1467.71
1459.25
1450.79
1442.33
1433.87
1425.41
1416.95
1408.49
1400.03
1391.57
1383.11
1374.65
1366.19
1357.73
1349.27
1340.81
1332.36
1323.9
1315.44
1306.98
1298.52
1290.06
1281.6
1273.14
1264.68
1256.22
1247.76
1239.3
1230.84
1222.38
1213.92
1205.46
1197
1188.55
1180.09
1171.63
1163.17
1154.71
1146.25
1137.79
1129.33
1120.87
1112.41
1103.95
1095.49
1087.03
1078.57
1070.11
1061.65
1053.19
1044.74
1036.28
1027.82
1019.36
1010.9
1002.44
993.979
985.52
977.06
968.601
960.142
951.682
943.223
934.763
926.304
917.845
909.385
900.926
892.466
884.007
875.548
867.088
858.629
850.169
841.71
833.251
824.791
816.332
807.872
799.413
790.954
782.494
774.035
765.576
757.116
748.657
740.197
731.738
723.279
714.819
706.36
697.9
689.441
680.982
672.522
664.063
655.603
647.144
638.684
630.225
621.766
613.306
604.847
596.387
587.928
579.469
571.009
562.55
554.09
545.631
537.172
528.712
520.253
511.794
503.334
494.875
486.415
477.956
469.497
461.037
452.578
444.118
435.659
427.2
418.74
410.281
401.821
393.362
384.903
376.443
367.984
359.524
351.065
342.606
334.146
325.687
317.227
308.768
300.309
291.849
283.39
274.93
266.471
258.012
249.552
241.093
232.633
224.174
215.715
207.255
198.796
190.336
181.877
173.418
164.958
156.499
148.039
139.58
131.121
122.661
114.202
105.742
97.2831
88.8237
80.3643
71.9049
63.4455
54.9861
46.5267
38.0673
29.6079
21.1485
12.6891
4.22981
2549.55
2500.99
2497.46
2484.21
2475.97
2466.47
2458.11
2449.68
2441.67
2433.81
2426.11
2418.55
2411.1
2403.73
2396.43
2389.19
2381.99
2374.79
2367.65
2360.52
2353.34
2346.13
2338.87
2331.54
2324.15
2316.65
2309.04
2301.29
2293.45
2285.5
2277.47
2269.37
2261.22
2253.01
2244.77
2236.49
2228.18
2219.85
2211.49
2203.13
2194.74
2186.35
2177.95
2169.54
2161.12
2152.69
2144.26
2135.83
2127.39
2118.95
2110.51
2102.07
2093.62
2085.17
2076.72
2068.27
2059.82
2051.36
2042.91
2034.46
2026
2017.54
2009.09
2000.63
1992.17
1983.72
1975.26
1966.8
1958.34
1949.88
1941.43
1932.97
1924.51
1916.05
1907.59
1899.13
1890.67
1882.21
1873.76
1865.3
1856.84
1848.38
1839.92
1831.46
1823
1814.54
1806.08
1797.62
1789.16
1780.7
1772.24
1763.78
1755.33
1746.87
1738.41
1729.95
1721.49
1713.03
1704.57
1696.11
1687.65
1679.19
1670.73
1662.27
1653.81
1645.35
1636.89
1628.43
1619.97
1611.52
1603.06
1594.6
1586.14
1577.68
1569.22
1560.76
1552.3
1543.84
1535.38
1526.92
1518.46
1510
1501.54
1493.08
1484.62
1476.16
1467.71
1459.25
1450.79
1442.33
1433.87
1425.41
1416.95
1408.49
1400.03
1391.57
1383.11
1374.65
1366.19
1357.73
1349.27
1340.81
1332.36
1323.9
1315.44
1306.98
1298.52
1290.06
1281.6
1273.14
1264.68
1256.22
1247.76
1239.3
1230.84
1222.38
1213.92
1205.46
1197
1188.55
1180.09
1171.63
1163.17
1154.71
1146.25
1137.79
1129.33
1120.87
1112.41
1103.95
1095.49
1087.03
1078.57
1070.11
1061.65
1053.19
1044.74
1036.28
1027.82
1019.36
1010.9
1002.44
993.979
985.52
977.06
968.601
960.142
951.682
943.223
934.763
926.304
917.845
909.385
900.926
892.466
884.007
875.548
867.088
858.629
850.169
841.71
833.251
824.791
816.332
807.872
799.413
790.954
782.494
774.035
765.576
757.116
748.657
740.197
731.738
723.279
714.819
706.36
697.9
689.441
680.982
672.522
664.063
655.603
647.144
638.684
630.225
621.766
613.306
604.847
596.387
587.928
579.469
571.009
562.55
554.09
545.631
537.172
528.712
520.253
511.794
503.334
494.875
486.415
477.956
469.497
461.037
452.578
444.118
435.659
427.2
418.74
410.281
401.821
393.362
384.903
376.443
367.984
359.524
351.065
342.606
334.146
325.687
317.227
308.768
300.309
291.849
283.39
274.93
266.471
258.012
249.552
241.093
232.633
224.174
215.715
207.255
198.796
190.336
181.877
173.418
164.958
156.499
148.039
139.58
131.121
122.661
114.202
105.742
97.2831
88.8237
80.3643
71.9049
63.4455
54.9861
46.5267
38.0673
29.6079
21.1485
12.6891
4.22981
2549.56
2501.02
2497.46
2484.19
2475.95
2466.45
2458.09
2449.67
2441.67
2433.8
2426.11
2418.55
2411.1
2403.73
2396.43
2389.19
2381.99
2374.79
2367.65
2360.52
2353.34
2346.13
2338.87
2331.55
2324.15
2316.65
2309.04
2301.3
2293.45
2285.5
2277.47
2269.38
2261.22
2253.01
2244.77
2236.49
2228.18
2219.85
2211.49
2203.13
2194.74
2186.35
2177.95
2169.54
2161.12
2152.69
2144.26
2135.83
2127.39
2118.95
2110.51
2102.07
2093.62
2085.17
2076.72
2068.27
2059.82
2051.36
2042.91
2034.46
2026
2017.54
2009.09
2000.63
1992.17
1983.72
1975.26
1966.8
1958.34
1949.88
1941.43
1932.97
1924.51
1916.05
1907.59
1899.13
1890.67
1882.21
1873.76
1865.3
1856.84
1848.38
1839.92
1831.46
1823
1814.54
1806.08
1797.62
1789.16
1780.7
1772.24
1763.78
1755.33
1746.87
1738.41
1729.95
1721.49
1713.03
1704.57
1696.11
1687.65
1679.19
1670.73
1662.27
1653.81
1645.35
1636.89
1628.43
1619.97
1611.52
1603.06
1594.6
1586.14
1577.68
1569.22
1560.76
1552.3
1543.84
1535.38
1526.92
1518.46
1510
1501.54
1493.08
1484.62
1476.16
1467.71
1459.25
1450.79
1442.33
1433.87
1425.41
1416.95
1408.49
1400.03
1391.57
1383.11
1374.65
1366.19
1357.73
1349.27
1340.81
1332.36
1323.9
1315.44
1306.98
1298.52
1290.06
1281.6
1273.14
1264.68
1256.22
1247.76
1239.3
1230.84
1222.38
1213.92
1205.46
1197
1188.55
1180.09
1171.63
1163.17
1154.71
1146.25
1137.79
1129.33
1120.87
1112.41
1103.95
1095.49
1087.03
1078.57
1070.11
1061.65
1053.19
1044.74
1036.28
1027.82
1019.36
1010.9
1002.44
993.979
985.52
977.06
968.601
960.142
951.682
943.223
934.763
926.304
917.845
909.385
900.926
892.466
884.007
875.548
867.088
858.629
850.169
841.71
833.251
824.791
816.332
807.872
799.413
790.954
782.494
774.035
765.576
757.116
748.657
740.197
731.738
723.279
714.819
706.36
697.9
689.441
680.982
672.522
664.063
655.603
647.144
638.684
630.225
621.766
613.306
604.847
596.387
587.928
579.469
571.009
562.55
554.09
545.631
537.172
528.712
520.253
511.794
503.334
494.875
486.415
477.956
469.497
461.037
452.578
444.118
435.659
427.2
418.74
410.281
401.821
393.362
384.903
376.443
367.984
359.524
351.065
342.606
334.146
325.687
317.227
308.768
300.309
291.849
283.39
274.93
266.471
258.012
249.552
241.093
232.633
224.174
215.715
207.255
198.796
190.336
181.877
173.418
164.958
156.499
148.039
139.58
131.121
122.661
114.202
105.742
97.2831
88.8237
80.3643
71.9049
63.4455
54.9861
46.5267
38.0673
29.6079
21.1485
12.6891
4.22981
2549.57
2501.04
2497.47
2484.18
2475.95
2466.45
2458.09
2449.67
2441.66
2433.8
2426.11
2418.54
2411.09
2403.73
2396.43
2389.19
2381.99
2374.79
2367.66
2360.52
2353.35
2346.13
2338.87
2331.55
2324.15
2316.65
2309.04
2301.3
2293.45
2285.5
2277.47
2269.38
2261.22
2253.01
2244.77
2236.49
2228.18
2219.85
2211.5
2203.13
2194.74
2186.35
2177.95
2169.54
2161.12
2152.69
2144.26
2135.83
2127.39
2118.95
2110.51
2102.07
2093.62
2085.17
2076.72
2068.27
2059.82
2051.36
2042.91
2034.46
2026
2017.54
2009.09
2000.63
1992.17
1983.72
1975.26
1966.8
1958.34
1949.88
1941.43
1932.97
1924.51
1916.05
1907.59
1899.13
1890.67
1882.21
1873.76
1865.3
1856.84
1848.38
1839.92
1831.46
1823
1814.54
1806.08
1797.62
1789.16
1780.7
1772.24
1763.78
1755.33
1746.87
1738.41
1729.95
1721.49
1713.03
1704.57
1696.11
1687.65
1679.19
1670.73
1662.27
1653.81
1645.35
1636.89
1628.43
1619.97
1611.52
1603.06
1594.6
1586.14
1577.68
1569.22
1560.76
1552.3
1543.84
1535.38
1526.92
1518.46
1510
1501.54
1493.08
1484.62
1476.16
1467.71
1459.25
1450.79
1442.33
1433.87
1425.41
1416.95
1408.49
1400.03
1391.57
1383.11
1374.65
1366.19
1357.73
1349.27
1340.81
1332.36
1323.9
1315.44
1306.98
1298.52
1290.06
1281.6
1273.14
1264.68
1256.22
1247.76
1239.3
1230.84
1222.38
1213.92
1205.46
1197
1188.55
1180.09
1171.63
1163.17
1154.71
1146.25
1137.79
1129.33
1120.87
1112.41
1103.95
1095.49
1087.03
1078.57
1070.11
1061.65
1053.19
1044.74
1036.28
1027.82
1019.36
1010.9
1002.44
993.979
985.52
977.06
968.601
960.142
951.682
943.223
934.763
926.304
917.845
909.385
900.926
892.466
884.007
875.548
867.088
858.629
850.169
841.71
833.251
824.791
816.332
807.872
799.413
790.954
782.494
774.035
765.576
757.116
748.657
740.197
731.738
723.279
714.819
706.36
697.9
689.441
680.982
672.522
664.063
655.603
647.144
638.684
630.225
621.766
613.306
604.847
596.387
587.928
579.469
571.009
562.55
554.09
545.631
537.172
528.712
520.253
511.794
503.334
494.875
486.415
477.956
469.497
461.037
452.578
444.118
435.659
427.2
418.74
410.281
401.821
393.362
384.903
376.443
367.984
359.524
351.065
342.606
334.146
325.687
317.227
308.768
300.309
291.849
283.39
274.93
266.471
258.012
249.552
241.093
232.633
224.174
215.715
207.255
198.796
190.336
181.877
173.418
164.958
156.499
148.039
139.58
131.121
122.661
114.202
105.742
97.2831
88.8237
80.3643
71.9049
63.4455
54.9861
46.5267
38.0673
29.6079
21.1485
12.6891
4.22981
)
;

boundaryField
{
    inlet
    {
        type            fixedFluxPressure;
        gradient        nonuniform List<scalar> 
18
(
-1.33665e-11
-8.27834e-11
4.62171e-11
-6.27808e-11
2.33423e-10
-8.10895e-11
0
-1.63781e-10
-2.64632e-10
-6.30352e-11
-1.90944e-10
-1.72331e-10
2.85792e-10
1.0094e-10
-7.59429e-11
-1.76882e-10
5.33941e-11
3.35553e-10
)
;
    }
    outlet
    {
        type            fixedValue;
        value           uniform 0;
    }
    sideWall
    {
        type            empty;
    }
    bed
    {
        type            fixedFluxPressure;
        gradient        uniform 0;
    }
    topWall
    {
        type            slip;
        value           nonuniform List<scalar> 
300
(
2549.57
2501.04
2497.47
2484.18
2475.95
2466.45
2458.09
2449.67
2441.66
2433.8
2426.11
2418.54
2411.09
2403.73
2396.43
2389.19
2381.99
2374.79
2367.66
2360.52
2353.35
2346.13
2338.87
2331.55
2324.15
2316.65
2309.04
2301.3
2293.45
2285.5
2277.47
2269.38
2261.22
2253.01
2244.77
2236.49
2228.18
2219.85
2211.5
2203.13
2194.74
2186.35
2177.95
2169.54
2161.12
2152.69
2144.26
2135.83
2127.39
2118.95
2110.51
2102.07
2093.62
2085.17
2076.72
2068.27
2059.82
2051.36
2042.91
2034.46
2026
2017.54
2009.09
2000.63
1992.17
1983.72
1975.26
1966.8
1958.34
1949.88
1941.43
1932.97
1924.51
1916.05
1907.59
1899.13
1890.67
1882.21
1873.76
1865.3
1856.84
1848.38
1839.92
1831.46
1823
1814.54
1806.08
1797.62
1789.16
1780.7
1772.24
1763.78
1755.33
1746.87
1738.41
1729.95
1721.49
1713.03
1704.57
1696.11
1687.65
1679.19
1670.73
1662.27
1653.81
1645.35
1636.89
1628.43
1619.97
1611.52
1603.06
1594.6
1586.14
1577.68
1569.22
1560.76
1552.3
1543.84
1535.38
1526.92
1518.46
1510
1501.54
1493.08
1484.62
1476.16
1467.71
1459.25
1450.79
1442.33
1433.87
1425.41
1416.95
1408.49
1400.03
1391.57
1383.11
1374.65
1366.19
1357.73
1349.27
1340.81
1332.36
1323.9
1315.44
1306.98
1298.52
1290.06
1281.6
1273.14
1264.68
1256.22
1247.76
1239.3
1230.84
1222.38
1213.92
1205.46
1197
1188.55
1180.09
1171.63
1163.17
1154.71
1146.25
1137.79
1129.33
1120.87
1112.41
1103.95
1095.49
1087.03
1078.57
1070.11
1061.65
1053.19
1044.74
1036.28
1027.82
1019.36
1010.9
1002.44
993.979
985.52
977.06
968.601
960.142
951.682
943.223
934.763
926.304
917.845
909.385
900.926
892.466
884.007
875.548
867.088
858.629
850.169
841.71
833.251
824.791
816.332
807.872
799.413
790.954
782.494
774.035
765.576
757.116
748.657
740.197
731.738
723.279
714.819
706.36
697.9
689.441
680.982
672.522
664.063
655.603
647.144
638.684
630.225
621.766
613.306
604.847
596.387
587.928
579.469
571.009
562.55
554.09
545.631
537.172
528.712
520.253
511.794
503.334
494.875
486.415
477.956
469.497
461.037
452.578
444.118
435.659
427.2
418.74
410.281
401.821
393.362
384.903
376.443
367.984
359.524
351.065
342.606
334.146
325.687
317.227
308.768
300.309
291.849
283.39
274.93
266.471
258.012
249.552
241.093
232.633
224.174
215.715
207.255
198.796
190.336
181.877
173.418
164.958
156.499
148.039
139.58
131.121
122.661
114.202
105.742
97.2831
88.8237
80.3643
71.9049
63.4455
54.9861
46.5267
38.0673
29.6079
21.1485
12.6891
4.22981
)
;
    }
}


// ************************************************************************* //
