/*--------------------------------*- C++ -*----------------------------------*\
| =========                 |                                                 |
| \\      /  F ield         | foam-extend: Open Source CFD                    |
|  \\    /   O peration     | Version:     3.2                                |
|   \\  /    A nd           | Web:         http://www.foam-extend.org         |
|    \\/     M anipulation  | For copyright notice see file Copyright         |
\*---------------------------------------------------------------------------*/
FoamFile
{
    version     2.0;
    format      ascii;
    class       surfaceScalarField;
    location    "2020";
    object      AdSS1;
}
// * * * * * * * * * * * * * * * * * * * * * * * * * * * * * * * * * * * * * //

dimensions      [0 3 -1 0 0 0 0];

internalField   nonuniform List<scalar> 
4492
(
1.54373e-05
4.21145e-06
1.26343e-05
2.20167e-06
1.09142e-05
1.11886e-06
1.01078e-05
2.05133e-07
9.78293e-06
-2.76374e-07
9.66398e-06
-4.82318e-07
9.63591e-06
-5.73188e-07
9.64736e-06
-6.12715e-07
9.67709e-06
-6.30997e-07
9.71502e-06
-6.39197e-07
9.75541e-06
-6.41651e-07
9.79306e-06
-6.38914e-07
9.83222e-06
-6.40426e-07
9.87061e-06
-6.39659e-07
9.90739e-06
-6.38049e-07
9.94786e-06
-6.41729e-07
9.98811e-06
-6.41516e-07
1.00282e-05
-6.41337e-07
1.00683e-05
-6.41415e-07
1.01084e-05
-6.41304e-07
1.01484e-05
-6.41341e-07
1.01905e-05
-6.43319e-07
1.02349e-05
-6.457e-07
1.0279e-05
-6.45328e-07
1.03196e-05
-6.41897e-07
1.03563e-05
-6.3796e-07
1.03888e-05
-6.33762e-07
1.04172e-05
-6.29605e-07
1.04416e-05
-6.25703e-07
1.04628e-05
-6.22464e-07
1.04809e-05
-6.19375e-07
1.04961e-05
-6.1642e-07
1.05084e-05
-6.13565e-07
1.05183e-05
-6.11171e-07
1.05265e-05
-6.09494e-07
1.05334e-05
-6.08183e-07
1.05392e-05
-6.07088e-07
1.05442e-05
-6.062e-07
1.05484e-05
-6.0545e-07
1.05519e-05
-6.04827e-07
1.0555e-05
-6.04302e-07
1.05575e-05
-6.03839e-07
1.05597e-05
-6.03462e-07
1.05616e-05
-6.03146e-07
1.05632e-05
-6.02837e-07
1.05646e-05
-6.02691e-07
1.05658e-05
-6.02441e-07
1.05668e-05
-6.0225e-07
1.05677e-05
-6.02211e-07
1.05683e-05
-6.01831e-07
1.0569e-05
-6.01941e-07
1.05693e-05
-6.01601e-07
1.057e-05
-6.0201e-07
1.05697e-05
-6.00883e-07
1.0571e-05
-6.02588e-07
1.05638e-05
-5.94106e-07
1.05448e-05
-5.8224e-07
1.01165e-05
-1.72977e-07
1.07291e-05
-1.2139e-06
1.54701e-05
-5.3422e-06
1.5639e-05
-7.70155e-07
1.36831e-05
1.35457e-06
1.48434e-05
-1.76149e-06
1.31044e-05
1.13766e-06
1.32959e-05
-7.92758e-07
1.32594e-05
-5.64708e-07
1.3304e-05
-6.45893e-07
1.32886e-05
-5.85906e-07
1.3287e-05
-5.99593e-07
1.32848e-05
-5.99134e-07
1.32785e-05
-5.94918e-07
1.32776e-05
-6.00393e-07
1.32778e-05
-6.01493e-07
1.32805e-05
-6.03955e-07
1.32817e-05
-6.02414e-07
1.3284e-05
-6.03573e-07
1.32864e-05
-6.03633e-07
1.32883e-05
-6.03193e-07
1.32897e-05
-6.02648e-07
1.32907e-05
-6.02292e-07
1.32915e-05
-6.021e-07
1.32931e-05
-6.02881e-07
1.32936e-05
-6.01684e-07
1.32941e-05
-6.01764e-07
1.32942e-05
-6.0136e-07
1.32941e-05
-6.01185e-07
1.32937e-05
-6.00881e-07
1.32936e-05
-6.01151e-07
1.32945e-05
-6.02214e-07
1.32944e-05
-6.01102e-07
1.32944e-05
-6.01318e-07
1.32942e-05
-6.01067e-07
1.3294e-05
-6.01064e-07
1.3294e-05
-6.012e-07
1.32935e-05
-6.00783e-07
1.32936e-05
-6.01397e-07
1.32942e-05
-6.01904e-07
1.32946e-05
-6.01644e-07
1.32944e-05
-6.01027e-07
1.32946e-05
-6.01488e-07
1.32944e-05
-6.01067e-07
1.3294e-05
-6.00888e-07
1.32942e-05
-6.01451e-07
1.32934e-05
-6.00477e-07
1.32941e-05
-6.01883e-07
1.32928e-05
-5.99993e-07
1.32951e-05
-6.03547e-07
1.32936e-05
-5.99773e-07
1.32953e-05
-6.03e-07
1.32932e-05
-5.99171e-07
1.32954e-05
-6.03416e-07
1.32926e-05
-5.98545e-07
1.32954e-05
-6.0401e-07
1.32919e-05
-5.97793e-07
1.32954e-05
-6.04738e-07
1.32909e-05
-5.96793e-07
1.32966e-05
-6.06959e-07
1.32914e-05
-5.96013e-07
1.32972e-05
-6.07061e-07
1.32907e-05
-5.94802e-07
1.32976e-05
-6.08152e-07
1.32897e-05
-5.93383e-07
1.32978e-05
-6.09341e-07
1.32887e-05
-5.92236e-07
1.32982e-05
-6.10731e-07
1.32876e-05
-5.90613e-07
1.32999e-05
-6.13632e-07
1.32876e-05
-5.88992e-07
1.33009e-05
-6.14508e-07
1.32866e-05
-5.87009e-07
1.33016e-05
-6.16262e-07
1.32853e-05
-5.84969e-07
1.33023e-05
-6.18259e-07
1.32839e-05
-5.82846e-07
1.3303e-05
-6.20383e-07
1.32824e-05
-5.80656e-07
1.33037e-05
-6.2255e-07
1.32821e-05
-5.79622e-07
1.33058e-05
-6.25028e-07
1.3281e-05
-5.76405e-07
1.33069e-05
-6.27219e-07
1.32796e-05
-5.7392e-07
1.33078e-05
-6.29496e-07
1.32781e-05
-5.7154e-07
1.33086e-05
-6.31753e-07
1.32766e-05
-5.69292e-07
1.33092e-05
-6.33911e-07
1.32763e-05
-5.68352e-07
1.33112e-05
-6.36182e-07
1.32754e-05
-5.65438e-07
1.33121e-05
-6.37968e-07
1.32743e-05
-5.63434e-07
1.33127e-05
-6.39673e-07
1.32732e-05
-5.61737e-07
1.33131e-05
-6.41196e-07
1.32721e-05
-5.60291e-07
1.33133e-05
-6.42479e-07
1.32712e-05
-5.59085e-07
1.33147e-05
-6.44769e-07
1.32717e-05
-5.58265e-07
1.33151e-05
-6.44666e-07
1.32713e-05
-5.5753e-07
1.33151e-05
-6.44987e-07
1.32709e-05
-5.57125e-07
1.33148e-05
-6.45179e-07
1.32705e-05
-5.5697e-07
1.33145e-05
-6.45198e-07
1.32702e-05
-5.57037e-07
1.33152e-05
-6.4621e-07
1.32713e-05
-5.57394e-07
1.33151e-05
-6.4501e-07
1.32715e-05
-5.57699e-07
1.33145e-05
-6.44293e-07
1.32716e-05
-5.5833e-07
1.33138e-05
-6.43477e-07
1.32717e-05
-5.59183e-07
1.3313e-05
-6.42522e-07
1.3272e-05
-5.60261e-07
1.33132e-05
-6.42549e-07
1.32734e-05
-5.61457e-07
1.33127e-05
-6.40525e-07
1.32741e-05
-5.62624e-07
1.33118e-05
-6.3905e-07
1.32746e-05
-5.64006e-07
1.33108e-05
-6.37473e-07
1.32751e-05
-5.65535e-07
1.33097e-05
-6.35883e-07
1.32755e-05
-5.6707e-07
1.33097e-05
-6.35503e-07
1.32772e-05
-5.68753e-07
1.33089e-05
-6.32975e-07
1.3278e-05
-5.70399e-07
1.33078e-05
-6.30988e-07
1.32786e-05
-5.72045e-07
1.33067e-05
-6.2942e-07
1.32791e-05
-5.73658e-07
1.33055e-05
-6.27701e-07
1.32797e-05
-5.75449e-07
1.33055e-05
-6.2701e-07
1.32813e-05
-5.77132e-07
1.33045e-05
-6.24483e-07
1.32821e-05
-5.78807e-07
1.33036e-05
-6.22753e-07
1.32824e-05
-5.80103e-07
1.33024e-05
-6.21227e-07
1.32829e-05
-5.81763e-07
1.33012e-05
-6.19599e-07
1.32843e-05
-5.844e-07
1.33015e-05
-6.18416e-07
1.32851e-05
-5.84868e-07
1.33004e-05
-6.16559e-07
1.32853e-05
-5.86168e-07
1.32996e-05
-6.15563e-07
1.3286e-05
-5.87628e-07
1.32988e-05
-6.14122e-07
1.32861e-05
-5.88573e-07
1.32989e-05
-6.14018e-07
1.32873e-05
-5.89693e-07
1.32982e-05
-6.12117e-07
1.32876e-05
-5.90692e-07
1.32975e-05
-6.11215e-07
1.32877e-05
-5.91462e-07
1.32965e-05
-6.10085e-07
1.3288e-05
-5.92691e-07
1.32959e-05
-6.09236e-07
1.32887e-05
-5.93975e-07
1.32962e-05
-6.08802e-07
1.32892e-05
-5.94312e-07
1.32956e-05
-6.07579e-07
1.32891e-05
-5.94767e-07
1.32947e-05
-6.06875e-07
1.32891e-05
-5.95658e-07
1.32942e-05
-6.06373e-07
1.32887e-05
-5.95783e-07
1.32947e-05
-6.07275e-07
1.32898e-05
-5.96371e-07
1.32939e-05
-6.05338e-07
1.32895e-05
-5.96858e-07
1.32939e-05
-6.05676e-07
1.32897e-05
-5.97046e-07
1.32928e-05
-6.04443e-07
1.32894e-05
-5.97836e-07
1.32936e-05
-6.05412e-07
1.32903e-05
-5.98032e-07
1.32935e-05
-6.04485e-07
1.32904e-05
-5.98131e-07
1.32928e-05
-6.03657e-07
1.32903e-05
-5.98764e-07
1.32927e-05
-6.03662e-07
1.329e-05
-5.98595e-07
1.32928e-05
-6.04012e-07
1.32905e-05
-5.99014e-07
1.32924e-05
-6.03143e-07
1.32904e-05
-5.99305e-07
1.32925e-05
-6.03359e-07
1.32904e-05
-5.99107e-07
1.32916e-05
-6.02456e-07
1.32898e-05
-5.99536e-07
1.32922e-05
-6.03637e-07
1.32906e-05
-5.99706e-07
1.32924e-05
-6.02986e-07
1.32909e-05
-5.99817e-07
1.32919e-05
-6.02204e-07
1.32903e-05
-5.99748e-07
1.32912e-05
-6.02087e-07
1.32898e-05
-5.99908e-07
1.32916e-05
-6.03064e-07
1.32903e-05
-5.99991e-07
1.32916e-05
-6.02539e-07
1.32904e-05
-6.00108e-07
1.32913e-05
-6.02169e-07
1.32903e-05
-6.0025e-07
1.32909e-05
-6.01875e-07
1.32908e-05
-6.01169e-07
1.32916e-05
-6.02056e-07
1.32908e-05
-6.00477e-07
1.32916e-05
-6.01983e-07
1.32912e-05
-6.00894e-07
1.32911e-05
-6.01182e-07
1.32906e-05
-6.0071e-07
1.32925e-05
-6.03182e-07
1.32903e-05
-5.99125e-07
1.32919e-05
-6.0288e-07
1.32906e-05
-5.99912e-07
1.32909e-05
-6.01522e-07
1.32957e-05
-6.06107e-07
1.32881e-05
-5.93711e-07
1.32888e-05
-6.01911e-07
1.32895e-05
-6.02002e-07
1.32896e-05
-6.0135e-07
1.32887e-05
-6.00324e-07
1.32908e-05
-6.03396e-07
1.32013e-05
-5.11726e-07
1.34708e-05
-8.70859e-07
1.46877e-05
-1.81813e-06
1.14327e-05
2.65373e-06
6.69078e-06
4.14067e-06
8.80676e-06
-2.71724e-06
9.7864e-06
-1.58091e-06
-7.98346e-07
1.97835e-05
4.678e-06
1.88528e-05
3.1323e-06
1.78631e-05
2.10859e-06
1.707e-05
9.98258e-07
1.65578e-05
2.35847e-07
1.62275e-05
-1.52037e-07
1.60112e-05
-3.56958e-07
1.58682e-05
-4.69628e-07
1.57687e-05
-5.31496e-07
1.57078e-05
-5.78344e-07
1.56752e-05
-6.09045e-07
1.56619e-05
-6.2563e-07
1.56641e-05
-6.42564e-07
1.56755e-05
-6.51151e-07
1.56961e-05
-6.58611e-07
1.57261e-05
-6.71736e-07
1.57625e-05
-6.77892e-07
1.58049e-05
-6.83784e-07
1.5852e-05
-6.88519e-07
1.59028e-05
-6.9204e-07
1.5956e-05
-6.94565e-07
1.60108e-05
-6.98154e-07
1.60665e-05
-7.01348e-07
1.61211e-05
-6.99899e-07
1.61719e-05
-6.92728e-07
1.62183e-05
-6.84397e-07
1.62601e-05
-6.75575e-07
1.62973e-05
-6.66748e-07
1.633e-05
-6.58383e-07
1.63588e-05
-6.51336e-07
1.63841e-05
-6.44634e-07
1.64058e-05
-6.38146e-07
1.6424e-05
-6.31784e-07
1.64391e-05
-6.26258e-07
1.64519e-05
-6.22254e-07
1.64628e-05
-6.19084e-07
1.64721e-05
-6.16432e-07
1.64801e-05
-6.14209e-07
1.6487e-05
-6.12326e-07
1.64929e-05
-6.10706e-07
1.64979e-05
-6.09354e-07
1.65022e-05
-6.08131e-07
1.65059e-05
-6.07164e-07
1.65091e-05
-6.0628e-07
1.65118e-05
-6.05538e-07
1.65141e-05
-6.05004e-07
1.65161e-05
-6.04425e-07
1.65179e-05
-6.04081e-07
1.65194e-05
-6.03691e-07
1.65206e-05
-6.03047e-07
1.65215e-05
-6.02843e-07
1.65224e-05
-6.02472e-07
1.6523e-05
-6.02601e-07
1.65238e-05
-6.01688e-07
1.65232e-05
-6.02064e-07
1.65196e-05
-5.90507e-07
1.64811e-05
-5.43741e-07
1.60644e-05
2.43719e-07
1.66013e-05
-1.75076e-06
2.08251e-05
-9.566e-06
2.22471e-05
-2.19217e-06
2.15272e-05
2.07453e-06
2.21887e-05
-2.42309e-06
2.08191e-05
2.50735e-06
2.08337e-05
-8.07414e-07
2.06858e-05
-4.16803e-07
2.06513e-05
-6.11409e-07
2.05828e-05
-5.17396e-07
2.05369e-05
-5.53637e-07
2.04856e-05
-5.47879e-07
2.04363e-05
-5.45569e-07
2.03987e-05
-5.62874e-07
2.03688e-05
-5.71556e-07
2.03456e-05
-5.80777e-07
2.03252e-05
-5.82027e-07
2.03086e-05
-5.86957e-07
2.0295e-05
-5.89982e-07
2.02836e-05
-5.91789e-07
2.0274e-05
-5.93098e-07
2.02663e-05
-5.94538e-07
2.02601e-05
-5.95984e-07
2.02561e-05
-5.98876e-07
2.02528e-05
-5.98387e-07
2.02507e-05
-5.99638e-07
2.02491e-05
-5.99743e-07
2.02481e-05
-6.00223e-07
2.02474e-05
-6.00123e-07
2.0247e-05
-6.00791e-07
2.02478e-05
-6.02984e-07
2.02482e-05
-6.01545e-07
2.0249e-05
-6.02056e-07
2.02495e-05
-6.01605e-07
2.02499e-05
-6.01465e-07
2.02505e-05
-6.0181e-07
2.02507e-05
-6.00969e-07
2.02512e-05
-6.01882e-07
2.02521e-05
-6.02854e-07
2.0253e-05
-6.02524e-07
2.02534e-05
-6.01412e-07
2.02538e-05
-6.01882e-07
2.0254e-05
-6.01276e-07
2.02539e-05
-6.00732e-07
2.02542e-05
-6.01786e-07
2.02536e-05
-5.9993e-07
2.02541e-05
-6.02292e-07
2.02534e-05
-5.99304e-07
2.02549e-05
-6.05067e-07
2.0254e-05
-5.98885e-07
2.02555e-05
-6.04499e-07
2.02541e-05
-5.97776e-07
2.02557e-05
-6.05005e-07
2.02538e-05
-5.9662e-07
2.02557e-05
-6.05911e-07
2.02531e-05
-5.95242e-07
2.02553e-05
-6.06962e-07
2.02524e-05
-5.93834e-07
2.02562e-05
-6.10766e-07
2.02527e-05
-5.92539e-07
2.0257e-05
-6.11347e-07
2.02526e-05
-5.90437e-07
2.02575e-05
-6.1298e-07
2.0252e-05
-5.87931e-07
2.02576e-05
-6.14963e-07
2.02512e-05
-5.85834e-07
2.02577e-05
-6.17177e-07
2.02505e-05
-5.83394e-07
2.02589e-05
-6.22106e-07
2.02507e-05
-5.8072e-07
2.02601e-05
-6.23986e-07
2.02504e-05
-5.77296e-07
2.02609e-05
-6.26782e-07
2.02497e-05
-5.73752e-07
2.02615e-05
-6.30046e-07
2.02488e-05
-5.70113e-07
2.0262e-05
-6.33569e-07
2.02476e-05
-5.66243e-07
2.02625e-05
-6.3748e-07
2.02474e-05
-5.64525e-07
2.02641e-05
-6.41745e-07
2.02472e-05
-5.59471e-07
2.02654e-05
-6.45447e-07
2.02465e-05
-5.55069e-07
2.02663e-05
-6.49244e-07
2.02457e-05
-5.50903e-07
2.02669e-05
-6.53014e-07
2.02445e-05
-5.46862e-07
2.02675e-05
-6.56922e-07
2.02444e-05
-5.45253e-07
2.02691e-05
-6.60874e-07
2.02443e-05
-5.40653e-07
2.02703e-05
-6.63931e-07
2.02438e-05
-5.37002e-07
2.0271e-05
-6.668e-07
2.02431e-05
-5.33918e-07
2.02714e-05
-6.69414e-07
2.02424e-05
-5.3128e-07
2.02714e-05
-6.71509e-07
2.02416e-05
-5.29353e-07
2.02724e-05
-6.75544e-07
2.02421e-05
-5.27951e-07
2.02733e-05
-6.75818e-07
2.02422e-05
-5.26492e-07
2.02736e-05
-6.76318e-07
2.0242e-05
-5.25565e-07
2.02734e-05
-6.76593e-07
2.02417e-05
-5.25227e-07
2.0273e-05
-6.76526e-07
2.02413e-05
-5.25347e-07
2.02734e-05
-6.78345e-07
2.02421e-05
-5.26099e-07
2.02736e-05
-6.76485e-07
2.02425e-05
-5.26591e-07
2.02734e-05
-6.75156e-07
2.02426e-05
-5.27542e-07
2.02728e-05
-6.73662e-07
2.02425e-05
-5.28925e-07
2.02719e-05
-6.71934e-07
2.02424e-05
-5.30775e-07
2.0272e-05
-6.7206e-07
2.02435e-05
-5.32975e-07
2.02717e-05
-6.68785e-07
2.02441e-05
-5.34953e-07
2.02712e-05
-6.66166e-07
2.02444e-05
-5.37199e-07
2.02703e-05
-6.63367e-07
2.02445e-05
-5.39748e-07
2.02691e-05
-6.60541e-07
2.02444e-05
-5.4238e-07
2.02689e-05
-6.59955e-07
2.02456e-05
-5.45421e-07
2.02684e-05
-6.5583e-07
2.02462e-05
-5.48215e-07
2.02676e-05
-6.5232e-07
2.02465e-05
-5.5093e-07
2.02665e-05
-6.49519e-07
2.02465e-05
-5.53655e-07
2.02653e-05
-6.46495e-07
2.02466e-05
-5.56697e-07
2.0265e-05
-6.45379e-07
2.02476e-05
-5.59762e-07
2.02643e-05
-6.41239e-07
2.02482e-05
-5.62641e-07
2.02636e-05
-6.38159e-07
2.02482e-05
-5.64758e-07
2.02625e-05
-6.3545e-07
2.02482e-05
-5.67498e-07
2.02612e-05
-6.32616e-07
2.02489e-05
-5.72052e-07
2.02612e-05
-6.30752e-07
2.02494e-05
-5.73098e-07
2.02605e-05
-6.27587e-07
2.02495e-05
-5.75188e-07
2.02596e-05
-6.2572e-07
2.02496e-05
-5.77634e-07
2.02588e-05
-6.23249e-07
2.02495e-05
-5.79328e-07
2.02586e-05
-6.23129e-07
2.02503e-05
-5.81371e-07
2.02582e-05
-6.20003e-07
2.02506e-05
-5.8305e-07
2.02576e-05
-6.18297e-07
2.02504e-05
-5.84219e-07
2.02566e-05
-6.16292e-07
2.02502e-05
-5.86328e-07
2.02559e-05
-6.14875e-07
2.02505e-05
-5.88606e-07
2.02559e-05
-6.14216e-07
2.02509e-05
-5.89298e-07
2.02555e-05
-6.12162e-07
2.02507e-05
-5.90005e-07
2.02547e-05
-6.10846e-07
2.02505e-05
-5.91461e-07
2.0254e-05
-6.09867e-07
2.02499e-05
-5.91677e-07
2.02541e-05
-6.11477e-07
2.02506e-05
-5.92911e-07
2.02537e-05
-6.08366e-07
2.02505e-05
-5.93649e-07
2.02536e-05
-6.08818e-07
2.02505e-05
-5.93936e-07
2.02527e-05
-6.06617e-07
2.025e-05
-5.95159e-07
2.02529e-05
-6.08293e-07
2.02506e-05
-5.95811e-07
2.02531e-05
-6.06942e-07
2.02509e-05
-5.95913e-07
2.02526e-05
-6.05361e-07
2.02507e-05
-5.96874e-07
2.02524e-05
-6.05322e-07
2.02503e-05
-5.96572e-07
2.02523e-05
-6.0597e-07
2.02507e-05
-5.97469e-07
2.02521e-05
-6.04488e-07
2.02506e-05
-5.97817e-07
2.02521e-05
-6.0485e-07
2.02505e-05
-5.97532e-07
2.02513e-05
-6.03249e-07
2.02499e-05
-5.98156e-07
2.02516e-05
-6.05279e-07
2.02505e-05
-5.98674e-07
2.02518e-05
-6.04247e-07
2.02507e-05
-5.98692e-07
2.02513e-05
-6.02851e-07
2.02503e-05
-5.98672e-07
2.02509e-05
-6.02724e-07
2.02499e-05
-5.98922e-07
2.02511e-05
-6.04252e-07
2.02501e-05
-5.98964e-07
2.02509e-05
-6.03336e-07
2.02499e-05
-5.99174e-07
2.02506e-05
-6.02813e-07
2.025e-05
-5.99637e-07
2.02506e-05
-6.02484e-07
2.02507e-05
-6.01291e-07
2.02513e-05
-6.02661e-07
2.02506e-05
-5.99747e-07
2.02508e-05
-6.02252e-07
2.02503e-05
-6.00404e-07
2.02505e-05
-6.01314e-07
2.02505e-05
-6.00759e-07
2.02521e-05
-6.04759e-07
2.02509e-05
-5.97923e-07
2.02518e-05
-6.03763e-07
2.02512e-05
-5.99331e-07
2.02512e-05
-6.01504e-07
2.02538e-05
-6.0869e-07
2.02486e-05
-5.88534e-07
2.02488e-05
-6.02103e-07
2.0249e-05
-6.02199e-07
2.02489e-05
-6.0129e-07
2.02486e-05
-6.00025e-07
2.0247e-05
-6.01805e-07
2.01885e-05
-4.53169e-07
2.04785e-05
-1.16086e-06
2.136e-05
-2.69963e-06
1.85953e-05
5.41844e-06
1.42476e-05
8.4883e-06
1.50473e-05
-3.51688e-06
1.55492e-05
-2.08284e-06
-9.51124e-07
2.09432e-05
3.98482e-06
2.12104e-05
2.86512e-06
2.10607e-05
2.25823e-06
2.0649e-05
1.40992e-06
2.01839e-05
7.00989e-07
1.97736e-05
2.58265e-07
1.94575e-05
-4.087e-08
1.92148e-05
-2.26928e-07
1.90263e-05
-3.42943e-07
1.88929e-05
-4.44933e-07
1.88016e-05
-5.17755e-07
1.87396e-05
-5.63693e-07
1.87029e-05
-6.05845e-07
1.86887e-05
-6.36972e-07
1.86915e-05
-6.61343e-07
1.87075e-05
-6.87787e-07
1.87357e-05
-7.06034e-07
1.87739e-05
-7.22001e-07
1.88193e-05
-7.33991e-07
1.88706e-05
-7.43278e-07
1.89249e-05
-7.48873e-07
1.89793e-05
-7.526e-07
1.9033e-05
-7.55054e-07
1.90853e-05
-7.52181e-07
1.91341e-05
-7.4148e-07
1.91787e-05
-7.29003e-07
1.92189e-05
-7.15844e-07
1.92548e-05
-7.02603e-07
1.92864e-05
-6.90023e-07
1.93145e-05
-6.79358e-07
1.93391e-05
-6.69232e-07
1.93603e-05
-6.59375e-07
1.93782e-05
-6.49652e-07
1.9393e-05
-6.41108e-07
1.94056e-05
-6.34853e-07
1.94164e-05
-6.29877e-07
1.94257e-05
-6.25708e-07
1.94336e-05
-6.22166e-07
1.94405e-05
-6.19161e-07
1.94463e-05
-6.16551e-07
1.94513e-05
-6.14375e-07
1.94556e-05
-6.12402e-07
1.94593e-05
-6.10843e-07
1.94624e-05
-6.09398e-07
1.94651e-05
-6.08227e-07
1.94674e-05
-6.07295e-07
1.94694e-05
-6.06399e-07
1.94712e-05
-6.05897e-07
1.94726e-05
-6.05158e-07
1.94738e-05
-6.04255e-07
1.94748e-05
-6.03771e-07
1.94756e-05
-6.03288e-07
1.94763e-05
-6.03328e-07
1.94769e-05
-6.02261e-07
1.94771e-05
-6.02301e-07
1.94741e-05
-5.87501e-07
1.94546e-05
-5.24233e-07
1.92391e-05
4.59215e-07
1.9589e-05
-2.10061e-06
2.25074e-05
-1.24844e-05
2.39833e-05
-3.66817e-06
2.38621e-05
2.19574e-06
2.41604e-05
-2.72138e-06
2.35107e-05
3.1571e-06
2.34212e-05
-7.17924e-07
2.3285e-05
-2.80661e-07
2.32326e-05
-5.58968e-07
2.3163e-05
-4.4778e-07
2.31147e-05
-5.05305e-07
2.30649e-05
-4.9812e-07
2.30175e-05
-4.9813e-07
2.29801e-05
-5.255e-07
2.29499e-05
-5.4142e-07
2.29254e-05
-5.56243e-07
2.29039e-05
-5.60469e-07
2.28854e-05
-5.68516e-07
2.28698e-05
-5.7434e-07
2.28564e-05
-5.78465e-07
2.28451e-05
-5.81793e-07
2.28358e-05
-5.85194e-07
2.28282e-05
-5.88373e-07
2.28227e-05
-5.9342e-07
2.28183e-05
-5.9397e-07
2.28152e-05
-5.96562e-07
2.2813e-05
-5.97484e-07
2.28113e-05
-5.98581e-07
2.28101e-05
-5.98868e-07
2.28092e-05
-5.99904e-07
2.28094e-05
-6.03197e-07
2.28098e-05
-6.01919e-07
2.28103e-05
-6.02594e-07
2.28108e-05
-6.02038e-07
2.28112e-05
-6.01884e-07
2.28117e-05
-6.02334e-07
2.2812e-05
-6.01264e-07
2.28124e-05
-6.02297e-07
2.28131e-05
-6.03563e-07
2.28139e-05
-6.03287e-07
2.28143e-05
-6.01862e-07
2.28147e-05
-6.02259e-07
2.2815e-05
-6.01565e-07
2.28149e-05
-6.00678e-07
2.28152e-05
-6.02042e-07
2.28149e-05
-5.99671e-07
2.28152e-05
-6.02536e-07
2.28149e-05
-5.98982e-07
2.28156e-05
-6.0584e-07
2.28153e-05
-5.9853e-07
2.28161e-05
-6.05367e-07
2.28155e-05
-5.97153e-07
2.28164e-05
-6.05852e-07
2.28154e-05
-5.95647e-07
2.28163e-05
-6.06851e-07
2.2815e-05
-5.9391e-07
2.28161e-05
-6.0804e-07
2.28146e-05
-5.92312e-07
2.28164e-05
-6.12646e-07
2.28148e-05
-5.90916e-07
2.28171e-05
-6.13604e-07
2.2815e-05
-5.88336e-07
2.28174e-05
-6.15437e-07
2.28147e-05
-5.85231e-07
2.28175e-05
-6.17758e-07
2.28143e-05
-5.82611e-07
2.28175e-05
-6.20371e-07
2.28139e-05
-5.79788e-07
2.28181e-05
-6.26325e-07
2.28141e-05
-5.76765e-07
2.2819e-05
-6.28838e-07
2.28143e-05
-5.72606e-07
2.28196e-05
-6.32079e-07
2.28141e-05
-5.68254e-07
2.282e-05
-6.35899e-07
2.28137e-05
-5.6383e-07
2.28202e-05
-6.40073e-07
2.28131e-05
-5.59121e-07
2.28204e-05
-6.44836e-07
2.2813e-05
-5.57096e-07
2.28214e-05
-6.50138e-07
2.28132e-05
-5.51302e-07
2.28223e-05
-6.54563e-07
2.28132e-05
-5.45898e-07
2.28229e-05
-6.59032e-07
2.28128e-05
-5.40801e-07
2.28233e-05
-6.63488e-07
2.28123e-05
-5.35852e-07
2.28236e-05
-6.68235e-07
2.28123e-05
-5.33934e-07
2.28246e-05
-6.73161e-07
2.28126e-05
-5.28664e-07
2.28255e-05
-6.76817e-07
2.28126e-05
-5.24137e-07
2.2826e-05
-6.80176e-07
2.28124e-05
-5.20306e-07
2.28262e-05
-6.83271e-07
2.2812e-05
-5.17045e-07
2.28262e-05
-6.85726e-07
2.28116e-05
-5.14752e-07
2.28267e-05
-6.90625e-07
2.2812e-05
-5.13242e-07
2.28274e-05
-6.91243e-07
2.28123e-05
-5.11404e-07
2.28277e-05
-6.91723e-07
2.28123e-05
-5.10139e-07
2.28277e-05
-6.91976e-07
2.28121e-05
-5.09607e-07
2.28274e-05
-6.91831e-07
2.28118e-05
-5.09753e-07
2.28275e-05
-6.94095e-07
2.28122e-05
-5.10777e-07
2.28279e-05
-6.92188e-07
2.28126e-05
-5.11241e-07
2.28279e-05
-6.90487e-07
2.28126e-05
-5.12216e-07
2.28275e-05
-6.88631e-07
2.28124e-05
-5.13766e-07
2.28269e-05
-6.86497e-07
2.28122e-05
-5.15988e-07
2.28268e-05
-6.86714e-07
2.28126e-05
-5.18773e-07
2.28269e-05
-6.8309e-07
2.2813e-05
-5.21052e-07
2.28267e-05
-6.7984e-07
2.28131e-05
-5.23609e-07
2.28261e-05
-6.76396e-07
2.2813e-05
-5.26576e-07
2.28253e-05
-6.72898e-07
2.28127e-05
-5.29772e-07
2.2825e-05
-6.72235e-07
2.28132e-05
-5.33592e-07
2.28249e-05
-6.67598e-07
2.28135e-05
-5.36839e-07
2.28245e-05
-6.63237e-07
2.28135e-05
-5.40008e-07
2.28238e-05
-6.59736e-07
2.28134e-05
-5.43266e-07
2.28229e-05
-6.56019e-07
2.28131e-05
-5.46922e-07
2.28225e-05
-6.54721e-07
2.28135e-05
-5.5078e-07
2.28223e-05
-6.50022e-07
2.28138e-05
-5.54212e-07
2.28218e-05
-6.46145e-07
2.28138e-05
-5.56699e-07
2.28211e-05
-6.42755e-07
2.28134e-05
-5.59856e-07
2.28201e-05
-6.39334e-07
2.28135e-05
-5.65396e-07
2.282e-05
-6.37247e-07
2.28139e-05
-5.66991e-07
2.28197e-05
-6.33382e-07
2.28138e-05
-5.6934e-07
2.28191e-05
-6.30957e-07
2.28137e-05
-5.72275e-07
2.28184e-05
-6.27953e-07
2.28134e-05
-5.74375e-07
2.28181e-05
-6.27823e-07
2.28138e-05
-5.77024e-07
2.28181e-05
-6.24291e-07
2.2814e-05
-5.78962e-07
2.28177e-05
-6.22002e-07
2.28137e-05
-5.8026e-07
2.28169e-05
-6.19457e-07
2.28134e-05
-5.82806e-07
2.28163e-05
-6.1784e-07
2.28134e-05
-5.85629e-07
2.28163e-05
-6.17127e-07
2.28137e-05
-5.8667e-07
2.28161e-05
-6.14589e-07
2.28135e-05
-5.8741e-07
2.28155e-05
-6.12904e-07
2.28132e-05
-5.89123e-07
2.28149e-05
-6.11577e-07
2.28127e-05
-5.89497e-07
2.28148e-05
-6.13502e-07
2.2813e-05
-5.91149e-07
2.28147e-05
-6.10087e-07
2.28129e-05
-5.91871e-07
2.28146e-05
-6.10429e-07
2.28129e-05
-5.92304e-07
2.2814e-05
-6.07706e-07
2.28125e-05
-5.93605e-07
2.28138e-05
-6.09668e-07
2.28128e-05
-5.94761e-07
2.28142e-05
-6.08345e-07
2.2813e-05
-5.94733e-07
2.28139e-05
-6.06239e-07
2.28128e-05
-5.95796e-07
2.28137e-05
-6.06199e-07
2.28127e-05
-5.95569e-07
2.28136e-05
-6.06871e-07
2.28128e-05
-5.96657e-07
2.28134e-05
-6.0517e-07
2.28126e-05
-5.96957e-07
2.28134e-05
-6.05645e-07
2.28127e-05
-5.96798e-07
2.2813e-05
-6.03624e-07
2.28123e-05
-5.97386e-07
2.28129e-05
-6.05952e-07
2.28125e-05
-5.98282e-07
2.28131e-05
-6.04851e-07
2.28124e-05
-5.97989e-07
2.28127e-05
-6.03139e-07
2.28122e-05
-5.98193e-07
2.28128e-05
-6.03247e-07
2.28124e-05
-5.98534e-07
2.28128e-05
-6.04659e-07
2.28121e-05
-5.98254e-07
2.28122e-05
-6.03465e-07
2.28116e-05
-5.98529e-07
2.2812e-05
-6.03283e-07
2.2812e-05
-5.99579e-07
2.28127e-05
-6.03172e-07
2.28129e-05
-6.01576e-07
2.28132e-05
-6.02885e-07
2.28124e-05
-5.98934e-07
2.28119e-05
-6.01832e-07
2.28115e-05
-5.99975e-07
2.28119e-05
-6.01729e-07
2.28125e-05
-6.01344e-07
2.2814e-05
-6.06237e-07
2.28138e-05
-5.97723e-07
2.28138e-05
-6.03748e-07
2.28131e-05
-5.98669e-07
2.28126e-05
-6.01043e-07
2.2814e-05
-6.10019e-07
2.28115e-05
-5.86095e-07
2.28113e-05
-6.01869e-07
2.28112e-05
-6.02102e-07
2.28112e-05
-6.01236e-07
2.2811e-05
-5.99879e-07
2.28114e-05
-6.02193e-07
2.28041e-05
-4.45905e-07
2.29833e-05
-1.34e-06
2.3366e-05
-3.0824e-06
2.19117e-05
6.87278e-06
1.89499e-05
1.14501e-05
1.87047e-05
-3.27169e-06
1.88085e-05
-2.18663e-06
-1.00243e-06
2.11553e-05
3.07951e-06
2.1773e-05
2.2474e-06
2.22033e-05
1.82797e-06
2.23509e-05
1.26233e-06
2.22868e-05
7.65041e-07
2.20946e-05
4.50531e-07
2.18449e-05
2.08765e-07
2.15955e-05
2.25404e-08
2.13819e-05
-1.29335e-07
2.12076e-05
-2.70712e-07
2.10672e-05
-3.77281e-07
2.09564e-05
-4.52932e-07
2.0877e-05
-5.26454e-07
2.08265e-05
-5.86446e-07
2.07984e-05
-6.33269e-07
2.07912e-05
-6.80602e-07
2.0799e-05
-7.13831e-07
2.08196e-05
-7.42576e-07
2.08515e-05
-7.65929e-07
2.08904e-05
-7.82138e-07
2.09334e-05
-7.91857e-07
2.09758e-05
-7.94985e-07
2.10156e-05
-7.94883e-07
2.1054e-05
-7.90635e-07
2.10896e-05
-7.77021e-07
2.11218e-05
-7.61215e-07
2.11506e-05
-7.44669e-07
2.1176e-05
-7.28022e-07
2.11983e-05
-7.12295e-07
2.1218e-05
-6.98998e-07
2.12351e-05
-6.86381e-07
2.12498e-05
-6.7405e-07
2.1262e-05
-6.61859e-07
2.12721e-05
-6.51187e-07
2.12806e-05
-6.43429e-07
2.1288e-05
-6.37252e-07
2.12944e-05
-6.32056e-07
2.12998e-05
-6.27609e-07
2.13045e-05
-6.23829e-07
2.13085e-05
-6.20539e-07
2.13119e-05
-6.17787e-07
2.13148e-05
-6.15317e-07
2.13173e-05
-6.13334e-07
2.13194e-05
-6.11522e-07
2.13212e-05
-6.1004e-07
2.13228e-05
-6.08859e-07
2.13241e-05
-6.07723e-07
2.13253e-05
-6.07111e-07
2.13263e-05
-6.06144e-07
2.13271e-05
-6.05036e-07
2.13278e-05
-6.04446e-07
2.13283e-05
-6.03839e-07
2.13289e-05
-6.03875e-07
2.13292e-05
-6.02593e-07
2.13297e-05
-6.02807e-07
2.13287e-05
-5.86472e-07
2.13288e-05
-5.24346e-07
2.13512e-05
4.36847e-07
2.15555e-05
-2.30499e-06
2.2715e-05
-1.36438e-05
2.35666e-05
-4.51978e-06
2.38301e-05
1.9322e-06
2.3896e-05
-2.78721e-06
2.38546e-05
3.19849e-06
2.38004e-05
-6.63708e-07
2.37331e-05
-2.13455e-07
2.36938e-05
-5.19595e-07
2.36546e-05
-4.08628e-07
2.36258e-05
-4.76507e-07
2.35957e-05
-4.67998e-07
2.35681e-05
-4.70489e-07
2.3546e-05
-5.03414e-07
2.35276e-05
-5.23084e-07
2.35113e-05
-5.39944e-07
2.34964e-05
-5.45517e-07
2.34827e-05
-5.54809e-07
2.34704e-05
-5.62092e-07
2.34596e-05
-5.67647e-07
2.34502e-05
-5.72353e-07
2.34421e-05
-5.77161e-07
2.34354e-05
-5.81587e-07
2.343e-05
-5.88092e-07
2.34257e-05
-5.89641e-07
2.34225e-05
-5.93324e-07
2.342e-05
-5.95037e-07
2.3418e-05
-5.96583e-07
2.34165e-05
-5.97305e-07
2.34152e-05
-5.98639e-07
2.34147e-05
-6.02725e-07
2.34146e-05
-6.01764e-07
2.34146e-05
-6.02593e-07
2.34147e-05
-6.02162e-07
2.34148e-05
-6.02002e-07
2.3415e-05
-6.02514e-07
2.34152e-05
-6.01454e-07
2.34153e-05
-6.02472e-07
2.34156e-05
-6.03801e-07
2.3416e-05
-6.03663e-07
2.34163e-05
-6.02164e-07
2.34165e-05
-6.02465e-07
2.34167e-05
-6.01769e-07
2.34167e-05
-6.00713e-07
2.34168e-05
-6.0217e-07
2.34168e-05
-5.99637e-07
2.34169e-05
-6.02624e-07
2.34169e-05
-5.9896e-07
2.3417e-05
-6.05961e-07
2.3417e-05
-5.98546e-07
2.34173e-05
-6.05619e-07
2.34172e-05
-5.97093e-07
2.34174e-05
-6.06021e-07
2.34172e-05
-5.95516e-07
2.34174e-05
-6.06969e-07
2.34171e-05
-5.93687e-07
2.34173e-05
-6.08181e-07
2.34171e-05
-5.921e-07
2.34173e-05
-6.12873e-07
2.34171e-05
-5.90774e-07
2.34176e-05
-6.14015e-07
2.34173e-05
-5.88104e-07
2.34177e-05
-6.15805e-07
2.34174e-05
-5.84926e-07
2.34177e-05
-6.18115e-07
2.34173e-05
-5.82182e-07
2.34177e-05
-6.20769e-07
2.34173e-05
-5.79342e-07
2.34178e-05
-6.26861e-07
2.34174e-05
-5.76394e-07
2.34182e-05
-6.29594e-07
2.34177e-05
-5.72127e-07
2.34185e-05
-6.32832e-07
2.34178e-05
-5.67633e-07
2.34186e-05
-6.36663e-07
2.34178e-05
-5.63071e-07
2.34187e-05
-6.40885e-07
2.34178e-05
-5.58242e-07
2.34187e-05
-6.45758e-07
2.34178e-05
-5.56194e-07
2.3419e-05
-6.51324e-07
2.34181e-05
-5.50461e-07
2.34194e-05
-6.55817e-07
2.34184e-05
-5.44873e-07
2.34197e-05
-6.60327e-07
2.34185e-05
-5.39605e-07
2.34198e-05
-6.6483e-07
2.34185e-05
-5.34511e-07
2.34199e-05
-6.69671e-07
2.34185e-05
-5.32551e-07
2.34202e-05
-6.74852e-07
2.34189e-05
-5.27337e-07
2.34206e-05
-6.78559e-07
2.34191e-05
-5.22633e-07
2.34209e-05
-6.81934e-07
2.34192e-05
-5.18643e-07
2.3421e-05
-6.85051e-07
2.34192e-05
-5.15254e-07
2.3421e-05
-6.87525e-07
2.34192e-05
-5.12891e-07
2.34211e-05
-6.92533e-07
2.34193e-05
-5.11529e-07
2.34214e-05
-6.93343e-07
2.34196e-05
-5.09587e-07
2.34217e-05
-6.93748e-07
2.34197e-05
-5.08207e-07
2.34217e-05
-6.93939e-07
2.34197e-05
-5.07589e-07
2.34216e-05
-6.93739e-07
2.34195e-05
-5.07719e-07
2.34215e-05
-6.96063e-07
2.34197e-05
-5.08925e-07
2.34218e-05
-6.94309e-07
2.34199e-05
-5.09317e-07
2.34219e-05
-6.92486e-07
2.34198e-05
-5.10212e-07
2.34217e-05
-6.9053e-07
2.34197e-05
-5.11736e-07
2.34215e-05
-6.88314e-07
2.34195e-05
-5.13976e-07
2.34213e-05
-6.88532e-07
2.34196e-05
-5.16988e-07
2.34215e-05
-6.85023e-07
2.34197e-05
-5.19259e-07
2.34215e-05
-6.8163e-07
2.34197e-05
-5.21783e-07
2.34213e-05
-6.78038e-07
2.34195e-05
-5.24739e-07
2.3421e-05
-6.74416e-07
2.34192e-05
-5.2799e-07
2.34207e-05
-6.73729e-07
2.34192e-05
-5.32097e-07
2.34208e-05
-6.69184e-07
2.34193e-05
-5.35322e-07
2.34207e-05
-6.64645e-07
2.34191e-05
-5.38478e-07
2.34204e-05
-6.60982e-07
2.34189e-05
-5.41799e-07
2.34201e-05
-6.57144e-07
2.34186e-05
-5.45492e-07
2.34197e-05
-6.55809e-07
2.34186e-05
-5.49635e-07
2.34197e-05
-6.5119e-07
2.34186e-05
-5.53081e-07
2.34196e-05
-6.47145e-07
2.34185e-05
-5.5559e-07
2.34193e-05
-6.43544e-07
2.34182e-05
-5.58769e-07
2.34189e-05
-6.40032e-07
2.34179e-05
-5.64374e-07
2.34187e-05
-6.38114e-07
2.3418e-05
-5.66234e-07
2.34187e-05
-6.34105e-07
2.34179e-05
-5.68503e-07
2.34184e-05
-6.31514e-07
2.34177e-05
-5.7151e-07
2.34182e-05
-6.28483e-07
2.34174e-05
-5.736e-07
2.34179e-05
-6.283e-07
2.34174e-05
-5.76568e-07
2.3418e-05
-6.2487e-07
2.34175e-05
-5.7843e-07
2.34179e-05
-6.22382e-07
2.34173e-05
-5.7965e-07
2.34175e-05
-6.19735e-07
2.3417e-05
-5.82229e-07
2.34173e-05
-6.18153e-07
2.34168e-05
-5.85161e-07
2.34172e-05
-6.17506e-07
2.34169e-05
-5.86361e-07
2.34171e-05
-6.14844e-07
2.34167e-05
-5.87027e-07
2.34169e-05
-6.13088e-07
2.34165e-05
-5.8872e-07
2.34167e-05
-6.1172e-07
2.34163e-05
-5.8913e-07
2.34164e-05
-6.13589e-07
2.34163e-05
-5.91031e-07
2.34165e-05
-6.10345e-07
2.34162e-05
-5.91547e-07
2.34164e-05
-6.10578e-07
2.34162e-05
-5.92151e-07
2.34163e-05
-6.07777e-07
2.34159e-05
-5.93237e-07
2.3416e-05
-6.09739e-07
2.3416e-05
-5.94754e-07
2.34162e-05
-6.08614e-07
2.3416e-05
-5.94543e-07
2.3416e-05
-6.06231e-07
2.34158e-05
-5.95601e-07
2.34161e-05
-6.06419e-07
2.3416e-05
-5.95529e-07
2.3416e-05
-6.06897e-07
2.34158e-05
-5.96439e-07
2.34158e-05
-6.05163e-07
2.34156e-05
-5.96748e-07
2.34158e-05
-6.0581e-07
2.34158e-05
-5.96817e-07
2.34159e-05
-6.0374e-07
2.34157e-05
-5.97198e-07
2.34157e-05
-6.05937e-07
2.34157e-05
-5.98232e-07
2.34157e-05
-6.04849e-07
2.34154e-05
-5.97699e-07
2.34153e-05
-6.03054e-07
2.34154e-05
-5.98293e-07
2.34159e-05
-6.03752e-07
2.3416e-05
-5.98692e-07
2.34159e-05
-6.04497e-07
2.34154e-05
-5.97782e-07
2.34149e-05
-6.02928e-07
2.34146e-05
-5.98229e-07
2.34149e-05
-6.03565e-07
2.34153e-05
-6.00041e-07
2.34161e-05
-6.03918e-07
2.34165e-05
-6.01966e-07
2.34163e-05
-6.02705e-07
2.34154e-05
-5.98042e-07
2.34144e-05
-6.00808e-07
2.3414e-05
-5.99651e-07
2.34147e-05
-6.02377e-07
2.34157e-05
-6.02322e-07
2.34171e-05
-6.07667e-07
2.34176e-05
-5.98202e-07
2.34168e-05
-6.02998e-07
2.34159e-05
-5.97704e-07
2.34153e-05
-6.0045e-07
2.34155e-05
-6.10237e-07
2.34155e-05
-5.86145e-07
2.34151e-05
-6.01453e-07
2.34151e-05
-6.02075e-07
2.34148e-05
-6.00965e-07
2.34151e-05
-6.00178e-07
2.34163e-05
-6.03406e-07
2.34357e-05
-4.6527e-07
2.34858e-05
-1.39006e-06
2.34812e-05
-3.07779e-06
2.32398e-05
7.11415e-06
2.19815e-05
1.27083e-05
2.12983e-05
-2.5885e-06
2.11463e-05
-2.03464e-06
-9.68324e-07
2.11714e-05
2.15809e-06
2.18642e-05
1.55457e-06
2.24552e-05
1.23703e-06
2.28666e-05
8.50922e-07
2.31227e-05
5.08977e-07
2.3251e-05
3.22167e-07
2.32674e-05
1.92414e-07
2.32129e-05
7.70257e-08
2.31138e-05
-3.02802e-08
2.29855e-05
-1.42362e-07
2.2859e-05
-2.50852e-07
2.27464e-05
-3.4024e-07
2.26538e-05
-4.33848e-07
2.25793e-05
-5.11969e-07
2.25198e-05
-5.73789e-07
2.24816e-05
-6.4243e-07
2.24613e-05
-6.9352e-07
2.24549e-05
-7.3617e-07
2.24586e-05
-7.6964e-07
2.24678e-05
-7.9136e-07
2.24786e-05
-8.0263e-07
2.24896e-05
-8.06004e-07
2.25024e-05
-8.07695e-07
2.25154e-05
-8.03569e-07
2.25266e-05
-7.88285e-07
2.25361e-05
-7.70657e-07
2.25439e-05
-7.52456e-07
2.25501e-05
-7.34293e-07
2.25553e-05
-7.17425e-07
2.25596e-05
-7.03342e-07
2.25632e-05
-6.89964e-07
2.2566e-05
-6.76825e-07
2.2568e-05
-6.63846e-07
2.25695e-05
-6.52686e-07
2.25708e-05
-6.44772e-07
2.2572e-05
-6.38469e-07
2.25731e-05
-6.33124e-07
2.2574e-05
-6.28522e-07
2.25748e-05
-6.24603e-07
2.25754e-05
-6.21194e-07
2.2576e-05
-6.18329e-07
2.25765e-05
-6.15803e-07
2.25768e-05
-6.13709e-07
2.25772e-05
-6.11872e-07
2.25774e-05
-6.103e-07
2.25777e-05
-6.09095e-07
2.25779e-05
-6.07901e-07
2.2578e-05
-6.07254e-07
2.25782e-05
-6.06341e-07
2.25783e-05
-6.0513e-07
2.25784e-05
-6.04584e-07
2.25785e-05
-6.03934e-07
2.25786e-05
-6.03992e-07
2.25787e-05
-6.02645e-07
2.2579e-05
-6.0314e-07
2.25802e-05
-5.87663e-07
2.25931e-05
-5.37232e-07
2.27739e-05
2.56094e-07
2.27942e-05
-2.32536e-06
2.21111e-05
-1.29607e-05
2.2143e-05
-4.55166e-06
2.2592e-05
1.48315e-06
2.24409e-05
-2.6361e-06
2.29207e-05
2.71876e-06
2.2912e-05
-6.5504e-07
2.29288e-05
-2.30267e-07
2.29175e-05
-5.08302e-07
2.29193e-05
-4.10399e-07
2.29169e-05
-4.74159e-07
2.29134e-05
-4.6452e-07
2.29108e-05
-4.67829e-07
2.2908e-05
-5.00646e-07
2.29048e-05
-5.1988e-07
2.29e-05
-5.35169e-07
2.2895e-05
-5.40458e-07
2.28894e-05
-5.49211e-07
2.28838e-05
-5.56516e-07
2.28786e-05
-5.62406e-07
2.28738e-05
-5.6759e-07
2.28696e-05
-5.72928e-07
2.28658e-05
-5.77825e-07
2.28624e-05
-5.84704e-07
2.28597e-05
-5.86914e-07
2.28575e-05
-5.91119e-07
2.28557e-05
-5.93298e-07
2.28542e-05
-5.95007e-07
2.28529e-05
-5.96056e-07
2.28518e-05
-5.97548e-07
2.2851e-05
-6.01844e-07
2.28505e-05
-6.0127e-07
2.285e-05
-6.02167e-07
2.28498e-05
-6.01949e-07
2.28496e-05
-6.01816e-07
2.28495e-05
-6.02382e-07
2.28495e-05
-6.01444e-07
2.28494e-05
-6.02372e-07
2.28492e-05
-6.03606e-07
2.28491e-05
-6.03562e-07
2.28492e-05
-6.02229e-07
2.28491e-05
-6.02434e-07
2.28492e-05
-6.01825e-07
2.28493e-05
-6.00803e-07
2.28492e-05
-6.02145e-07
2.28494e-05
-5.99805e-07
2.28493e-05
-6.02527e-07
2.28496e-05
-5.99201e-07
2.28491e-05
-6.05502e-07
2.28494e-05
-5.9886e-07
2.28491e-05
-6.05261e-07
2.28495e-05
-5.9754e-07
2.28491e-05
-6.05571e-07
2.28496e-05
-5.96099e-07
2.28491e-05
-6.06393e-07
2.28498e-05
-5.94431e-07
2.28491e-05
-6.07486e-07
2.285e-05
-5.93032e-07
2.28489e-05
-6.11695e-07
2.285e-05
-5.91886e-07
2.28487e-05
-6.12757e-07
2.28501e-05
-5.89493e-07
2.28486e-05
-6.14345e-07
2.28504e-05
-5.86633e-07
2.28486e-05
-6.16393e-07
2.28506e-05
-5.84149e-07
2.28486e-05
-6.18773e-07
2.28509e-05
-5.81625e-07
2.28483e-05
-6.24238e-07
2.28509e-05
-5.79044e-07
2.2848e-05
-6.26727e-07
2.28512e-05
-5.7524e-07
2.28479e-05
-6.29608e-07
2.28515e-05
-5.71199e-07
2.28478e-05
-6.32999e-07
2.28519e-05
-5.67095e-07
2.28477e-05
-6.36746e-07
2.28523e-05
-5.62785e-07
2.28476e-05
-6.41111e-07
2.28524e-05
-5.60979e-07
2.28472e-05
-6.46141e-07
2.28527e-05
-5.55909e-07
2.2847e-05
-6.50152e-07
2.2853e-05
-5.50913e-07
2.28469e-05
-6.54144e-07
2.28534e-05
-5.46193e-07
2.28467e-05
-6.58127e-07
2.28539e-05
-5.41648e-07
2.28467e-05
-6.62445e-07
2.2854e-05
-5.3992e-07
2.28463e-05
-6.6711e-07
2.28543e-05
-5.35314e-07
2.28461e-05
-6.70408e-07
2.28546e-05
-5.31114e-07
2.2846e-05
-6.73375e-07
2.28549e-05
-5.27537e-07
2.2846e-05
-6.76112e-07
2.28552e-05
-5.24495e-07
2.2846e-05
-6.78288e-07
2.28555e-05
-5.22402e-07
2.28457e-05
-6.82756e-07
2.28555e-05
-5.21269e-07
2.28456e-05
-6.83504e-07
2.28556e-05
-5.19547e-07
2.28456e-05
-6.83813e-07
2.28557e-05
-5.18293e-07
2.28457e-05
-6.8393e-07
2.28558e-05
-5.17712e-07
2.28458e-05
-6.83713e-07
2.2856e-05
-5.1785e-07
2.28457e-05
-6.85792e-07
2.28557e-05
-5.18987e-07
2.28457e-05
-6.84264e-07
2.28557e-05
-5.1933e-07
2.28458e-05
-6.82591e-07
2.28557e-05
-5.20089e-07
2.2846e-05
-6.80805e-07
2.28557e-05
-5.21428e-07
2.28461e-05
-6.78805e-07
2.28556e-05
-5.23437e-07
2.28461e-05
-6.78992e-07
2.28553e-05
-5.26172e-07
2.28461e-05
-6.75914e-07
2.28551e-05
-5.28209e-07
2.28463e-05
-6.7286e-07
2.2855e-05
-5.30419e-07
2.28465e-05
-6.69612e-07
2.28548e-05
-5.33009e-07
2.28467e-05
-6.66354e-07
2.28547e-05
-5.35929e-07
2.28467e-05
-6.65754e-07
2.28543e-05
-5.39655e-07
2.28468e-05
-6.61754e-07
2.2854e-05
-5.42503e-07
2.2847e-05
-6.57674e-07
2.28539e-05
-5.45285e-07
2.28472e-05
-6.54375e-07
2.28537e-05
-5.48224e-07
2.28475e-05
-6.50934e-07
2.28535e-05
-5.51516e-07
2.28474e-05
-6.4976e-07
2.28531e-05
-5.55264e-07
2.28476e-05
-6.45699e-07
2.28528e-05
-5.58335e-07
2.28477e-05
-6.42061e-07
2.28527e-05
-5.60538e-07
2.2848e-05
-6.38812e-07
2.28525e-05
-5.63332e-07
2.28482e-05
-6.35691e-07
2.28521e-05
-5.68346e-07
2.28481e-05
-6.34039e-07
2.28519e-05
-5.70055e-07
2.28482e-05
-6.30456e-07
2.28518e-05
-5.72029e-07
2.28484e-05
-6.28123e-07
2.28516e-05
-5.74715e-07
2.28485e-05
-6.25438e-07
2.28515e-05
-5.76561e-07
2.28485e-05
-6.2526e-07
2.28512e-05
-5.79269e-07
2.28486e-05
-6.22291e-07
2.28511e-05
-5.80928e-07
2.28487e-05
-6.19987e-07
2.2851e-05
-5.81941e-07
2.28489e-05
-6.17611e-07
2.28509e-05
-5.84232e-07
2.2849e-05
-6.16248e-07
2.28507e-05
-5.86895e-07
2.28489e-05
-6.15708e-07
2.28505e-05
-5.87972e-07
2.2849e-05
-6.13299e-07
2.28505e-05
-5.88524e-07
2.28491e-05
-6.11775e-07
2.28504e-05
-5.89978e-07
2.28493e-05
-6.10595e-07
2.28505e-05
-5.90309e-07
2.28491e-05
-6.12197e-07
2.28502e-05
-5.92144e-07
2.28492e-05
-6.09355e-07
2.28502e-05
-5.92565e-07
2.28491e-05
-6.09513e-07
2.28501e-05
-5.93165e-07
2.28494e-05
-6.07074e-07
2.28501e-05
-5.93926e-07
2.28492e-05
-6.08802e-07
2.285e-05
-5.95549e-07
2.28492e-05
-6.07852e-07
2.28499e-05
-5.9518e-07
2.28492e-05
-6.05582e-07
2.28498e-05
-5.96171e-07
2.28494e-05
-6.06028e-07
2.28501e-05
-5.96256e-07
2.28495e-05
-6.06253e-07
2.28498e-05
-5.96797e-07
2.28492e-05
-6.04559e-07
2.28496e-05
-5.97154e-07
2.28492e-05
-6.05407e-07
2.28499e-05
-5.97438e-07
2.28497e-05
-6.03577e-07
2.28501e-05
-5.97558e-07
2.28495e-05
-6.05379e-07
2.28498e-05
-5.9853e-07
2.28493e-05
-6.0435e-07
2.28494e-05
-5.97811e-07
2.28491e-05
-6.02725e-07
2.28496e-05
-5.98794e-07
2.28499e-05
-6.04025e-07
2.28504e-05
-5.99257e-07
2.28499e-05
-6.03975e-07
2.28498e-05
-5.97683e-07
2.2849e-05
-6.02116e-07
2.2849e-05
-5.98255e-07
2.2849e-05
-6.03561e-07
2.28497e-05
-6.00709e-07
2.28502e-05
-6.04425e-07
2.28506e-05
-6.02343e-07
2.28502e-05
-6.02316e-07
2.28496e-05
-5.97436e-07
2.28485e-05
-5.99703e-07
2.28483e-05
-5.99447e-07
2.28488e-05
-6.02935e-07
2.28497e-05
-6.03233e-07
2.28506e-05
-6.08515e-07
2.28515e-05
-5.99106e-07
2.28505e-05
-6.01999e-07
2.28496e-05
-5.96837e-07
2.28492e-05
-6.00039e-07
2.28482e-05
-6.09258e-07
2.28504e-05
-5.88311e-07
2.28499e-05
-6.00972e-07
2.28501e-05
-6.02293e-07
2.28496e-05
-6.00397e-07
2.28504e-05
-6.01032e-07
2.28508e-05
-6.03844e-07
2.28834e-05
-4.97846e-07
2.28114e-05
-1.31801e-06
2.25023e-05
-2.76868e-06
2.33125e-05
6.30394e-06
2.38945e-05
1.21263e-05
2.31412e-05
-1.83515e-06
2.28489e-05
-1.74236e-06
-8.86289e-07
2.11688e-05
1.23931e-06
2.18824e-05
8.40914e-07
2.24949e-05
6.24545e-07
2.29694e-05
3.76459e-07
2.33243e-05
1.54044e-07
2.36044e-05
4.21071e-08
2.38231e-05
-2.6298e-08
2.39801e-05
-7.99875e-08
2.40807e-05
-1.309e-07
2.41194e-05
-1.81021e-07
2.41145e-05
-2.45999e-07
2.40873e-05
-3.13053e-07
2.40413e-05
-3.87853e-07
2.39874e-05
-4.58019e-07
2.39341e-05
-5.20454e-07
2.38881e-05
-5.96501e-07
2.3848e-05
-6.53369e-07
2.38114e-05
-6.99594e-07
2.37769e-05
-7.3513e-07
2.3743e-05
-7.57461e-07
2.37093e-05
-7.68921e-07
2.3679e-05
-7.75715e-07
2.3654e-05
-7.82714e-07
2.36304e-05
-7.79993e-07
2.36071e-05
-7.64985e-07
2.35846e-05
-7.48111e-07
2.35633e-05
-7.31167e-07
2.35436e-05
-7.14613e-07
2.35259e-05
-6.99725e-07
2.35102e-05
-6.87578e-07
2.34961e-05
-6.75943e-07
2.34837e-05
-6.6441e-07
2.34729e-05
-6.53054e-07
2.34639e-05
-6.43627e-07
2.34563e-05
-6.37236e-07
2.345e-05
-6.32112e-07
2.34446e-05
-6.27701e-07
2.34399e-05
-6.23875e-07
2.34359e-05
-6.20613e-07
2.34325e-05
-6.17777e-07
2.34296e-05
-6.1539e-07
2.34271e-05
-6.13301e-07
2.34249e-05
-6.11557e-07
2.34231e-05
-6.10033e-07
2.34215e-05
-6.0874e-07
2.34201e-05
-6.07718e-07
2.34189e-05
-6.06707e-07
2.34179e-05
-6.06204e-07
2.3417e-05
-6.05462e-07
2.34164e-05
-6.04465e-07
2.34158e-05
-6.04054e-07
2.34153e-05
-6.03454e-07
2.34149e-05
-6.03595e-07
2.34146e-05
-6.02302e-07
2.34147e-05
-6.03219e-07
2.34174e-05
-5.90418e-07
2.3438e-05
-5.57811e-07
2.36916e-05
2.47914e-09
2.34343e-05
-2.06804e-06
2.09598e-05
-1.04861e-05
2.02329e-05
-3.82477e-06
2.08139e-05
9.02084e-07
2.03927e-05
-2.21482e-06
2.12734e-05
1.83798e-06
2.12753e-05
-6.56868e-07
2.13655e-05
-3.2054e-07
2.13854e-05
-5.28125e-07
2.14263e-05
-4.5133e-07
2.14513e-05
-4.99138e-07
2.14757e-05
-4.88992e-07
2.14986e-05
-4.90649e-07
2.1515e-05
-5.17049e-07
2.15272e-05
-5.32147e-07
2.15354e-05
-5.43362e-07
2.15424e-05
-5.47428e-07
2.15475e-05
-5.54321e-07
2.15514e-05
-5.60377e-07
2.15544e-05
-5.65459e-07
2.15569e-05
-5.70061e-07
2.15588e-05
-5.74821e-07
2.15602e-05
-5.79187e-07
2.15606e-05
-5.85116e-07
2.1561e-05
-5.87383e-07
2.15612e-05
-5.91244e-07
2.15612e-05
-5.93319e-07
2.1561e-05
-5.9482e-07
2.15609e-05
-5.95928e-07
2.15606e-05
-5.9732e-07
2.15598e-05
-6.01049e-07
2.15594e-05
-6.00802e-07
2.15588e-05
-6.01606e-07
2.15584e-05
-6.0158e-07
2.15581e-05
-6.01497e-07
2.15578e-05
-6.02031e-07
2.15577e-05
-6.01323e-07
2.15573e-05
-6.02056e-07
2.15568e-05
-6.03047e-07
2.15563e-05
-6.03046e-07
2.15561e-05
-6.02052e-07
2.15558e-05
-6.02185e-07
2.15557e-05
-6.01734e-07
2.15559e-05
-6.00926e-07
2.15557e-05
-6.01965e-07
2.1556e-05
-6.00152e-07
2.15558e-05
-6.02245e-07
2.15562e-05
-5.99688e-07
2.15552e-05
-6.04508e-07
2.15558e-05
-5.99445e-07
2.15549e-05
-6.04343e-07
2.15558e-05
-5.98437e-07
2.15548e-05
-6.04565e-07
2.1556e-05
-5.97326e-07
2.15548e-05
-6.05179e-07
2.15564e-05
-5.96044e-07
2.1555e-05
-6.06018e-07
2.15569e-05
-5.94987e-07
2.15544e-05
-6.09229e-07
2.15567e-05
-5.94128e-07
2.1554e-05
-6.10044e-07
2.15568e-05
-5.9231e-07
2.15537e-05
-6.1125e-07
2.15572e-05
-5.90129e-07
2.15536e-05
-6.12803e-07
2.15577e-05
-5.88232e-07
2.15535e-05
-6.14619e-07
2.15582e-05
-5.86315e-07
2.15528e-05
-6.18783e-07
2.15581e-05
-5.84371e-07
2.15521e-05
-6.20686e-07
2.15583e-05
-5.81489e-07
2.15516e-05
-6.22878e-07
2.15588e-05
-5.7841e-07
2.15512e-05
-6.25445e-07
2.15594e-05
-5.75279e-07
2.1551e-05
-6.28281e-07
2.15602e-05
-5.72007e-07
2.15507e-05
-6.31602e-07
2.15603e-05
-5.70649e-07
2.15496e-05
-6.35443e-07
2.15605e-05
-5.66811e-07
2.15489e-05
-6.38492e-07
2.1561e-05
-5.63017e-07
2.15484e-05
-6.41513e-07
2.15616e-05
-5.59427e-07
2.1548e-05
-6.44522e-07
2.15623e-05
-5.55983e-07
2.15477e-05
-6.478e-07
2.15624e-05
-5.54683e-07
2.15467e-05
-6.51351e-07
2.15626e-05
-5.51195e-07
2.1546e-05
-6.53852e-07
2.15629e-05
-5.48012e-07
2.15456e-05
-6.56085e-07
2.15634e-05
-5.45293e-07
2.15454e-05
-6.58143e-07
2.15639e-05
-5.42977e-07
2.15454e-05
-6.59781e-07
2.15644e-05
-5.41394e-07
2.15448e-05
-6.63171e-07
2.15641e-05
-5.40563e-07
2.15443e-05
-6.63738e-07
2.1564e-05
-5.39267e-07
2.15442e-05
-6.63951e-07
2.15642e-05
-5.3831e-07
2.15443e-05
-6.64016e-07
2.15644e-05
-5.37857e-07
2.15445e-05
-6.63834e-07
2.15647e-05
-5.37972e-07
2.15443e-05
-6.65414e-07
2.15641e-05
-5.38853e-07
2.15441e-05
-6.64258e-07
2.15639e-05
-5.39115e-07
2.15443e-05
-6.6297e-07
2.15639e-05
-5.39677e-07
2.15447e-05
-6.61595e-07
2.15639e-05
-5.40685e-07
2.15452e-05
-6.60071e-07
2.1564e-05
-5.42217e-07
2.15452e-05
-6.60203e-07
2.15633e-05
-5.443e-07
2.15453e-05
-6.57882e-07
2.15629e-05
-5.45861e-07
2.15456e-05
-6.55556e-07
2.15627e-05
-5.4752e-07
2.15462e-05
-6.53071e-07
2.15627e-05
-5.49463e-07
2.15469e-05
-6.50586e-07
2.15627e-05
-5.51694e-07
2.1547e-05
-6.50135e-07
2.15619e-05
-5.54539e-07
2.15473e-05
-6.47116e-07
2.15615e-05
-5.56688e-07
2.15478e-05
-6.44008e-07
2.15613e-05
-5.5879e-07
2.15484e-05
-6.41492e-07
2.15612e-05
-5.6101e-07
2.15492e-05
-6.38873e-07
2.15611e-05
-5.6351e-07
2.15494e-05
-6.37988e-07
2.15605e-05
-5.66365e-07
2.15497e-05
-6.34928e-07
2.15601e-05
-5.68699e-07
2.15502e-05
-6.32156e-07
2.156e-05
-5.70358e-07
2.15508e-05
-6.29676e-07
2.156e-05
-5.72462e-07
2.15516e-05
-6.27317e-07
2.15595e-05
-5.76276e-07
2.15516e-05
-6.26076e-07
2.15591e-05
-5.77583e-07
2.1552e-05
-6.23358e-07
2.1559e-05
-5.79064e-07
2.15525e-05
-6.21583e-07
2.15589e-05
-5.81113e-07
2.1553e-05
-6.19561e-07
2.1559e-05
-5.82501e-07
2.15531e-05
-6.19405e-07
2.15584e-05
-5.84573e-07
2.15533e-05
-6.17204e-07
2.15582e-05
-5.85841e-07
2.15537e-05
-6.15413e-07
2.15583e-05
-5.86575e-07
2.15543e-05
-6.13605e-07
2.15584e-05
-5.88309e-07
2.15547e-05
-6.12595e-07
2.15582e-05
-5.90359e-07
2.15547e-05
-6.12198e-07
2.15579e-05
-5.91167e-07
2.15549e-05
-6.1035e-07
2.1558e-05
-5.91571e-07
2.15554e-05
-6.09195e-07
2.15581e-05
-5.92689e-07
2.15558e-05
-6.0835e-07
2.15584e-05
-5.92871e-07
2.15557e-05
-6.09526e-07
2.15579e-05
-5.94331e-07
2.1556e-05
-6.07396e-07
2.1558e-05
-5.94647e-07
2.1556e-05
-6.07488e-07
2.1558e-05
-5.95131e-07
2.15566e-05
-6.05687e-07
2.15583e-05
-5.95592e-07
2.15564e-05
-6.06974e-07
2.15579e-05
-5.96976e-07
2.15563e-05
-6.06287e-07
2.15577e-05
-5.96582e-07
2.15566e-05
-6.04443e-07
2.15578e-05
-5.97384e-07
2.15567e-05
-6.04989e-07
2.1558e-05
-5.97561e-07
2.15568e-05
-6.05045e-07
2.15578e-05
-5.97751e-07
2.15569e-05
-6.03629e-07
2.15578e-05
-5.98088e-07
2.15568e-05
-6.04469e-07
2.15579e-05
-5.98471e-07
2.15574e-05
-6.03089e-07
2.15582e-05
-5.98401e-07
2.15572e-05
-6.04354e-07
2.15579e-05
-5.9919e-07
2.15571e-05
-6.03536e-07
2.15577e-05
-5.98448e-07
2.15572e-05
-6.02244e-07
2.15579e-05
-5.99487e-07
2.15576e-05
-6.0374e-07
2.15584e-05
-5.9999e-07
2.15576e-05
-6.03245e-07
2.15582e-05
-5.9823e-07
2.15575e-05
-6.01458e-07
2.1558e-05
-5.98726e-07
2.15576e-05
-6.03151e-07
2.15581e-05
-6.01191e-07
2.15579e-05
-6.04237e-07
2.1558e-05
-6.02465e-07
2.15576e-05
-6.0194e-07
2.15579e-05
-5.97689e-07
2.15574e-05
-5.99208e-07
2.15575e-05
-5.99533e-07
2.15575e-05
-6.03013e-07
2.15577e-05
-6.03435e-07
2.15572e-05
-6.07974e-07
2.15582e-05
-6.00067e-07
2.15575e-05
-6.01312e-07
2.15575e-05
-5.9683e-07
2.15575e-05
-6.0006e-07
2.15555e-05
-6.07228e-07
2.15591e-05
-5.91991e-07
2.15587e-05
-6.00549e-07
2.1559e-05
-6.02591e-07
2.15584e-05
-5.99798e-07
2.15595e-05
-6.02074e-07
2.15588e-05
-6.03138e-07
2.15957e-05
-5.34773e-07
2.14208e-05
-1.14311e-06
2.08737e-05
-2.2216e-06
2.25659e-05
4.61172e-06
2.50206e-05
9.67154e-06
2.43815e-05
-1.19603e-06
2.40249e-05
-1.38576e-06
-7.86745e-07
2.11682e-05
3.21105e-07
2.18903e-05
1.18851e-07
2.25028e-05
1.20586e-08
2.29906e-05
-1.11425e-07
2.3366e-05
-2.21363e-07
2.36835e-05
-2.7538e-07
2.39641e-05
-3.06879e-07
2.4213e-05
-3.28901e-07
2.44317e-05
-3.49594e-07
2.46169e-05
-3.66205e-07
2.47612e-05
-3.90275e-07
2.48648e-05
-4.16709e-07
2.49291e-05
-4.52066e-07
2.49567e-05
-4.85647e-07
2.49606e-05
-5.24413e-07
2.49451e-05
-5.8097e-07
2.49096e-05
-6.1791e-07
2.48578e-05
-6.47736e-07
2.47943e-05
-6.71605e-07
2.4723e-05
-6.8621e-07
2.46495e-05
-6.95367e-07
2.45773e-05
-7.03604e-07
2.45063e-05
-7.11707e-07
2.44365e-05
-7.10172e-07
2.4371e-05
-6.99472e-07
2.43113e-05
-6.88366e-07
2.42577e-05
-6.77608e-07
2.42104e-05
-6.6732e-07
2.41691e-05
-6.5844e-07
2.41329e-05
-6.51369e-07
2.41014e-05
-6.44383e-07
2.40743e-05
-6.37321e-07
2.40516e-05
-6.30418e-07
2.4033e-05
-6.25017e-07
2.40174e-05
-6.21603e-07
2.40041e-05
-6.1879e-07
2.39927e-05
-6.163e-07
2.39829e-05
-6.14122e-07
2.39746e-05
-6.12262e-07
2.39674e-05
-6.10645e-07
2.39613e-05
-6.09284e-07
2.39561e-05
-6.08095e-07
2.39517e-05
-6.07106e-07
2.39479e-05
-6.06232e-07
2.39446e-05
-6.05514e-07
2.39418e-05
-6.04904e-07
2.39395e-05
-6.04363e-07
2.39373e-05
-6.04022e-07
2.39354e-05
-6.03577e-07
2.39341e-05
-6.03156e-07
2.3933e-05
-6.02899e-07
2.39319e-05
-6.02441e-07
2.39311e-05
-6.02741e-07
2.39303e-05
-6.01554e-07
2.39302e-05
-6.03066e-07
2.39338e-05
-5.94075e-07
2.39583e-05
-5.82264e-07
2.42433e-05
-2.82505e-07
2.36627e-05
-1.48744e-06
1.95076e-05
-6.33107e-06
1.8144e-05
-2.46121e-06
1.88445e-05
2.01672e-07
1.81417e-05
-1.51209e-06
1.92932e-05
6.86473e-07
1.92746e-05
-6.3827e-07
1.9411e-05
-4.56933e-07
1.94459e-05
-5.63035e-07
1.95154e-05
-5.20798e-07
1.95611e-05
-5.44824e-07
1.96098e-05
-5.37738e-07
1.96565e-05
-5.37364e-07
1.96911e-05
-5.51608e-07
1.97189e-05
-5.59929e-07
1.97411e-05
-5.65618e-07
1.97616e-05
-5.67842e-07
1.9779e-05
-5.71739e-07
1.97939e-05
-5.75326e-07
1.98069e-05
-5.78412e-07
1.98181e-05
-5.81275e-07
1.98275e-05
-5.84234e-07
1.98353e-05
-5.86955e-07
1.98407e-05
-5.90549e-07
1.98454e-05
-5.92099e-07
1.98487e-05
-5.9456e-07
1.98513e-05
-5.95881e-07
1.98533e-05
-5.96791e-07
1.98549e-05
-5.9757e-07
1.98561e-05
-5.98491e-07
1.98558e-05
-6.00779e-07
1.98557e-05
-6.00724e-07
1.98554e-05
-6.01232e-07
1.98551e-05
-6.01292e-07
1.98548e-05
-6.01259e-07
1.98544e-05
-6.01614e-07
1.98543e-05
-6.01226e-07
1.98539e-05
-6.01645e-07
1.98531e-05
-6.02232e-07
1.98523e-05
-6.0224e-07
1.98519e-05
-6.01701e-07
1.98515e-05
-6.01774e-07
1.98513e-05
-6.0153e-07
1.98515e-05
-6.01081e-07
1.98512e-05
-6.01653e-07
1.98517e-05
-6.00656e-07
1.98512e-05
-6.01801e-07
1.98519e-05
-6.004e-07
1.98505e-05
-6.03049e-07
1.98513e-05
-6.00276e-07
1.98499e-05
-6.02956e-07
1.98512e-05
-5.99725e-07
1.98497e-05
-6.03073e-07
1.98515e-05
-5.99112e-07
1.98497e-05
-6.03403e-07
1.98521e-05
-5.98409e-07
1.98499e-05
-6.03862e-07
1.98528e-05
-5.97833e-07
1.98492e-05
-6.0563e-07
1.98524e-05
-5.97371e-07
1.98485e-05
-6.06069e-07
1.98525e-05
-5.96379e-07
1.9848e-05
-6.06726e-07
1.98531e-05
-5.95185e-07
1.98478e-05
-6.07572e-07
1.98537e-05
-5.94149e-07
1.98477e-05
-6.08566e-07
1.98545e-05
-5.93103e-07
1.98465e-05
-6.10852e-07
1.98542e-05
-5.9205e-07
1.98454e-05
-6.11886e-07
1.98544e-05
-5.90479e-07
1.98446e-05
-6.13084e-07
1.9855e-05
-5.88796e-07
1.9844e-05
-6.14482e-07
1.98558e-05
-5.87082e-07
1.98436e-05
-6.16026e-07
1.98569e-05
-5.85297e-07
1.98431e-05
-6.17838e-07
1.9857e-05
-5.84572e-07
1.98415e-05
-6.19942e-07
1.98572e-05
-5.82475e-07
1.98403e-05
-6.21607e-07
1.98577e-05
-5.80405e-07
1.98394e-05
-6.23251e-07
1.98585e-05
-5.78444e-07
1.98388e-05
-6.24887e-07
1.98594e-05
-5.76567e-07
1.98383e-05
-6.26675e-07
1.98595e-05
-5.75872e-07
1.98367e-05
-6.28616e-07
1.98595e-05
-5.73965e-07
1.98356e-05
-6.29978e-07
1.98599e-05
-5.7223e-07
1.9835e-05
-6.31188e-07
1.98604e-05
-5.70747e-07
1.98346e-05
-6.32303e-07
1.98611e-05
-5.69482e-07
1.98345e-05
-6.33191e-07
1.98617e-05
-5.68619e-07
1.98336e-05
-6.35049e-07
1.98612e-05
-5.68176e-07
1.98328e-05
-6.35351e-07
1.9861e-05
-5.67472e-07
1.98325e-05
-6.35459e-07
1.98612e-05
-5.66948e-07
1.98326e-05
-6.35485e-07
1.98615e-05
-5.66696e-07
1.9833e-05
-6.35378e-07
1.98618e-05
-5.6676e-07
1.98326e-05
-6.3625e-07
1.9861e-05
-5.67248e-07
1.98324e-05
-6.35614e-07
1.98607e-05
-5.6739e-07
1.98326e-05
-6.34905e-07
1.98606e-05
-5.67691e-07
1.98332e-05
-6.34146e-07
1.98607e-05
-5.68237e-07
1.9834e-05
-6.33312e-07
1.98608e-05
-5.69074e-07
1.9834e-05
-6.3339e-07
1.98599e-05
-5.70212e-07
1.98342e-05
-6.32122e-07
1.98594e-05
-5.71068e-07
1.98347e-05
-6.30851e-07
1.98591e-05
-5.71966e-07
1.98355e-05
-6.29488e-07
1.98591e-05
-5.73017e-07
1.98366e-05
-6.28127e-07
1.98592e-05
-5.74238e-07
1.98369e-05
-6.27892e-07
1.98582e-05
-5.75794e-07
1.98373e-05
-6.26245e-07
1.98576e-05
-5.76961e-07
1.98381e-05
-6.24544e-07
1.98574e-05
-5.78105e-07
1.98391e-05
-6.23169e-07
1.98574e-05
-5.79311e-07
1.98403e-05
-6.21736e-07
1.98574e-05
-5.80673e-07
1.98407e-05
-6.21265e-07
1.98566e-05
-5.82234e-07
1.98412e-05
-6.19597e-07
1.9856e-05
-5.83508e-07
1.9842e-05
-6.18082e-07
1.9856e-05
-5.84406e-07
1.98431e-05
-6.16725e-07
1.98562e-05
-5.85547e-07
1.98443e-05
-6.15441e-07
1.98556e-05
-5.87639e-07
1.98443e-05
-6.1477e-07
1.98551e-05
-5.88347e-07
1.9845e-05
-6.13286e-07
1.98551e-05
-5.8915e-07
1.98458e-05
-6.12317e-07
1.9855e-05
-5.90273e-07
1.98467e-05
-6.11219e-07
1.98552e-05
-5.91023e-07
1.98469e-05
-6.11135e-07
1.98545e-05
-5.92158e-07
1.98472e-05
-6.09947e-07
1.98543e-05
-5.92853e-07
1.98478e-05
-6.08956e-07
1.98545e-05
-5.93239e-07
1.98488e-05
-6.07969e-07
1.98547e-05
-5.94184e-07
1.98495e-05
-6.07426e-07
1.98545e-05
-5.95319e-07
1.98495e-05
-6.07215e-07
1.98541e-05
-5.95751e-07
1.98499e-05
-6.06198e-07
1.98543e-05
-5.95966e-07
1.98507e-05
-6.05568e-07
1.98546e-05
-5.9658e-07
1.98514e-05
-6.05149e-07
1.98552e-05
-5.96626e-07
1.98514e-05
-6.0577e-07
1.98545e-05
-5.97475e-07
1.98517e-05
-6.04603e-07
1.98547e-05
-5.97649e-07
1.98519e-05
-6.04645e-07
1.98547e-05
-5.97917e-07
1.98527e-05
-6.03688e-07
1.98552e-05
-5.98117e-07
1.98526e-05
-6.04381e-07
1.98546e-05
-5.98945e-07
1.98523e-05
-6.0402e-07
1.98544e-05
-5.98685e-07
1.98529e-05
-6.02952e-07
1.98547e-05
-5.99133e-07
1.9853e-05
-6.03343e-07
1.98548e-05
-5.99275e-07
1.9853e-05
-6.03338e-07
1.98546e-05
-5.99299e-07
1.98535e-05
-6.02496e-07
1.98549e-05
-5.99507e-07
1.98535e-05
-6.03044e-07
1.98548e-05
-5.99777e-07
1.9854e-05
-6.02285e-07
1.98552e-05
-5.99669e-07
1.98538e-05
-6.02943e-07
1.98548e-05
-6.00143e-07
1.98537e-05
-6.02492e-07
1.98549e-05
-5.99649e-07
1.98544e-05
-6.01738e-07
1.98552e-05
-6.00293e-07
1.98543e-05
-6.0278e-07
1.9855e-05
-6.00673e-07
1.9854e-05
-6.02337e-07
1.98553e-05
-5.99494e-07
1.9855e-05
-6.01185e-07
1.98561e-05
-5.99761e-07
1.98553e-05
-6.02343e-07
1.98554e-05
-6.01341e-07
1.98543e-05
-6.03122e-07
1.98539e-05
-6.02099e-07
1.98536e-05
-6.01619e-07
1.9855e-05
-5.99037e-07
1.98555e-05
-5.9977e-07
1.98561e-05
-6.0014e-07
1.98555e-05
-6.02429e-07
1.98548e-05
-6.02681e-07
1.98523e-05
-6.05491e-07
1.9853e-05
-6.00775e-07
1.98528e-05
-6.01142e-07
1.98543e-05
-5.98289e-07
1.98548e-05
-6.00598e-07
1.9852e-05
-6.04395e-07
1.98566e-05
-5.96537e-07
1.98565e-05
-6.00479e-07
1.98564e-05
-6.02473e-07
1.98564e-05
-5.9982e-07
1.98568e-05
-6.02459e-07
1.98556e-05
-6.01987e-07
1.98907e-05
-5.69835e-07
1.964e-05
-8.92474e-07
1.89094e-05
-1.49099e-06
2.12835e-05
2.23766e-06
2.55592e-05
5.39586e-06
2.51268e-05
-7.63608e-07
2.47502e-05
-1.0092e-06
-6.87338e-07
2.11724e-05
2.18925e-05
2.25058e-05
2.29956e-05
2.33756e-05
2.37014e-05
2.39958e-05
2.42682e-05
2.45199e-05
2.47549e-05
2.49659e-05
2.51505e-05
2.52997e-05
2.54153e-05
2.54921e-05
2.55124e-05
2.54958e-05
2.54493e-05
2.5379e-05
2.5294e-05
2.51999e-05
2.50976e-05
2.49871e-05
2.48782e-05
2.478e-05
2.46929e-05
2.46166e-05
2.45505e-05
2.44934e-05
2.44433e-05
2.44001e-05
2.43641e-05
2.43349e-05
2.43112e-05
2.42908e-05
2.42733e-05
2.42583e-05
2.42454e-05
2.42344e-05
2.4225e-05
2.4217e-05
2.42102e-05
2.42044e-05
2.41994e-05
2.41951e-05
2.41915e-05
2.41884e-05
2.41856e-05
2.41833e-05
2.41814e-05
2.41798e-05
2.41786e-05
2.41772e-05
2.41769e-05
2.41751e-05
2.41823e-05
2.42013e-05
2.452e-05
2.36338e-05
1.7904e-05
1.60441e-05
1.6847e-05
1.59362e-05
1.72239e-05
1.71869e-05
1.73313e-05
1.73695e-05
1.745e-05
1.75064e-05
1.75699e-05
1.76338e-05
1.76835e-05
1.77248e-05
1.77605e-05
1.77939e-05
1.78234e-05
1.78494e-05
1.78722e-05
1.78922e-05
1.79092e-05
1.79235e-05
1.79343e-05
1.79434e-05
1.79501e-05
1.79555e-05
1.796e-05
1.79637e-05
1.79665e-05
1.79669e-05
1.79675e-05
1.79675e-05
1.79675e-05
1.79675e-05
1.79672e-05
1.79672e-05
1.79668e-05
1.79658e-05
1.79649e-05
1.79644e-05
1.79639e-05
1.79637e-05
1.79638e-05
1.79635e-05
1.79641e-05
1.79635e-05
1.79644e-05
1.79626e-05
1.79636e-05
1.79619e-05
1.79635e-05
1.79616e-05
1.79638e-05
1.79617e-05
1.79645e-05
1.79619e-05
1.79653e-05
1.7961e-05
1.79649e-05
1.79601e-05
1.7965e-05
1.79595e-05
1.79656e-05
1.79593e-05
1.79664e-05
1.79591e-05
1.79672e-05
1.79577e-05
1.79669e-05
1.79563e-05
1.7967e-05
1.79552e-05
1.79677e-05
1.79545e-05
1.79687e-05
1.79539e-05
1.79699e-05
1.79533e-05
1.797e-05
1.79513e-05
1.79701e-05
1.79498e-05
1.79706e-05
1.79486e-05
1.79715e-05
1.79478e-05
1.79725e-05
1.79471e-05
1.79725e-05
1.79452e-05
1.79725e-05
1.79438e-05
1.79728e-05
1.79429e-05
1.79734e-05
1.79423e-05
1.79741e-05
1.79422e-05
1.79748e-05
1.79411e-05
1.79742e-05
1.79401e-05
1.79739e-05
1.79397e-05
1.7974e-05
1.79398e-05
1.79743e-05
1.79402e-05
1.79747e-05
1.79397e-05
1.79738e-05
1.79394e-05
1.79733e-05
1.79396e-05
1.79732e-05
1.79403e-05
1.79734e-05
1.79413e-05
1.79735e-05
1.79414e-05
1.79724e-05
1.79416e-05
1.79718e-05
1.79422e-05
1.79715e-05
1.79433e-05
1.79715e-05
1.79447e-05
1.79717e-05
1.79451e-05
1.79705e-05
1.79455e-05
1.79698e-05
1.79466e-05
1.79697e-05
1.79478e-05
1.79698e-05
1.79493e-05
1.79699e-05
1.79499e-05
1.79689e-05
1.79506e-05
1.79684e-05
1.79515e-05
1.79684e-05
1.79529e-05
1.79687e-05
1.79545e-05
1.79681e-05
1.79546e-05
1.79675e-05
1.79555e-05
1.79676e-05
1.79566e-05
1.79676e-05
1.79576e-05
1.79678e-05
1.7958e-05
1.79671e-05
1.79584e-05
1.79668e-05
1.79591e-05
1.79671e-05
1.79604e-05
1.79675e-05
1.79614e-05
1.79673e-05
1.79614e-05
1.79669e-05
1.79619e-05
1.79672e-05
1.79629e-05
1.79676e-05
1.79637e-05
1.79684e-05
1.79639e-05
1.79677e-05
1.79643e-05
1.79679e-05
1.79646e-05
1.79679e-05
1.79655e-05
1.79686e-05
1.79655e-05
1.79678e-05
1.79651e-05
1.79677e-05
1.7966e-05
1.79681e-05
1.7966e-05
1.7968e-05
1.7966e-05
1.79679e-05
1.79667e-05
1.79684e-05
1.79667e-05
1.79682e-05
1.79671e-05
1.79687e-05
1.79671e-05
1.79682e-05
1.79669e-05
1.79686e-05
1.79681e-05
1.79691e-05
1.79675e-05
1.79681e-05
1.79671e-05
1.79688e-05
1.79689e-05
1.79704e-05
1.79693e-05
1.79693e-05
1.79674e-05
1.79666e-05
1.79662e-05
1.79685e-05
1.79699e-05
1.79711e-05
1.79699e-05
1.79685e-05
1.79643e-05
1.79648e-05
1.79649e-05
1.79679e-05
1.79685e-05
1.79654e-05
1.79701e-05
1.79709e-05
1.79697e-05
1.79711e-05
1.797e-05
1.79692e-05
1.80007e-05
1.77095e-05
1.68197e-05
1.96586e-05
2.56558e-05
2.54934e-05
2.50855e-05
)
;

boundaryField
{
    inlet
    {
        type            calculated;
        value           uniform -2.025e-05;
    }
    outlet
    {
        type            calculated;
        value           nonuniform List<scalar> 8(9.98348e-06 1.5702e-05 1.88598e-05 2.11122e-05 2.27669e-05 2.39254e-05 2.46508e-05 2.49994e-05);
    }
    sideWall
    {
        type            empty;
    }
    bed
    {
        type            calculated;
        value           nonuniform List<scalar> 
300
(
6.01265e-07
6.01265e-07
6.01265e-07
6.01265e-07
6.01265e-07
6.01265e-07
6.01265e-07
6.01265e-07
6.01265e-07
6.01265e-07
6.01265e-07
6.01265e-07
6.01265e-07
6.01265e-07
6.01265e-07
6.01265e-07
6.01265e-07
6.01265e-07
6.01265e-07
6.01265e-07
6.01265e-07
6.01265e-07
6.01265e-07
6.01265e-07
6.01265e-07
6.01265e-07
6.01265e-07
6.01265e-07
6.01265e-07
6.01265e-07
6.01265e-07
6.01265e-07
6.01265e-07
6.01265e-07
6.01265e-07
6.01265e-07
6.01265e-07
6.01265e-07
6.01265e-07
6.01265e-07
6.01265e-07
6.01265e-07
6.01265e-07
6.01265e-07
6.01265e-07
6.01265e-07
6.01265e-07
6.01265e-07
6.01265e-07
6.01265e-07
6.01265e-07
6.01265e-07
6.01265e-07
6.01265e-07
6.01265e-07
6.01265e-07
6.01265e-07
6.01265e-07
6.01265e-07
6.01265e-07
6.01265e-07
6.01265e-07
6.01265e-07
6.01265e-07
6.01265e-07
6.01265e-07
6.01265e-07
6.01265e-07
6.01265e-07
6.01265e-07
6.01265e-07
6.01265e-07
6.01265e-07
6.01265e-07
6.01265e-07
6.01265e-07
6.01265e-07
6.01265e-07
6.01265e-07
6.01265e-07
6.01265e-07
6.01265e-07
6.01265e-07
6.01265e-07
6.01265e-07
6.01265e-07
6.01265e-07
6.01265e-07
6.01265e-07
6.01265e-07
6.01265e-07
6.01265e-07
6.01265e-07
6.01265e-07
6.01265e-07
6.01265e-07
6.01265e-07
6.01265e-07
6.01265e-07
6.01265e-07
6.01265e-07
6.01265e-07
6.01265e-07
6.01265e-07
6.01265e-07
6.01265e-07
6.01265e-07
6.01265e-07
6.01265e-07
6.01265e-07
6.01265e-07
6.01265e-07
6.01265e-07
6.01265e-07
6.01265e-07
6.01265e-07
6.01265e-07
6.01265e-07
6.01265e-07
6.01265e-07
6.01265e-07
6.01265e-07
6.01265e-07
6.01265e-07
6.01265e-07
6.01265e-07
6.01265e-07
6.01265e-07
6.01265e-07
6.01265e-07
6.01265e-07
6.01265e-07
6.01265e-07
6.01265e-07
6.01265e-07
6.01265e-07
6.01265e-07
6.01265e-07
6.01265e-07
6.01265e-07
6.01265e-07
6.01265e-07
6.01265e-07
6.01265e-07
6.01265e-07
6.01265e-07
6.01265e-07
6.01265e-07
6.01265e-07
6.01265e-07
6.01265e-07
6.01265e-07
6.01265e-07
6.01265e-07
6.01265e-07
6.01265e-07
6.01265e-07
6.01265e-07
6.01265e-07
6.01265e-07
6.01265e-07
6.01265e-07
6.01265e-07
6.01265e-07
6.01265e-07
6.01265e-07
6.01265e-07
6.01265e-07
6.01265e-07
6.01265e-07
6.01265e-07
6.01265e-07
6.01265e-07
6.01265e-07
6.01265e-07
6.01265e-07
6.01265e-07
6.01265e-07
6.01265e-07
6.01265e-07
6.01265e-07
6.01265e-07
6.01265e-07
6.01265e-07
6.01265e-07
6.01265e-07
6.01265e-07
6.01265e-07
6.01265e-07
6.01265e-07
6.01265e-07
6.01265e-07
6.01265e-07
6.01265e-07
6.01265e-07
6.01265e-07
6.01265e-07
6.01265e-07
6.01265e-07
6.01265e-07
6.01265e-07
6.01265e-07
6.01265e-07
6.01265e-07
6.01265e-07
6.01265e-07
6.01265e-07
6.01265e-07
6.01265e-07
6.01265e-07
6.01265e-07
6.01265e-07
6.01265e-07
6.01265e-07
6.01265e-07
6.01265e-07
6.01265e-07
6.01265e-07
6.01265e-07
6.01265e-07
6.01265e-07
6.01265e-07
6.01265e-07
6.01265e-07
6.01265e-07
6.01265e-07
6.01265e-07
6.01265e-07
6.01265e-07
6.01265e-07
6.01265e-07
6.01265e-07
6.01265e-07
6.01265e-07
6.01265e-07
6.01265e-07
6.01265e-07
6.01265e-07
6.01265e-07
6.01265e-07
6.01265e-07
6.01265e-07
6.01265e-07
6.01265e-07
6.01265e-07
6.01265e-07
6.01265e-07
6.01265e-07
6.01265e-07
6.01265e-07
6.01265e-07
6.01265e-07
6.01265e-07
6.01265e-07
6.01265e-07
6.01265e-07
6.01265e-07
6.01265e-07
6.01265e-07
6.01265e-07
6.01265e-07
6.01265e-07
6.01265e-07
6.01265e-07
6.01265e-07
6.01265e-07
6.01265e-07
6.01265e-07
6.01265e-07
6.01265e-07
6.01265e-07
6.01265e-07
6.01265e-07
6.01265e-07
6.01265e-07
6.01265e-07
6.01265e-07
6.01265e-07
6.01265e-07
6.01265e-07
6.01265e-07
6.01265e-07
6.01265e-07
6.01265e-07
6.01265e-07
6.01265e-07
6.01265e-07
6.01265e-07
6.01265e-07
6.01265e-07
6.01265e-07
6.01265e-07
6.01265e-07
6.01265e-07
6.01265e-07
6.01265e-07
6.01265e-07
6.01265e-07
6.01265e-07
6.01265e-07
)
;
    }
    topWall
    {
        type            calculated;
        value           nonuniform List<scalar> 
300
(
-6.01265e-07
-6.01265e-07
-6.01265e-07
-6.01265e-07
-6.01265e-07
-6.01265e-07
-6.01265e-07
-6.01265e-07
-6.01265e-07
-6.01265e-07
-6.01265e-07
-6.01265e-07
-6.01265e-07
-6.01265e-07
-6.01265e-07
-6.01265e-07
-6.01265e-07
-6.01265e-07
-6.01265e-07
-6.01265e-07
-6.01265e-07
-6.01265e-07
-6.01265e-07
-6.01265e-07
-6.01265e-07
-6.01265e-07
-6.01265e-07
-6.01265e-07
-6.01265e-07
-6.01265e-07
-6.01265e-07
-6.01265e-07
-6.01265e-07
-6.01265e-07
-6.01265e-07
-6.01265e-07
-6.01265e-07
-6.01265e-07
-6.01265e-07
-6.01265e-07
-6.01265e-07
-6.01265e-07
-6.01265e-07
-6.01265e-07
-6.01265e-07
-6.01265e-07
-6.01265e-07
-6.01265e-07
-6.01265e-07
-6.01265e-07
-6.01265e-07
-6.01265e-07
-6.01265e-07
-6.01265e-07
-6.01265e-07
-6.01265e-07
-6.01265e-07
-6.01265e-07
-6.01265e-07
-6.01265e-07
-6.01265e-07
-6.01265e-07
-6.01265e-07
-6.01265e-07
-6.01265e-07
-6.01265e-07
-6.01265e-07
-6.01265e-07
-6.01265e-07
-6.01265e-07
-6.01265e-07
-6.01265e-07
-6.01265e-07
-6.01265e-07
-6.01265e-07
-6.01265e-07
-6.01265e-07
-6.01265e-07
-6.01265e-07
-6.01265e-07
-6.01265e-07
-6.01265e-07
-6.01265e-07
-6.01265e-07
-6.01265e-07
-6.01265e-07
-6.01265e-07
-6.01265e-07
-6.01265e-07
-6.01265e-07
-6.01265e-07
-6.01265e-07
-6.01265e-07
-6.01265e-07
-6.01265e-07
-6.01265e-07
-6.01265e-07
-6.01265e-07
-6.01265e-07
-6.01265e-07
-6.01265e-07
-6.01265e-07
-6.01265e-07
-6.01265e-07
-6.01265e-07
-6.01265e-07
-6.01265e-07
-6.01265e-07
-6.01265e-07
-6.01265e-07
-6.01265e-07
-6.01265e-07
-6.01265e-07
-6.01265e-07
-6.01265e-07
-6.01265e-07
-6.01265e-07
-6.01265e-07
-6.01265e-07
-6.01265e-07
-6.01265e-07
-6.01265e-07
-6.01265e-07
-6.01265e-07
-6.01265e-07
-6.01265e-07
-6.01265e-07
-6.01265e-07
-6.01265e-07
-6.01265e-07
-6.01265e-07
-6.01265e-07
-6.01265e-07
-6.01265e-07
-6.01265e-07
-6.01265e-07
-6.01265e-07
-6.01265e-07
-6.01265e-07
-6.01265e-07
-6.01265e-07
-6.01265e-07
-6.01265e-07
-6.01265e-07
-6.01265e-07
-6.01265e-07
-6.01265e-07
-6.01265e-07
-6.01265e-07
-6.01265e-07
-6.01265e-07
-6.01265e-07
-6.01265e-07
-6.01265e-07
-6.01265e-07
-6.01265e-07
-6.01265e-07
-6.01265e-07
-6.01265e-07
-6.01265e-07
-6.01265e-07
-6.01265e-07
-6.01265e-07
-6.01265e-07
-6.01265e-07
-6.01265e-07
-6.01265e-07
-6.01265e-07
-6.01265e-07
-6.01265e-07
-6.01265e-07
-6.01265e-07
-6.01265e-07
-6.01265e-07
-6.01265e-07
-6.01265e-07
-6.01265e-07
-6.01265e-07
-6.01265e-07
-6.01265e-07
-6.01265e-07
-6.01265e-07
-6.01265e-07
-6.01265e-07
-6.01265e-07
-6.01265e-07
-6.01265e-07
-6.01265e-07
-6.01265e-07
-6.01265e-07
-6.01265e-07
-6.01265e-07
-6.01265e-07
-6.01265e-07
-6.01265e-07
-6.01265e-07
-6.01265e-07
-6.01265e-07
-6.01265e-07
-6.01265e-07
-6.01265e-07
-6.01265e-07
-6.01265e-07
-6.01265e-07
-6.01265e-07
-6.01265e-07
-6.01265e-07
-6.01265e-07
-6.01265e-07
-6.01265e-07
-6.01265e-07
-6.01265e-07
-6.01265e-07
-6.01265e-07
-6.01265e-07
-6.01265e-07
-6.01265e-07
-6.01265e-07
-6.01265e-07
-6.01265e-07
-6.01265e-07
-6.01265e-07
-6.01265e-07
-6.01265e-07
-6.01265e-07
-6.01265e-07
-6.01265e-07
-6.01265e-07
-6.01265e-07
-6.01265e-07
-6.01265e-07
-6.01265e-07
-6.01265e-07
-6.01265e-07
-6.01265e-07
-6.01265e-07
-6.01265e-07
-6.01265e-07
-6.01265e-07
-6.01265e-07
-6.01265e-07
-6.01265e-07
-6.01265e-07
-6.01265e-07
-6.01265e-07
-6.01265e-07
-6.01265e-07
-6.01265e-07
-6.01265e-07
-6.01265e-07
-6.01265e-07
-6.01265e-07
-6.01265e-07
-6.01265e-07
-6.01265e-07
-6.01265e-07
-6.01265e-07
-6.01265e-07
-6.01265e-07
-6.01265e-07
-6.01265e-07
-6.01265e-07
-6.01265e-07
-6.01265e-07
-6.01265e-07
-6.01265e-07
-6.01265e-07
-6.01265e-07
-6.01265e-07
-6.01265e-07
-6.01265e-07
-6.01265e-07
-6.01265e-07
-6.01265e-07
-6.01265e-07
-6.01265e-07
-6.01265e-07
-6.01265e-07
-6.01265e-07
-6.01265e-07
-6.01265e-07
-6.01265e-07
-6.01265e-07
-6.01265e-07
-6.01265e-07
-6.01265e-07
-6.01265e-07
-6.01265e-07
-6.01265e-07
-6.01265e-07
-6.01265e-07
-6.01265e-07
-6.01265e-07
-6.01265e-07
-6.01265e-07
-6.01265e-07
-6.01265e-07
-6.01265e-07
-6.01265e-07
-6.01265e-07
)
;
    }
}


// ************************************************************************* //
