/*--------------------------------*- C++ -*----------------------------------*\
| =========                 |                                                 |
| \\      /  F ield         | foam-extend: Open Source CFD                    |
|  \\    /   O peration     | Version:     3.2                                |
|   \\  /    A nd           | Web:         http://www.foam-extend.org         |
|    \\/     M anipulation  | For copyright notice see file Copyright         |
\*---------------------------------------------------------------------------*/
FoamFile
{
    version     2.0;
    format      ascii;
    class       volScalarField;
    location    "2020";
    object      C1;
}
// * * * * * * * * * * * * * * * * * * * * * * * * * * * * * * * * * * * * * //

dimensions      [1 -3 0 0 0 0 0];

internalField   nonuniform List<scalar> 
2400
(
0.2376
0.2376
0.2376
0.2376
0.2376
0.2376
0.2376
0.2376
0.2376
0.2376
0.2376
0.2376
0.2376
0.2376
0.2376
0.2376
0.2376
0.2376
0.2376
0.2376
0.2376
0.2376
0.2376
0.2376
0.2376
0.2376
0.2376
0.2376
0.2376
0.2376
0.2376
0.2376
0.2376
0.2376
0.2376
0.2376
0.2376
0.2376
0.2376
0.2376
0.2376
0.2376
0.2376
0.2376
0.2376
0.2376
0.2376
0.2376
0.2376
0.2376
0.2376
0.2376
0.2376
0.2376
0.2376
0.2376
0.2376
0.2376
0.2376
0.2376
0.2376
0.2376
0.2376
0.2376
0.2376
0.2376
0.2376
0.2376
0.2376
0.237601
0.237584
0.237574
0.237568
0.237565
0.237565
0.237567
0.237568
0.237571
0.237575
0.237579
0.237582
0.237584
0.237586
0.237588
0.23759
0.237592
0.237594
0.237594
0.237593
0.237593
0.237593
0.237594
0.237594
0.237595
0.237594
0.237595
0.237592
0.237592
0.237592
0.237591
0.237592
0.23759
0.237591
0.237589
0.237591
0.237587
0.237587
0.237581
0.237585
0.237579
0.237584
0.237576
0.237583
0.237574
0.237582
0.237571
0.237579
0.237566
0.237579
0.237564
0.237579
0.237562
0.23758
0.23756
0.237581
0.237558
0.237581
0.237554
0.237582
0.237552
0.237585
0.237551
0.237588
0.23755
0.237591
0.237549
0.237594
0.237546
0.237595
0.237545
0.237598
0.237544
0.237602
0.237544
0.237606
0.237544
0.23761
0.237542
0.237611
0.237543
0.237615
0.237544
0.237619
0.237545
0.237623
0.237547
0.237626
0.237548
0.237627
0.237547
0.237629
0.237549
0.237632
0.237552
0.237634
0.237554
0.237635
0.237556
0.237634
0.237556
0.237635
0.237558
0.237635
0.23756
0.237636
0.237562
0.237636
0.237565
0.237634
0.237564
0.237633
0.237567
0.237633
0.237569
0.237632
0.237572
0.237632
0.237574
0.237629
0.237574
0.237627
0.237576
0.237627
0.237578
0.237626
0.237581
0.237625
0.237583
0.237622
0.237583
0.237621
0.237585
0.23762
0.237586
0.237619
0.237588
0.237618
0.237588
0.237615
0.237589
0.237614
0.23759
0.237613
0.237591
0.237612
0.237592
0.23761
0.237591
0.237608
0.237591
0.237607
0.237592
0.237606
0.237592
0.237605
0.237591
0.237601
0.23759
0.2376
0.23759
0.237599
0.23759
0.237599
0.23759
0.237595
0.237587
0.237594
0.237586
0.237593
0.237587
0.237592
0.237586
0.23759
0.237584
0.237589
0.237585
0.237589
0.237586
0.23759
0.237586
0.237588
0.237584
0.237588
0.237585
0.237588
0.237586
0.237589
0.237586
0.237588
0.237586
0.237589
0.237587
0.23759
0.237588
0.237591
0.23759
0.23759
0.237589
0.237591
0.23759
0.237592
0.237592
0.237594
0.237592
0.237594
0.237594
0.237596
0.237596
0.237598
0.237598
0.237599
0.237598
0.237599
0.237603
0.237598
0.237608
0.237605
0.237604
0.237604
0.237603
0.237604
0.237603
0.237604
0.237603
0.237604
0.237604
0.237605
0.237605
0.237605
0.237606
0.2376
0.2376
0.2376
0.2376
0.2376
0.2376
0.2376
0.2376
0.2376
0.2376
0.2376
0.2376
0.2376
0.2376
0.2376
0.2376
0.2376
0.2376
0.2376
0.2376
0.2376
0.2376
0.2376
0.2376
0.2376
0.2376
0.2376
0.2376
0.2376
0.2376
0.2376
0.2376
0.2376
0.2376
0.2376
0.2376
0.2376
0.2376
0.2376
0.2376
0.2376
0.2376
0.2376
0.2376
0.2376
0.2376
0.2376
0.2376
0.2376
0.2376
0.2376
0.2376
0.2376
0.2376
0.2376
0.2376
0.2376
0.2376
0.2376
0.2376
0.2376
0.2376
0.2376
0.2376
0.2376
0.2376
0.2376
0.2376
0.2376
0.2376
0.237597
0.237593
0.23759
0.237587
0.237585
0.237584
0.237584
0.237585
0.237586
0.237587
0.237588
0.23759
0.237591
0.237592
0.237593
0.237594
0.237595
0.237596
0.237596
0.237596
0.237596
0.237596
0.237596
0.237597
0.237597
0.237596
0.237596
0.237595
0.237595
0.237594
0.237594
0.237593
0.237592
0.237591
0.237591
0.237589
0.237588
0.237586
0.237585
0.237583
0.237583
0.237581
0.23758
0.237578
0.237578
0.237576
0.237576
0.237573
0.237574
0.237571
0.237572
0.23757
0.237571
0.237568
0.237571
0.237568
0.23757
0.237566
0.23757
0.237566
0.23757
0.237566
0.23757
0.237566
0.237571
0.237567
0.237572
0.237567
0.237573
0.237567
0.237574
0.237568
0.237575
0.237569
0.237577
0.237571
0.237579
0.237572
0.237581
0.237573
0.237583
0.237575
0.237585
0.237577
0.237587
0.237579
0.23759
0.237581
0.237592
0.237583
0.237593
0.237584
0.237595
0.237586
0.237597
0.237588
0.237599
0.23759
0.2376
0.237591
0.2376
0.237592
0.237601
0.237593
0.237602
0.237594
0.237603
0.237595
0.237603
0.237595
0.237603
0.237595
0.237603
0.237596
0.237604
0.237597
0.237604
0.237598
0.237604
0.237597
0.237604
0.237598
0.237604
0.237598
0.237604
0.237599
0.237604
0.237599
0.237604
0.237599
0.237603
0.237599
0.237603
0.237599
0.237603
0.2376
0.237603
0.237599
0.237602
0.237599
0.237602
0.237599
0.237601
0.237599
0.237601
0.237599
0.2376
0.237598
0.237599
0.237597
0.237598
0.237596
0.237598
0.237596
0.237597
0.237595
0.237596
0.237594
0.237595
0.237593
0.237594
0.237592
0.237593
0.237591
0.237592
0.23759
0.23759
0.237589
0.237589
0.237588
0.237588
0.237587
0.237587
0.237586
0.237586
0.237586
0.237586
0.237585
0.237586
0.237586
0.237586
0.237585
0.237585
0.237585
0.237585
0.237585
0.237586
0.237585
0.237586
0.237585
0.237586
0.237586
0.237587
0.237587
0.237588
0.237588
0.237588
0.237588
0.237589
0.237589
0.23759
0.23759
0.237591
0.237591
0.237592
0.237592
0.237593
0.237594
0.237595
0.237596
0.237596
0.237597
0.237597
0.237598
0.237598
0.2376
0.237601
0.237602
0.237602
0.237602
0.237602
0.237603
0.237603
0.237603
0.237604
0.237604
0.237604
0.237605
0.237605
0.237605
0.2376
0.2376
0.2376
0.2376
0.2376
0.2376
0.2376
0.2376
0.2376
0.2376
0.2376
0.2376
0.2376
0.2376
0.2376
0.2376
0.2376
0.2376
0.2376
0.2376
0.2376
0.2376
0.2376
0.2376
0.2376
0.2376
0.2376
0.2376
0.2376
0.2376
0.2376
0.2376
0.2376
0.2376
0.2376
0.2376
0.2376
0.2376
0.2376
0.2376
0.2376
0.2376
0.2376
0.2376
0.2376
0.2376
0.2376
0.2376
0.2376
0.2376
0.2376
0.2376
0.2376
0.2376
0.2376
0.2376
0.2376
0.2376
0.2376
0.2376
0.2376
0.2376
0.2376
0.2376
0.2376
0.2376
0.2376
0.2376
0.2376
0.2376
0.237599
0.237598
0.237596
0.237595
0.237593
0.237593
0.237592
0.237592
0.237592
0.237592
0.237593
0.237594
0.237594
0.237595
0.237596
0.237596
0.237597
0.237597
0.237598
0.237598
0.237598
0.237598
0.237598
0.237598
0.237598
0.237598
0.237597
0.237597
0.237596
0.237596
0.237595
0.237594
0.237593
0.237593
0.237592
0.23759
0.237589
0.237588
0.237586
0.237585
0.237584
0.237582
0.237581
0.237579
0.237579
0.237577
0.237576
0.237575
0.237574
0.237573
0.237572
0.237571
0.237571
0.23757
0.23757
0.237569
0.237569
0.237568
0.237568
0.237567
0.237568
0.237567
0.237568
0.237567
0.237569
0.237568
0.23757
0.237568
0.23757
0.237569
0.237571
0.23757
0.237572
0.237571
0.237574
0.237573
0.237575
0.237574
0.237577
0.237576
0.237579
0.237578
0.237581
0.23758
0.237583
0.237582
0.237585
0.237584
0.237587
0.237586
0.237589
0.237588
0.237591
0.237589
0.237593
0.237591
0.237594
0.237593
0.237596
0.237594
0.237597
0.237595
0.237598
0.237596
0.237598
0.237597
0.237599
0.237598
0.2376
0.237598
0.2376
0.237598
0.2376
0.237599
0.237601
0.237599
0.237601
0.2376
0.237601
0.2376
0.237601
0.2376
0.237601
0.2376
0.237601
0.2376
0.237601
0.2376
0.237602
0.2376
0.237601
0.2376
0.237601
0.2376
0.237601
0.2376
0.237601
0.2376
0.237601
0.2376
0.2376
0.237599
0.2376
0.237599
0.2376
0.237599
0.237599
0.237598
0.237598
0.237597
0.237597
0.237597
0.237597
0.237596
0.237596
0.237595
0.237595
0.237594
0.237594
0.237593
0.237593
0.237592
0.237592
0.237591
0.237591
0.23759
0.23759
0.237589
0.237588
0.237588
0.237588
0.237587
0.237587
0.237586
0.237586
0.237585
0.237585
0.237585
0.237585
0.237585
0.237585
0.237584
0.237584
0.237584
0.237584
0.237584
0.237585
0.237585
0.237585
0.237585
0.237585
0.237586
0.237586
0.237586
0.237587
0.237587
0.237587
0.237588
0.237588
0.237589
0.237589
0.23759
0.23759
0.23759
0.237591
0.237591
0.237592
0.237593
0.237594
0.237594
0.237595
0.237595
0.237596
0.237597
0.237597
0.237599
0.2376
0.2376
0.237601
0.237601
0.237602
0.237602
0.237602
0.237603
0.237603
0.237604
0.237604
0.237604
0.237605
0.237605
0.2376
0.2376
0.2376
0.2376
0.2376
0.2376
0.2376
0.2376
0.2376
0.2376
0.2376
0.2376
0.2376
0.2376
0.2376
0.2376
0.2376
0.2376
0.2376
0.2376
0.2376
0.2376
0.2376
0.2376
0.2376
0.2376
0.2376
0.2376
0.2376
0.2376
0.2376
0.2376
0.2376
0.2376
0.2376
0.2376
0.2376
0.2376
0.2376
0.2376
0.2376
0.2376
0.2376
0.2376
0.2376
0.2376
0.2376
0.2376
0.2376
0.2376
0.2376
0.2376
0.2376
0.2376
0.2376
0.2376
0.2376
0.2376
0.2376
0.2376
0.2376
0.2376
0.2376
0.2376
0.2376
0.2376
0.2376
0.2376
0.2376
0.2376
0.2376
0.2376
0.2376
0.237599
0.237598
0.237597
0.237597
0.237597
0.237597
0.237597
0.237597
0.237597
0.237597
0.237598
0.237598
0.237598
0.237599
0.237599
0.237599
0.237599
0.237599
0.237599
0.237599
0.237599
0.237599
0.237599
0.237598
0.237598
0.237597
0.237597
0.237596
0.237595
0.237594
0.237593
0.237592
0.237591
0.23759
0.237589
0.237587
0.237586
0.237584
0.237583
0.237582
0.23758
0.237579
0.237578
0.237577
0.237575
0.237574
0.237573
0.237572
0.237571
0.237571
0.23757
0.23757
0.237569
0.237569
0.237568
0.237568
0.237568
0.237568
0.237567
0.237568
0.237568
0.237568
0.237568
0.237569
0.237569
0.237569
0.237569
0.23757
0.23757
0.237571
0.237571
0.237572
0.237573
0.237574
0.237574
0.237576
0.237576
0.237577
0.237578
0.237579
0.23758
0.237582
0.237582
0.237584
0.237584
0.237586
0.237586
0.237588
0.237588
0.23759
0.23759
0.237591
0.237592
0.237593
0.237593
0.237594
0.237594
0.237596
0.237596
0.237597
0.237596
0.237597
0.237597
0.237598
0.237598
0.237599
0.237599
0.237599
0.237599
0.2376
0.237599
0.2376
0.2376
0.2376
0.2376
0.2376
0.2376
0.2376
0.2376
0.2376
0.2376
0.2376
0.2376
0.237601
0.2376
0.237601
0.2376
0.237601
0.2376
0.2376
0.2376
0.2376
0.2376
0.2376
0.2376
0.2376
0.2376
0.2376
0.237599
0.237599
0.237599
0.237599
0.237599
0.237598
0.237598
0.237598
0.237597
0.237597
0.237596
0.237596
0.237596
0.237595
0.237595
0.237594
0.237594
0.237594
0.237593
0.237592
0.237592
0.237591
0.237591
0.237591
0.23759
0.237589
0.237588
0.237588
0.237587
0.237587
0.237587
0.237587
0.237586
0.237585
0.237585
0.237585
0.237585
0.237585
0.237585
0.237585
0.237584
0.237583
0.237583
0.237584
0.237584
0.237584
0.237584
0.237584
0.237584
0.237584
0.237585
0.237586
0.237586
0.237586
0.237586
0.237586
0.237587
0.237587
0.237588
0.237589
0.237589
0.23759
0.23759
0.23759
0.237591
0.237591
0.237592
0.237593
0.237594
0.237594
0.237595
0.237595
0.237596
0.237596
0.237598
0.237598
0.237599
0.2376
0.2376
0.237601
0.237601
0.237602
0.237602
0.237603
0.237603
0.237604
0.237604
0.237604
0.237605
0.2376
0.2376
0.2376
0.2376
0.2376
0.2376
0.2376
0.2376
0.2376
0.2376
0.2376
0.2376
0.2376
0.2376
0.2376
0.2376
0.2376
0.2376
0.2376
0.2376
0.2376
0.2376
0.2376
0.2376
0.2376
0.2376
0.2376
0.2376
0.2376
0.2376
0.2376
0.2376
0.2376
0.2376
0.2376
0.2376
0.2376
0.2376
0.2376
0.2376
0.2376
0.2376
0.2376
0.2376
0.2376
0.2376
0.2376
0.2376
0.2376
0.2376
0.2376
0.2376
0.2376
0.2376
0.2376
0.2376
0.2376
0.2376
0.2376
0.2376
0.2376
0.2376
0.2376
0.2376
0.2376
0.2376
0.2376
0.2376
0.2376
0.2376
0.237601
0.237601
0.237601
0.237601
0.237601
0.237601
0.2376
0.2376
0.2376
0.2376
0.2376
0.2376
0.2376
0.2376
0.2376
0.2376
0.2376
0.2376
0.2376
0.2376
0.2376
0.2376
0.2376
0.2376
0.2376
0.237599
0.237599
0.237599
0.237598
0.237597
0.237597
0.237596
0.237595
0.237594
0.237593
0.237592
0.237591
0.237589
0.237588
0.237586
0.237585
0.237584
0.237582
0.237581
0.23758
0.237578
0.237577
0.237576
0.237575
0.237574
0.237573
0.237572
0.237571
0.23757
0.23757
0.237569
0.237569
0.237568
0.237568
0.237568
0.237568
0.237567
0.237568
0.237568
0.237568
0.237568
0.237568
0.237568
0.237569
0.237569
0.23757
0.23757
0.237571
0.237571
0.237572
0.237573
0.237574
0.237574
0.237575
0.237576
0.237577
0.237578
0.237579
0.23758
0.237581
0.237582
0.237583
0.237584
0.237585
0.237586
0.237587
0.237588
0.237589
0.23759
0.237591
0.237592
0.237593
0.237593
0.237594
0.237594
0.237595
0.237596
0.237596
0.237597
0.237597
0.237597
0.237598
0.237598
0.237599
0.237599
0.237599
0.237599
0.237599
0.237599
0.2376
0.2376
0.2376
0.2376
0.2376
0.2376
0.2376
0.2376
0.2376
0.2376
0.2376
0.2376
0.2376
0.2376
0.237601
0.2376
0.2376
0.2376
0.2376
0.2376
0.2376
0.2376
0.2376
0.2376
0.2376
0.2376
0.237599
0.237599
0.237599
0.237599
0.237599
0.237599
0.237598
0.237597
0.237597
0.237597
0.237597
0.237596
0.237596
0.237595
0.237595
0.237595
0.237594
0.237594
0.237594
0.237593
0.237592
0.237592
0.237591
0.237591
0.237591
0.23759
0.237589
0.237588
0.237588
0.237587
0.237587
0.237587
0.237587
0.237586
0.237585
0.237585
0.237585
0.237584
0.237585
0.237585
0.237585
0.237584
0.237583
0.237583
0.237583
0.237584
0.237584
0.237584
0.237584
0.237583
0.237584
0.237585
0.237586
0.237586
0.237586
0.237586
0.237586
0.237586
0.237587
0.237588
0.237589
0.237589
0.237589
0.237589
0.23759
0.23759
0.237591
0.237592
0.237593
0.237594
0.237594
0.237594
0.237594
0.237595
0.237596
0.237597
0.237598
0.237599
0.237599
0.2376
0.2376
0.237601
0.237602
0.237602
0.237602
0.237603
0.237604
0.237604
0.237604
0.237605
0.2376
0.2376
0.2376
0.2376
0.2376
0.2376
0.2376
0.2376
0.2376
0.2376
0.2376
0.2376
0.2376
0.2376
0.2376
0.2376
0.2376
0.2376
0.2376
0.2376
0.2376
0.2376
0.2376
0.2376
0.2376
0.2376
0.2376
0.2376
0.2376
0.2376
0.2376
0.2376
0.2376
0.2376
0.2376
0.2376
0.2376
0.2376
0.2376
0.2376
0.2376
0.2376
0.2376
0.2376
0.2376
0.2376
0.2376
0.2376
0.2376
0.2376
0.2376
0.2376
0.2376
0.2376
0.2376
0.2376
0.2376
0.2376
0.2376
0.2376
0.2376
0.2376
0.2376
0.2376
0.2376
0.2376
0.2376
0.2376
0.2376
0.2376
0.237601
0.237602
0.237602
0.237603
0.237603
0.237603
0.237603
0.237603
0.237602
0.237602
0.237602
0.237602
0.237602
0.237602
0.237601
0.237601
0.237601
0.237601
0.237601
0.237601
0.237601
0.237601
0.237601
0.2376
0.2376
0.2376
0.237599
0.237599
0.237598
0.237598
0.237597
0.237596
0.237596
0.237595
0.237594
0.237592
0.237591
0.23759
0.237588
0.237587
0.237585
0.237584
0.237583
0.237581
0.23758
0.237579
0.237577
0.237576
0.237575
0.237574
0.237573
0.237572
0.237571
0.23757
0.23757
0.237569
0.237569
0.237568
0.237568
0.237568
0.237568
0.237567
0.237567
0.237567
0.237568
0.237568
0.237568
0.237568
0.237569
0.237569
0.23757
0.23757
0.237571
0.237571
0.237572
0.237572
0.237573
0.237574
0.237575
0.237576
0.237577
0.237578
0.237579
0.23758
0.237581
0.237582
0.237583
0.237584
0.237585
0.237586
0.237587
0.237588
0.237589
0.23759
0.237591
0.237591
0.237592
0.237593
0.237594
0.237594
0.237595
0.237596
0.237596
0.237597
0.237597
0.237597
0.237598
0.237598
0.237598
0.237599
0.237599
0.237599
0.237599
0.237599
0.2376
0.2376
0.2376
0.2376
0.2376
0.2376
0.2376
0.2376
0.2376
0.2376
0.2376
0.2376
0.2376
0.2376
0.2376
0.2376
0.2376
0.2376
0.2376
0.2376
0.2376
0.2376
0.2376
0.2376
0.2376
0.2376
0.237599
0.237599
0.237599
0.237599
0.237599
0.237599
0.237598
0.237597
0.237597
0.237597
0.237597
0.237596
0.237596
0.237595
0.237595
0.237594
0.237594
0.237594
0.237594
0.237593
0.237592
0.237591
0.237591
0.237591
0.237591
0.23759
0.237589
0.237588
0.237587
0.237587
0.237587
0.237587
0.237587
0.237586
0.237585
0.237585
0.237584
0.237584
0.237585
0.237585
0.237585
0.237583
0.237583
0.237583
0.237583
0.237584
0.237584
0.237584
0.237583
0.237583
0.237584
0.237585
0.237586
0.237586
0.237586
0.237585
0.237585
0.237586
0.237587
0.237588
0.237589
0.237589
0.237589
0.237589
0.237589
0.23759
0.23759
0.237592
0.237593
0.237594
0.237594
0.237594
0.237594
0.237594
0.237595
0.237597
0.237598
0.237598
0.237599
0.2376
0.2376
0.237601
0.237601
0.237602
0.237602
0.237603
0.237603
0.237604
0.237604
0.237605
0.2376
0.2376
0.2376
0.2376
0.2376
0.2376
0.2376
0.2376
0.2376
0.2376
0.2376
0.2376
0.2376
0.2376
0.2376
0.2376
0.2376
0.2376
0.2376
0.2376
0.2376
0.2376
0.2376
0.2376
0.2376
0.2376
0.2376
0.2376
0.2376
0.2376
0.2376
0.2376
0.2376
0.2376
0.2376
0.2376
0.2376
0.2376
0.2376
0.2376
0.2376
0.2376
0.2376
0.2376
0.2376
0.2376
0.2376
0.2376
0.2376
0.2376
0.2376
0.2376
0.2376
0.2376
0.2376
0.2376
0.2376
0.2376
0.2376
0.2376
0.2376
0.2376
0.2376
0.2376
0.2376
0.2376
0.2376
0.2376
0.2376
0.2376
0.237601
0.237602
0.237603
0.237604
0.237604
0.237604
0.237604
0.237604
0.237604
0.237603
0.237603
0.237603
0.237603
0.237603
0.237602
0.237602
0.237602
0.237602
0.237602
0.237601
0.237601
0.237601
0.237601
0.237601
0.2376
0.2376
0.2376
0.237599
0.237599
0.237598
0.237597
0.237597
0.237596
0.237595
0.237594
0.237593
0.237591
0.23759
0.237589
0.237587
0.237586
0.237584
0.237583
0.237581
0.23758
0.237579
0.237578
0.237576
0.237575
0.237574
0.237573
0.237572
0.237571
0.23757
0.23757
0.237569
0.237569
0.237568
0.237568
0.237568
0.237568
0.237567
0.237567
0.237567
0.237568
0.237568
0.237568
0.237568
0.237569
0.237569
0.237569
0.23757
0.23757
0.237571
0.237572
0.237572
0.237573
0.237574
0.237575
0.237576
0.237577
0.237578
0.237579
0.237579
0.237581
0.237582
0.237583
0.237584
0.237585
0.237586
0.237587
0.237588
0.237589
0.23759
0.237591
0.237591
0.237592
0.237593
0.237594
0.237594
0.237595
0.237596
0.237596
0.237597
0.237597
0.237597
0.237598
0.237598
0.237598
0.237599
0.237599
0.237599
0.237599
0.237599
0.2376
0.2376
0.2376
0.2376
0.2376
0.2376
0.2376
0.2376
0.2376
0.2376
0.2376
0.2376
0.2376
0.2376
0.2376
0.2376
0.2376
0.2376
0.2376
0.2376
0.2376
0.2376
0.237599
0.2376
0.2376
0.2376
0.237599
0.237599
0.237599
0.237599
0.237599
0.237599
0.237598
0.237597
0.237597
0.237597
0.237597
0.237597
0.237596
0.237595
0.237595
0.237594
0.237594
0.237594
0.237594
0.237593
0.237592
0.237591
0.237591
0.237591
0.237591
0.23759
0.237589
0.237588
0.237587
0.237587
0.237587
0.237587
0.237587
0.237586
0.237585
0.237584
0.237584
0.237584
0.237585
0.237585
0.237585
0.237583
0.237582
0.237582
0.237583
0.237584
0.237584
0.237584
0.237583
0.237583
0.237583
0.237584
0.237586
0.237586
0.237586
0.237585
0.237585
0.237585
0.237586
0.237588
0.237589
0.237589
0.237589
0.237589
0.237589
0.237589
0.23759
0.237592
0.237593
0.237594
0.237594
0.237594
0.237594
0.237594
0.237595
0.237596
0.237597
0.237598
0.237599
0.237599
0.2376
0.237601
0.237601
0.237602
0.237602
0.237603
0.237603
0.237604
0.237604
0.237604
0.2376
0.2376
0.2376
0.2376
0.2376
0.2376
0.2376
0.2376
0.2376
0.2376
0.2376
0.2376
0.2376
0.2376
0.2376
0.2376
0.2376
0.2376
0.2376
0.2376
0.2376
0.2376
0.2376
0.2376
0.2376
0.2376
0.2376
0.2376
0.2376
0.2376
0.2376
0.2376
0.2376
0.2376
0.2376
0.2376
0.2376
0.2376
0.2376
0.2376
0.2376
0.2376
0.2376
0.2376
0.2376
0.2376
0.2376
0.2376
0.2376
0.2376
0.2376
0.2376
0.2376
0.2376
0.2376
0.2376
0.2376
0.2376
0.2376
0.2376
0.2376
0.2376
0.2376
0.2376
0.2376
0.2376
0.2376
0.2376
0.2376
0.2376
0.237601
0.237603
0.237603
0.237604
0.237604
0.237605
0.237605
0.237605
0.237604
0.237604
0.237604
0.237604
0.237603
0.237603
0.237603
0.237602
0.237602
0.237602
0.237602
0.237602
0.237601
0.237601
0.237601
0.237601
0.237601
0.2376
0.2376
0.237599
0.237599
0.237598
0.237598
0.237597
0.237596
0.237595
0.237594
0.237593
0.237591
0.23759
0.237589
0.237587
0.237586
0.237584
0.237583
0.237582
0.23758
0.237579
0.237578
0.237576
0.237575
0.237574
0.237573
0.237572
0.237571
0.23757
0.23757
0.237569
0.237569
0.237568
0.237568
0.237568
0.237568
0.237567
0.237567
0.237567
0.237568
0.237568
0.237568
0.237568
0.237569
0.237569
0.237569
0.23757
0.23757
0.237571
0.237572
0.237572
0.237573
0.237574
0.237575
0.237576
0.237577
0.237577
0.237578
0.237579
0.23758
0.237582
0.237583
0.237584
0.237585
0.237586
0.237587
0.237588
0.237589
0.23759
0.237591
0.237591
0.237592
0.237593
0.237594
0.237594
0.237595
0.237596
0.237596
0.237597
0.237597
0.237597
0.237598
0.237598
0.237598
0.237599
0.237599
0.237599
0.237599
0.237599
0.2376
0.2376
0.2376
0.2376
0.2376
0.2376
0.2376
0.2376
0.2376
0.2376
0.2376
0.2376
0.2376
0.2376
0.2376
0.2376
0.2376
0.2376
0.2376
0.2376
0.2376
0.2376
0.237599
0.2376
0.2376
0.2376
0.237599
0.237599
0.237599
0.237599
0.237599
0.237599
0.237598
0.237597
0.237597
0.237597
0.237597
0.237597
0.237596
0.237595
0.237595
0.237594
0.237594
0.237594
0.237594
0.237592
0.237592
0.237591
0.237591
0.237591
0.237591
0.23759
0.237589
0.237588
0.237587
0.237587
0.237587
0.237587
0.237587
0.237586
0.237585
0.237584
0.237584
0.237584
0.237585
0.237586
0.237585
0.237583
0.237582
0.237582
0.237583
0.237584
0.237584
0.237584
0.237583
0.237583
0.237583
0.237584
0.237586
0.237586
0.237586
0.237585
0.237585
0.237585
0.237586
0.237587
0.237589
0.237589
0.237589
0.237589
0.237589
0.237589
0.23759
0.237592
0.237593
0.237594
0.237594
0.237594
0.237593
0.237594
0.237595
0.237596
0.237597
0.237598
0.237599
0.237599
0.2376
0.237601
0.237601
0.237602
0.237602
0.237603
0.237603
0.237604
0.237604
0.237604
)
;

boundaryField
{
    inlet
    {
        type            fixedValue;
        value           uniform 0.2376;
    }
    outlet
    {
        type            zeroGradient;
    }
    sideWall
    {
        type            empty;
    }
    bed
    {
        type            zeroGradient;
    }
    topWall
    {
        type            zeroGradient;
    }
}


// ************************************************************************* //
