/*--------------------------------*- C++ -*----------------------------------*\
| =========                 |                                                 |
| \\      /  F ield         | foam-extend: Open Source CFD                    |
|  \\    /   O peration     | Version:     3.2                                |
|   \\  /    A nd           | Web:         http://www.foam-extend.org         |
|    \\/     M anipulation  | For copyright notice see file Copyright         |
\*---------------------------------------------------------------------------*/
FoamFile
{
    version     2.0;
    format      ascii;
    class       surfaceScalarField;
    location    "2020";
    object      meshPhi;
}
// * * * * * * * * * * * * * * * * * * * * * * * * * * * * * * * * * * * * * //

dimensions      [0 3 -1 0 0 0 0];

internalField   nonuniform List<scalar> 
4492
(
0
0
0
0
0
0
0
0
0
0
0
0
0
0
0
0
0
0
0
0
0
0
0
0
0
0
0
0
0
0
0
0
0
0
0
0
0
0
0
0
0
0
0
0
0
0
0
0
0
0
0
0
0
0
0
0
0
0
0
0
0
0
0
0
0
0
0
0
0
0
0
0
0
0
0
0
0
0
0
0
0
0
0
0
0
0
0
0
0
0
0
0
0
0
0
0
0
0
0
0
0
0
0
0
0
0
0
0
2.77556e-19
-7.22801e-20
2.77555e-19
8.96274e-19
-2.77571e-19
-1.10363e-17
-2.77359e-19
1.3974e-16
-1.14889e-29
-1.7886e-15
-2.76208e-19
-2.21963e-13
2.75809e-19
-8.01346e-13
-2.77671e-19
-9.90374e-13
-2.75714e-19
-1.26246e-12
-2.31172e-29
-1.12858e-12
0
-5.45069e-13
2.76798e-19
-5.62618e-13
-2.76715e-19
-5.21401e-13
-2.76757e-19
-2.29569e-12
0
-1.12204e-11
-2.76763e-19
1.11097e-10
2.76775e-19
3.83523e-10
-2.76783e-19
5.30169e-10
0
5.20475e-10
-3.41173e-27
5.01371e-10
0
5.00877e-10
4.06399e-27
5.07947e-10
0
5.05307e-10
3.65877e-27
4.89804e-10
-2.76838e-19
4.64848e-10
0
4.37091e-10
0
4.07878e-10
0
3.74702e-10
0
3.38341e-10
0
3.017e-10
0
2.70263e-10
0
2.47552e-10
0
2.27157e-10
0
2.01493e-10
0
1.7252e-10
2.08867e-27
1.48765e-10
1.45174e-27
1.29668e-10
0
1.13932e-10
0
9.86866e-11
0
8.57031e-11
0
7.70593e-11
0
6.88074e-11
0
5.86602e-11
-5.53719e-19
4.64043e-11
5.53719e-19
3.9698e-11
-5.53719e-19
2.91463e-11
0
2.78587e-11
0
2.93332e-11
-5.53718e-19
2.56734e-11
0
2.01289e-11
0
1.55219e-11
-5.53721e-19
1.4186e-11
0
1.40301e-11
5.53721e-19
1.26907e-11
0
1.33036e-11
5.53722e-19
1.0611e-11
0
7.36432e-12
-1.10745e-18
3.55115e-12
-1.10743e-18
2.4905e-12
-5.53724e-19
9.93961e-13
0
3.4694e-12
-5.53726e-19
3.20107e-11
-1.10742e-18
7.58459e-11
3.38788e-27
5.73573e-11
-5.53709e-19
-3.17383e-13
0
-4.29958e-11
-5.53707e-19
-5.88418e-11
-5.53731e-19
-2.80711e-11
-5.53705e-19
1.23068e-11
0
3.99094e-12
5.53703e-19
-1.60527e-11
-4.11376e-27
-1.94876e-11
5.537e-19
-1.32082e-11
5.53738e-19
-9.91251e-12
-4.26851e-27
-7.51437e-12
5.53741e-19
-8.03288e-12
-1.10739e-18
-7.21997e-12
-5.53744e-19
-7.27702e-12
0
-6.10915e-12
-1.10749e-18
-5.91635e-12
0
-5.01764e-12
0
-4.74465e-12
-5.53685e-19
-3.95028e-12
-5.53753e-19
-3.39405e-12
5.53681e-19
-2.69563e-12
-5.53756e-19
-1.91749e-12
0
-1.39572e-12
-5.5376e-19
-4.02182e-13
-5.53673e-19
-5.96248e-14
0
1.14461e-12
-5.5367e-19
1.27755e-12
0
2.67476e-12
0
2.58541e-12
4.06152e-27
4.15133e-12
0
3.85856e-12
0
5.59932e-12
5.5366e-19
5.10778e-12
-3.14988e-27
6.96431e-12
-5.53657e-19
6.25383e-12
5.53777e-19
8.17111e-12
5.53655e-19
7.2391e-12
-2.0296e-27
9.1861e-12
5.53653e-19
8.03584e-12
1.4254e-27
9.94311e-12
-5.53651e-19
8.68579e-12
0
1.05889e-11
0
9.07895e-12
0
1.05125e-11
0
9.14252e-12
0
1.06682e-11
0
9.26646e-12
0
1.02785e-11
0
8.93697e-12
1.10757e-18
9.85961e-12
0
8.48058e-12
0
9.23688e-12
0
7.82988e-12
-1.10756e-18
8.55162e-12
-1.1073e-18
7.08259e-12
0
7.64418e-12
0
6.03193e-12
-1.10756e-18
5.19816e-12
1.10731e-18
1.07624e-12
1.10756e-18
-1.27427e-12
0
8.67698e-12
0
3.00532e-11
1.10731e-18
3.18607e-11
0
4.80756e-12
1.10732e-18
-3.91765e-11
0
-5.2423e-11
0
1.06459e-12
-1.10754e-18
7.38005e-11
1.10733e-18
8.15728e-11
-1.12376e-26
4.05612e-11
0
-3.03591e-11
0
-1.25914e-10
0
-1.36624e-10
-1.10753e-18
-6.08514e-11
0
5.4792e-11
1.10752e-18
1.98908e-10
0
2.05125e-10
-1.14826e-26
7.85992e-11
-1.32265e-26
-8.47964e-11
0
-2.78173e-10
0
-2.86328e-10
-1.10751e-18
2.32335e-13
0
3.2763e-10
2.215e-18
3.50051e-10
0
-1.31948e-12
0
-3.94903e-10
0
-2.5696e-10
1.10749e-18
3.19425e-10
-1.10738e-18
2.97833e-10
0
-3.52973e-10
1.10738e-18
-5.28e-10
-1.10748e-18
3.69498e-12
-1.10739e-18
5.92281e-10
1.10748e-18
6.11156e-10
0
-1.28185e-11
0
-6.71509e-10
0
-4.58938e-10
-1.2801e-25
4.34392e-10
0
6.77432e-10
0
2.47153e-10
-1.1074e-18
-2.32017e-10
0
-7.67837e-10
1.26216e-26
-7.96408e-10
1.10747e-18
-2.88716e-10
-7.45722e-27
2.54351e-10
1.10746e-18
8.28084e-10
2.21483e-18
8.62637e-10
0
2.80781e-12
0
-9.25589e-10
0
-9.49201e-10
1.10742e-18
-5.13286e-13
0
9.93908e-10
-1.10742e-18
1.0177e-09
-1.10746e-18
-1.64411e-11
1.10742e-18
-1.06811e-09
-4.08647e-27
-1.06656e-09
-1.10742e-18
-3.78386e-10
-2.20546e-26
3.6945e-10
-1.10742e-18
1.1716e-09
-1.10745e-18
1.15756e-09
-1.84133e-26
3.61679e-10
1.10745e-18
-4.13923e-10
1.10743e-18
-1.20136e-09
0
-1.2155e-09
0
-4.31085e-10
1.10745e-18
3.92939e-10
-1.10743e-18
1.24015e-09
-1.10745e-18
1.24985e-09
0
4.12211e-10
0
-4.73479e-10
1.10743e-18
-1.35219e-09
-1.10745e-18
-1.3262e-09
-1.10743e-18
1.09129e-12
0
1.35869e-09
-1.10743e-18
1.39504e-09
-9.95688e-27
4.6857e-10
0
-4.90908e-10
1.81759e-25
-1.4345e-09
0
-1.43872e-09
1.10745e-18
6.58295e-12
1.93032e-25
1.47239e-09
0
1.45223e-09
6.87086e-27
4.56388e-10
0
-5.43289e-10
0
-1.54265e-09
0
-1.52168e-09
0
2.93481e-13
-2.06226e-25
1.55533e-09
2.21487e-18
1.59689e-09
-1.10744e-18
5.46831e-10
-2.22359e-26
-5.31902e-10
0
-1.60957e-09
-1.10744e-18
-1.64392e-09
0
-5.82481e-10
-1.10744e-18
5.202e-10
0
1.6539e-09
0
1.70925e-09
1.10744e-18
6.08913e-10
-2.57476e-26
-5.6903e-10
2.41768e-25
-1.78552e-09
-1.72736e-26
-1.82536e-09
0
-6.64373e-10
1.10744e-18
5.85028e-10
1.10745e-18
1.91951e-09
-1.10744e-18
1.93472e-09
-1.10744e-18
6.16768e-10
0
-1.76279e-10
2.21485e-18
-3.04374e-10
0
-1.55295e-10
-1.10744e-18
-9.50489e-12
1.10744e-18
-6.51919e-12
0
-4.04419e-12
1.10746e-18
-1.65596e-12
-1.10739e-18
3.12036e-13
-1.10761e-18
1.86728e-12
2.47123e-28
1.39549e-12
1.10339e-18
-1.61925e-12
-1.88933e-27
-1.40664e-13
-1.12039e-18
1.73041e-12
-3.78735e-29
1.88366e-14
-1.11029e-18
-1.47332e-15
1.26024e-16
0
0
0
0
0
0
0
0
0
0
0
0
0
0
0
0
0
0
0
0
0
0
0
0
0
0
0
0
0
0
0
0
0
0
0
0
0
0
0
0
0
0
0
0
0
0
0
0
0
0
0
0
0
0
0
0
0
0
0
0
0
0
0
0
0
0
0
0
0
0
0
0
0
0
0
0
0
0
0
0
0
0
0
0
0
0
0
0
0
0
0
0
0
0
0
0
0
0
0
0
0
0
0
0
0
0
1.28395e-34
1.4456e-20
0
-1.95156e-19
0
2.37397e-18
2.77582e-19
-2.85539e-17
0
3.40242e-16
2.81049e-19
-4.10852e-15
-2.71128e-19
-2.22785e-13
-1.08873e-28
-7.81242e-13
-2.72058e-19
-9.69417e-13
-2.67922e-19
-1.23012e-12
1.2819e-30
-1.09859e-12
2.70143e-19
-5.38307e-13
-2.70503e-19
-5.48403e-13
0
-5.10326e-13
0
-2.38922e-12
7.8246e-27
-9.99587e-12
-2.70561e-19
1.09707e-10
-2.70646e-19
3.73595e-10
0
5.16852e-10
-2.70807e-19
5.08701e-10
-3.24927e-26
4.9021e-10
-2.70957e-19
4.89685e-10
-2.71024e-19
4.96516e-10
-3.32075e-26
4.93972e-10
3.14414e-26
4.78886e-10
2.71187e-19
4.54573e-10
0
4.27467e-10
-5.42527e-19
3.98899e-10
0
3.66477e-10
0
3.30947e-10
0
2.95158e-10
0
2.64443e-10
5.42723e-19
2.42179e-10
0
2.22173e-10
-5.42759e-19
1.97088e-10
5.42765e-19
1.68818e-10
0
1.45568e-10
0
1.26878e-10
-5.42781e-19
1.1146e-10
0
9.65611e-11
0
8.38779e-11
0
7.53878e-11
0
6.73003e-11
0
5.73674e-11
0
4.54513e-11
-5.42784e-19
3.87929e-11
0
2.85948e-11
0
2.72722e-11
0
2.86516e-11
0
2.51043e-11
-5.42786e-19
1.96995e-11
0
1.52113e-11
-5.42788e-19
1.38861e-11
-5.42777e-19
1.37124e-11
5.42787e-19
1.24349e-11
-5.42775e-19
1.29847e-11
-5.42787e-19
1.03798e-11
-5.42773e-19
7.19872e-12
5.42789e-19
3.49867e-12
0
2.43009e-12
4.24035e-27
1.01895e-12
5.4277e-19
3.60449e-12
5.42797e-19
3.13945e-11
0
7.36488e-11
3.72778e-27
5.58682e-11
0
-1.12944e-13
1.46128e-26
-4.18722e-11
5.42757e-19
-5.72545e-11
-3.59141e-27
-2.74145e-11
5.42754e-19
1.16578e-11
0
3.86292e-12
5.4275e-19
-1.55622e-11
-9.73504e-27
-1.89993e-11
6.72652e-27
-1.29542e-11
-5.42817e-19
-9.69947e-12
0
-7.37646e-12
0
-7.84309e-12
5.42729e-19
-7.0723e-12
5.42826e-19
-7.10614e-12
-8.67868e-27
-5.98586e-12
5.42832e-19
-5.77959e-12
9.07484e-27
-4.91433e-12
0
-4.63549e-12
-5.42711e-19
-3.86628e-12
1.02727e-26
-3.31806e-12
5.42701e-19
-2.63541e-12
-5.42849e-19
-1.87755e-12
0
-1.35962e-12
0
-3.99202e-13
-5.42684e-19
-4.84466e-14
0
1.1097e-12
0
1.26388e-12
5.42868e-19
2.60234e-12
5.42671e-19
2.54736e-12
5.42871e-19
4.04291e-12
-8.29809e-27
3.7967e-12
-1.08575e-18
5.45554e-12
0
5.02202e-12
0
6.78737e-12
-5.42647e-19
6.146e-12
4.35083e-27
7.96492e-12
-5.42642e-19
7.11234e-12
0
8.95519e-12
4.80375e-27
7.89345e-12
-5.42892e-19
9.69473e-12
1.08527e-18
8.5302e-12
5.42892e-19
1.03243e-11
0
8.91256e-12
-1.08578e-18
1.02548e-11
0
8.97362e-12
-1.08578e-18
1.04063e-11
0
9.09026e-12
0
1.00304e-11
1.08526e-18
8.76592e-12
-6.52154e-27
9.62121e-12
0
8.31806e-12
0
9.01319e-12
-2.17051e-18
7.68119e-12
1.08578e-18
8.34256e-12
1.08526e-18
6.94919e-12
0
7.45575e-12
0
5.9118e-12
0
5.06433e-12
0
1.07266e-12
-1.08577e-18
-1.16941e-12
1.08528e-18
8.55403e-12
1.08576e-18
2.92281e-11
-1.08528e-18
3.09853e-11
1.08575e-18
4.6066e-12
0
-3.8096e-11
0
-5.07912e-11
0
1.14176e-12
0
7.16109e-11
-1.08532e-18
7.94454e-11
0
3.95787e-11
-1.08532e-18
-2.98457e-11
4.6266e-26
-1.22492e-10
0
-1.32983e-10
0
-5.93811e-11
-1.08535e-18
5.37509e-11
0
1.93495e-10
0
1.99653e-10
1.0857e-18
7.68348e-11
1.08538e-18
-8.29537e-11
-1.08569e-18
-2.7073e-10
-1.08539e-18
-2.78238e-10
0
3.03249e-13
0
3.18316e-10
1.00244e-25
3.39806e-10
0
-1.24264e-12
-1.08566e-18
-3.82189e-10
0
-2.48779e-10
0
3.07461e-10
0
2.87621e-10
2.505e-25
-3.4087e-10
0
-5.12135e-10
0
3.31238e-12
1.08545e-18
5.75354e-10
1.08564e-18
5.93356e-10
-1.08547e-18
-1.2208e-11
-3.37035e-25
-6.50124e-10
0
-4.44805e-10
-1.08563e-18
4.18975e-10
-1.08548e-18
6.58024e-10
0
2.42531e-10
-1.2499e-25
-2.27273e-10
1.08562e-18
-7.4733e-10
1.45869e-25
-7.7502e-10
0
-2.82936e-10
0
2.48815e-10
0
8.06357e-10
-1.08552e-18
8.37392e-10
-1.08561e-18
3.31557e-12
0
-8.98098e-10
1.08561e-18
-9.22824e-10
0
-1.24692e-12
0
9.65509e-10
1.08553e-18
9.88127e-10
-2.57922e-25
-1.55288e-11
-1.08554e-18
-1.03618e-09
-1.60553e-25
-1.03875e-09
-1.06658e-26
-3.71157e-10
1.0856e-18
3.61643e-10
0
1.14003e-09
-1.82897e-25
1.12653e-09
-2.68834e-26
3.55091e-10
1.0856e-18
-4.04824e-10
0
-1.16955e-09
0
-1.18306e-09
-1.08556e-18
-4.22546e-10
-1.0856e-18
3.84338e-10
0
1.20704e-09
-1.0856e-18
1.21633e-09
-1.08556e-18
4.04035e-10
-1.08559e-18
-4.62211e-10
-1.08557e-18
-1.31627e-09
0
-1.28924e-09
-2.8889e-25
4.1568e-13
1.0856e-18
1.31959e-09
1.08557e-18
1.35779e-09
-1.08559e-18
4.59342e-10
0
-4.78986e-10
-1.0856e-18
-1.3966e-09
2.17116e-18
-1.39841e-09
0
5.67142e-12
6.78881e-25
1.4296e-09
1.0856e-18
1.41374e-09
1.08558e-18
4.47742e-10
1.08559e-18
-5.30417e-10
0
-1.50179e-09
-3.14528e-25
-1.47923e-09
-1.08559e-18
-4.85714e-13
-7.26933e-25
1.51058e-09
0
1.55438e-09
-1.0856e-18
5.36081e-10
-2.56681e-25
-5.20002e-10
0
-1.56695e-09
0
-1.59996e-09
0
-5.70951e-10
0
5.08781e-10
1.08561e-18
1.61002e-09
0
1.66341e-09
1.00905e-26
5.96618e-10
1.08557e-18
-5.56578e-10
1.08557e-18
-1.73799e-09
-3.12108e-25
-1.77668e-09
1.0856e-18
-6.50877e-10
-3.02819e-25
5.7256e-10
0
1.86801e-09
-1.08559e-18
1.88238e-09
-1.16107e-25
6.08047e-10
1.08559e-18
-1.67748e-10
0
-2.97157e-10
-1.08561e-18
-1.5294e-10
0
-1.04978e-11
-1.0856e-18
-6.23165e-12
0
-3.97409e-12
0
-1.62234e-12
1.08551e-18
3.02726e-13
1.08582e-18
1.81183e-12
0
1.34145e-12
0
-1.54885e-12
-1.08605e-18
-1.36626e-13
-1.12422e-18
1.67264e-12
1.10901e-18
4.3827e-14
-1.11033e-18
-3.62823e-15
3.29019e-16
0
0
0
0
0
0
0
0
0
0
0
0
0
0
0
0
0
0
0
0
0
0
0
0
0
0
0
0
0
0
0
0
0
0
0
0
0
0
0
0
0
0
0
0
0
0
0
0
0
0
0
0
0
0
0
0
0
0
0
0
0
0
0
0
0
0
0
0
0
0
0
0
0
0
0
0
0
0
0
0
0
0
0
0
0
0
0
0
-1.96045e-43
-2.20727e-29
0
-2.20727e-29
0
0
0
0
0
0
0
0
0
0
0
0
0
-5.42101e-21
0
2.89121e-20
0
-3.46945e-19
2.77553e-19
4.00793e-18
-1.17418e-31
-4.66688e-17
-2.77249e-19
5.41245e-16
2.81e-19
-6.37308e-15
2.62517e-19
-2.1617e-13
-2.56246e-19
-7.33099e-13
2.60627e-19
-9.11952e-13
0
-1.15077e-12
6.62656e-29
-1.02647e-12
2.581e-19
-5.10703e-13
0
-5.13814e-13
0
-4.79245e-13
2.58546e-19
-2.38023e-12
-2.58651e-19
-8.50535e-12
-2.58832e-19
1.04115e-10
2.59044e-19
3.49937e-10
-5.18494e-19
4.84569e-10
2.59458e-19
4.78202e-10
-2.59653e-19
4.6106e-10
0
4.60603e-10
-2.6002e-19
4.67025e-10
2.60178e-19
4.6473e-10
8.14801e-26
4.50655e-10
0
4.27902e-10
0
4.0246e-10
0
3.75595e-10
0
3.45114e-10
0
3.11702e-10
0
2.78055e-10
0
2.49165e-10
-5.218e-19
2.28157e-10
0
2.09264e-10
0
1.85655e-10
-5.21913e-19
1.59092e-10
0
1.37178e-10
-5.21944e-19
1.19563e-10
0
1.05014e-10
0
9.09924e-11
5.21965e-19
7.90602e-11
0
7.10294e-11
-5.21971e-19
6.3396e-11
0
5.40316e-11
5.21963e-19
4.28737e-11
5.21963e-19
3.65086e-11
5.2196e-19
2.70167e-11
-5.21958e-19
2.57116e-11
0
2.69525e-11
0
2.36414e-11
5.21964e-19
1.85668e-11
0
1.43556e-11
-5.21967e-19
1.309e-11
5.21949e-19
1.29066e-11
-6.41951e-28
1.17338e-11
-8.58944e-27
1.22052e-11
0
9.77834e-12
0
6.77681e-12
-4.3333e-27
3.31881e-12
-5.2194e-19
2.28355e-12
0
1.04335e-12
5.2194e-19
3.62859e-12
1.52457e-26
2.95943e-11
-5.21931e-19
6.8815e-11
0
5.24113e-11
0
1.05087e-13
-5.21981e-19
-3.9259e-11
5.21917e-19
-5.36915e-11
5.21987e-19
-2.58043e-11
5.21913e-19
1.06621e-11
5.21994e-19
3.62813e-12
-5.21908e-19
-1.45327e-11
0
-1.78472e-11
5.21895e-19
-1.22363e-11
1.48812e-26
-9.14032e-12
-1.01108e-26
-6.97364e-12
0
-7.37518e-12
0
-6.67203e-12
-1.59198e-26
-6.68324e-12
5.21862e-19
-5.64862e-12
-5.22024e-19
-5.4377e-12
5.21853e-19
-4.63557e-12
-5.22035e-19
-4.36181e-12
1.04369e-18
-3.64452e-12
5.22039e-19
-3.12416e-12
0
-2.48158e-12
0
-1.77071e-12
0
-1.27571e-12
-5.22051e-19
-3.81672e-13
0
-3.65286e-14
5.2206e-19
1.03593e-12
0
1.20384e-12
5.2207e-19
2.43822e-12
0
2.41687e-12
5.22072e-19
3.7918e-12
5.21762e-19
3.59756e-12
-5.22075e-19
5.11907e-12
-5.21748e-19
4.75506e-12
-7.16575e-27
6.37057e-12
-2.21306e-26
5.81671e-12
5.22086e-19
7.47717e-12
-5.21731e-19
6.72952e-12
-5.22092e-19
8.4077e-12
0
7.46704e-12
-5.22098e-19
9.10352e-12
-5.21715e-19
8.06785e-12
0
9.69463e-12
0
8.42602e-12
0
9.63406e-12
1.04341e-18
8.4825e-12
0
9.77613e-12
0
8.58811e-12
0
9.42697e-12
-1.04341e-18
8.28068e-12
0
9.04207e-12
0
7.85745e-12
0
8.47034e-12
0
7.25716e-12
-1.04417e-18
7.83827e-12
1.04341e-18
6.56667e-12
-1.04417e-18
7.00357e-12
0
5.58051e-12
0
4.76337e-12
1.04343e-18
1.04833e-12
-1.04416e-18
-1.03741e-12
0
8.08276e-12
0
2.73411e-11
0
2.90311e-11
0
4.2893e-12
-1.04346e-18
-3.5656e-11
0
-4.73897e-11
-1.04348e-18
1.13853e-12
0
6.68517e-11
0
7.44377e-11
0
3.72259e-11
1.04352e-18
-2.81537e-11
1.0441e-18
-1.14704e-10
0
-1.24514e-10
0
-5.57887e-11
0
5.0625e-11
0
1.81208e-10
0
1.86969e-10
0
7.22989e-11
0
-7.77663e-11
2.5444e-25
-2.53523e-10
0
-2.60633e-10
0
1.50848e-13
0
2.97884e-10
0
3.1769e-10
1.04366e-18
-7.29793e-13
-1.04403e-18
-3.56063e-10
-1.04368e-18
-2.32981e-10
0
2.84675e-10
1.04371e-18
2.68839e-10
-1.04402e-18
-3.1629e-10
2.65607e-25
-4.7923e-10
-1.04401e-18
2.24313e-12
1.04373e-18
5.3841e-10
1.04401e-18
5.54844e-10
-1.04375e-18
-1.06204e-11
1.044e-18
-6.05954e-10
0
-4.16307e-10
-1.044e-18
3.88624e-10
1.04378e-18
6.15605e-10
-2.10707e-26
2.2934e-10
-3.38115e-25
-2.13887e-10
0
-7.00358e-10
3.90454e-25
-7.25837e-10
-1.04399e-18
-2.66794e-10
1.04383e-18
2.33828e-10
8.43911e-25
7.56082e-10
0
7.829e-10
4.73806e-25
4.45995e-12
-1.04385e-18
-8.38349e-10
-1.04398e-18
-8.65153e-10
4.62846e-25
-2.86274e-12
0
9.03634e-10
-5.14285e-25
9.2408e-10
1.04398e-18
-1.39288e-11
0
-9.67617e-10
-1.044e-18
-9.73878e-10
0
-3.50829e-10
-5.25618e-25
3.40161e-10
1.17538e-24
1.06822e-09
-1.04398e-18
1.05516e-09
-4.80371e-26
3.35377e-10
0
-3.8056e-10
1.20667e-24
-1.09637e-09
0
-1.10823e-09
0
-3.98517e-10
5.50464e-25
3.61242e-10
-1.04393e-18
1.1313e-09
1.04398e-18
1.13925e-09
1.04393e-18
3.81002e-10
6.57339e-25
-4.32907e-10
0
-1.23319e-09
1.04399e-18
-1.20827e-09
1.04395e-18
-8.83789e-13
1.04398e-18
1.23483e-09
1.04394e-18
1.27198e-09
-4.27922e-26
4.33167e-10
0
-4.48211e-10
1.04399e-18
-1.30856e-09
-6.82163e-25
-1.31054e-09
0
3.91463e-12
-1.04396e-18
1.33746e-09
0
1.32463e-09
0
4.22536e-10
1.04397e-18
-4.96795e-10
0
-1.40709e-09
-2.08797e-18
-1.38631e-09
0
-1.94424e-12
-1.56401e-24
1.41356e-09
0
1.45634e-09
3.46332e-26
5.0554e-10
1.04395e-18
-4.88612e-10
0
-1.46895e-09
-1.04396e-18
-1.49878e-09
1.04399e-18
-5.38389e-10
-7.1163e-25
4.78195e-10
1.67667e-24
1.50918e-09
0
1.55806e-09
1.04398e-18
5.62391e-10
0
-5.2318e-10
0
-1.62901e-09
-1.04395e-18
-1.66438e-09
-1.04399e-18
-6.13443e-10
-8.33689e-25
5.3841e-10
-1.04405e-18
1.7505e-09
1.04399e-18
1.76283e-09
-1.04397e-18
5.75405e-10
0
-1.54677e-10
1.0439e-18
-2.80883e-10
0
-1.46077e-10
-1.044e-18
-1.10321e-11
-1.044e-18
-5.69832e-12
0
-3.76926e-12
1.04404e-18
-1.52865e-12
0
2.82675e-13
0
1.69344e-12
5.95126e-28
1.24181e-12
0
-1.42385e-12
1.05255e-18
-1.2221e-13
-1.12399e-18
1.56332e-12
-1.109e-18
6.78919e-14
-1.11033e-18
-5.75052e-15
5.33717e-16
0
0
0
0
0
0
0
0
0
0
0
0
0
0
0
0
0
0
0
0
0
0
0
0
0
0
0
0
0
0
0
0
0
0
0
0
0
0
0
0
0
0
0
0
0
0
0
0
0
0
0
0
0
0
0
0
0
0
0
0
0
0
0
0
0
0
0
0
0
0
0
0
0
0
0
0
0
0
0
0
0
0
0
0
0
0
0
0
0
0
0
0
0
0
0
0
0
0
0
0
0
0
0
0
-1.60494e-35
-1.807e-21
6.41977e-35
4.33681e-20
0
-4.4633e-19
2.77554e-19
5.1608e-18
-2.77575e-19
-5.94115e-17
0
6.84299e-16
-2.79976e-19
-7.9906e-15
-2.50848e-19
-1.98593e-13
-4.79092e-19
-6.50375e-13
-4.8924e-19
-8.08832e-13
4.71812e-19
-1.01459e-12
0
-9.03845e-13
0
-4.55969e-13
0
-4.542e-13
-2.41971e-19
-4.24166e-13
0
-2.20584e-12
2.42442e-19
-6.90462e-12
-2.42755e-19
9.3018e-11
1.65564e-25
3.09428e-10
-2.43484e-19
4.28892e-10
2.43854e-19
4.24278e-10
2.44201e-19
4.09334e-10
0
4.09044e-10
2.44849e-19
4.14829e-10
-2.45129e-19
4.12939e-10
1.44667e-25
4.00586e-10
-2.456e-19
3.80511e-10
0
3.57986e-10
4.91907e-19
3.34151e-10
0
3.07095e-10
0
2.7742e-10
-4.92566e-19
2.47533e-10
-4.92714e-19
2.2186e-10
4.92832e-19
2.03139e-10
4.92923e-19
1.86291e-10
4.92996e-19
1.65292e-10
4.93035e-19
1.41694e-10
0
1.22176e-10
-4.93091e-19
1.06486e-10
4.93108e-19
9.35151e-11
0
8.10403e-11
-4.93128e-19
7.04276e-11
0
6.3253e-11
0
5.64457e-11
0
4.81022e-11
4.93126e-19
3.82166e-11
0
3.2481e-11
0
2.41136e-11
0
2.29079e-11
0
2.39701e-11
0
2.10443e-11
0
1.65383e-11
0
1.28008e-11
0
1.16613e-11
1.21157e-26
1.14834e-11
-4.93121e-19
1.04617e-11
4.93097e-19
1.08472e-11
0
8.70633e-12
4.93093e-19
6.03057e-12
0
2.97109e-12
4.93091e-19
2.0306e-12
0
1.04357e-12
-4.93092e-19
3.42532e-12
-4.93143e-19
2.62567e-11
4.9308e-19
6.0806e-11
-3.22754e-27
4.65756e-11
0
3.19289e-13
-4.93142e-19
-3.48297e-11
0
-4.7737e-11
0
-2.30071e-11
-2.51205e-26
9.32615e-12
0
3.27565e-12
0
-1.2849e-11
-2.44629e-26
-1.58666e-11
4.93029e-19
-1.09209e-11
-4.93169e-19
-8.14066e-12
0
-6.22755e-12
4.93173e-19
-6.55714e-12
1.30014e-26
-5.94797e-12
-4.93182e-19
-5.94279e-12
-1.45244e-26
-5.03677e-12
-4.93193e-19
-4.83676e-12
4.92971e-19
-4.13208e-12
0
-3.88017e-12
4.9296e-19
-3.2469e-12
4.93211e-19
-2.78066e-12
-9.85868e-19
-2.20891e-12
-4.93215e-19
-1.57815e-12
0
-1.13225e-12
4.93223e-19
-3.44025e-13
-1.84136e-26
-2.5925e-14
0
9.15386e-13
0
1.08152e-12
-4.93246e-19
2.16118e-12
4.92867e-19
2.1645e-12
-4.93247e-19
3.36386e-12
-4.92841e-19
3.21855e-12
0
4.54309e-12
0
4.25154e-12
-8.23259e-27
5.65513e-12
4.92807e-19
5.19891e-12
5.6167e-27
6.63848e-12
4.92797e-19
6.01351e-12
0
7.46531e-12
1.23573e-26
6.67147e-12
-9.86549e-19
8.08427e-12
-4.92776e-19
7.20715e-12
0
8.60915e-12
0
7.52459e-12
0
8.55882e-12
0
7.57412e-12
0
8.68484e-12
9.85513e-19
7.66506e-12
-9.86533e-19
8.37763e-12
9.8552e-19
7.38995e-12
-1.89367e-26
8.03535e-12
0
7.01215e-12
-9.86517e-19
7.52705e-12
0
6.47741e-12
0
6.96405e-12
9.85508e-19
5.86199e-12
0
6.2212e-12
0
4.97791e-12
-9.86499e-19
4.25133e-12
0
9.80356e-13
-9.86499e-19
-9.00057e-13
0
7.16501e-12
0
2.41836e-11
0
2.57823e-11
0
3.83938e-12
1.01385e-25
-3.159e-11
0
-4.19086e-11
0
9.97321e-13
0
5.90225e-11
9.85646e-19
6.59606e-11
9.86442e-19
3.32288e-11
-9.85661e-19
-2.49706e-11
0
-1.01669e-10
0
-1.10244e-10
-9.86398e-19
-4.96482e-11
9.8571e-19
4.48838e-11
0
1.60661e-10
0
1.65616e-10
-9.8639e-19
6.44125e-11
0
-6.84931e-11
4.24797e-25
-2.2469e-10
0
-2.31688e-10
0
-1.94677e-13
-9.8583e-19
2.64221e-10
-9.86354e-19
2.81468e-10
9.85859e-19
2.89192e-13
0
-3.14336e-10
0
-2.0825e-10
0
2.4981e-10
-9.85937e-19
2.40212e-10
0
-2.77531e-10
0
-4.26271e-10
4.75648e-25
5.35059e-13
-9.85974e-19
4.7762e-10
0
4.91665e-10
9.86005e-19
-7.91829e-12
-9.8633e-19
-5.35145e-10
-9.86035e-19
-3.70918e-10
-1.11814e-24
3.41169e-10
5.33602e-25
5.45866e-10
0
2.05594e-10
9.86064e-19
-1.89717e-10
9.86314e-19
-6.21498e-10
6.9062e-25
-6.43206e-10
9.86317e-19
-2.37874e-10
0
2.07177e-10
1.38118e-24
6.71354e-10
-1.97228e-18
6.93613e-10
-9.86321e-19
6.20211e-12
1.9723e-18
-7.40565e-10
-9.86314e-19
-7.70072e-10
7.63809e-25
-5.09984e-12
-9.86316e-19
8.01913e-10
-9.86188e-19
8.18942e-10
-1.97266e-18
-1.14256e-11
-1.75442e-24
-8.55373e-10
0
-8.64247e-10
0
-3.1434e-10
-9.33719e-25
3.01671e-10
9.86232e-19
9.47923e-10
-9.86336e-19
9.35221e-10
1.97247e-18
2.9937e-10
-1.97267e-18
-3.37538e-10
9.86265e-19
-9.73268e-10
2.95906e-18
-9.82323e-10
0
-3.55339e-10
9.8634e-19
3.20275e-10
0
1.00422e-09
-1.97266e-18
1.00973e-09
0
3.39673e-10
0
-3.81749e-10
9.86285e-19
-1.09383e-09
9.86357e-19
-1.07463e-09
-9.86296e-19
-2.30442e-12
9.8634e-19
1.09582e-09
-9.86286e-19
1.12771e-09
-6.08116e-26
3.86099e-10
-9.8629e-19
-3.94698e-10
9.86349e-19
-1.16072e-09
-9.86324e-19
-1.16581e-09
0
1.8538e-12
-9.86317e-19
1.1868e-09
0
1.17454e-09
-9.86307e-19
3.76884e-10
0
-4.38059e-10
-9.86302e-19
-1.24815e-09
9.86348e-19
-1.23303e-09
1.20703e-24
-3.4959e-12
-2.56071e-24
1.25448e-09
0
1.29138e-09
0
4.5053e-10
9.86311e-19
-4.33181e-10
0
-1.30409e-09
-9.86321e-19
-1.32862e-09
9.86367e-19
-4.79815e-10
-9.86381e-19
4.23927e-10
0
1.33966e-09
9.86367e-19
1.38104e-09
-9.86348e-19
5.01113e-10
0
-4.6387e-10
2.93581e-24
-1.44592e-09
9.86308e-19
-1.47539e-09
0
-5.46508e-10
-1.97275e-18
4.77362e-10
0
1.55348e-09
-9.86364e-19
1.56243e-09
-9.86325e-19
5.12755e-10
3.43006e-25
-1.36518e-10
-9.86227e-19
-2.53481e-10
-9.86392e-19
-1.33421e-10
-9.86384e-19
-1.07605e-11
0
-4.89861e-12
0
-3.37804e-12
9.86437e-19
-1.36124e-12
-9.86182e-19
2.49928e-13
-9.86577e-19
1.49819e-12
9.8312e-19
1.08981e-12
0
-1.23968e-12
-1.00701e-18
-9.73336e-14
0
1.39223e-12
-1.10937e-18
8.43864e-14
-3.23762e-30
-7.17903e-15
6.70206e-16
0
0
0
0
0
0
0
0
0
0
0
0
0
0
0
0
0
0
0
0
0
0
0
0
0
0
0
0
0
0
0
0
0
0
0
0
0
0
0
0
0
0
0
0
0
0
0
0
0
0
0
0
0
0
0
0
0
0
0
0
0
0
0
0
0
0
0
0
0
0
0
0
0
0
0
0
0
0
0
0
0
0
0
0
0
0
0
0
0
0
0
0
0
0
0
0
0
0
0
0
0
0
0
0
0
0
0
4.33681e-20
0
-4.84277e-19
-2.05433e-33
5.47883e-18
0
-6.30756e-17
0
7.24789e-16
0
-8.45353e-15
2.36688e-19
-1.68037e-13
-5.201e-28
-5.31473e-13
3.67626e-28
-6.58908e-13
0
-8.21639e-13
0
-7.31028e-13
0
-3.73151e-13
4.45828e-19
-3.6911e-13
-2.22659e-19
-3.44964e-13
-1.89489e-27
-1.85084e-12
7.85314e-27
-5.25832e-12
0
7.61916e-11
2.34453e-25
2.5168e-10
-2.24814e-19
3.49188e-10
-2.25348e-19
3.46128e-10
2.25853e-19
3.34184e-10
0
3.34105e-10
4.53588e-19
3.38964e-10
-2.20977e-25
3.37585e-10
6.82701e-19
3.27645e-10
-2.27889e-19
3.1137e-10
0
2.93044e-10
0
2.73607e-10
0
2.51519e-10
0
2.2727e-10
0
2.02837e-10
0
1.81838e-10
0
1.66494e-10
0
1.52676e-10
0
1.35482e-10
-4.58464e-19
1.16173e-10
0
1.00171e-10
0
8.73078e-11
-4.58571e-19
7.66652e-11
0
6.64454e-11
0
5.77527e-11
-4.58613e-19
5.18571e-11
4.58616e-19
4.62707e-11
0
3.9428e-11
0
3.13533e-11
-4.58594e-19
2.66111e-11
0
1.98015e-11
0
1.87869e-11
0
1.96325e-11
0
1.72476e-11
4.58594e-19
1.35611e-11
4.58583e-19
1.05044e-11
4.586e-19
9.5626e-12
1.67159e-26
9.40822e-12
4.58588e-19
8.58391e-12
4.58558e-19
8.87974e-12
-9.17173e-19
7.13671e-12
0
4.94203e-12
-4.58592e-19
2.44372e-12
-1.0152e-26
1.66614e-12
-4.58603e-19
9.85216e-13
0
2.94583e-12
4.58616e-19
2.13232e-11
4.58538e-19
4.94694e-11
4.5861e-19
3.82077e-11
0
5.41366e-13
-4.58612e-19
-2.84203e-11
0
-3.91988e-11
0
-1.89739e-11
-4.58505e-19
7.57745e-12
0
2.76359e-12
0
-1.04745e-11
9.17296e-19
-1.30028e-11
4.58474e-19
-8.96934e-12
4.58643e-19
-6.67428e-12
-4.58449e-19
-5.11592e-12
4.58646e-19
-5.3695e-12
1.47426e-26
-4.88018e-12
-4.58656e-19
-4.86697e-12
-4.58414e-19
-4.1333e-12
0
-3.96209e-12
-4.584e-19
-3.39009e-12
-4.58688e-19
-3.17877e-12
4.58386e-19
-2.66286e-12
4.5869e-19
-2.27892e-12
0
-1.8105e-12
0
-1.29472e-12
4.58323e-19
-9.26178e-13
4.587e-19
-2.84658e-13
4.583e-19
-1.75344e-14
4.58712e-19
7.46061e-13
4.58282e-19
8.92061e-13
-4.58727e-19
1.76562e-12
-4.58266e-19
1.78155e-12
0
2.75001e-12
4.58231e-19
2.64721e-12
0
3.71514e-12
4.58205e-19
3.49539e-12
4.58729e-19
4.62534e-12
4.58186e-19
4.27323e-12
-4.58736e-19
5.43028e-12
-4.58174e-19
4.94209e-12
9.17492e-19
6.10706e-12
-4.58167e-19
5.48223e-12
-9.1751e-19
6.61413e-12
-4.58146e-19
5.9218e-12
0
7.04354e-12
0
6.18118e-12
0
7.00443e-12
0
6.22132e-12
-9.17475e-19
7.10748e-12
0
6.29409e-12
0
6.85786e-12
9.1625e-19
6.06779e-12
-2.57712e-26
6.57757e-12
0
5.75756e-12
0
6.16138e-12
0
5.31909e-12
-9.17441e-19
5.69974e-12
0
4.81436e-12
0
5.09071e-12
-9.16252e-19
4.08674e-12
0
3.50884e-12
9.16285e-19
8.52304e-13
0
-7.56968e-13
0
5.78175e-12
9.17406e-19
1.96991e-11
-9.16299e-19
2.11731e-11
6.43444e-28
3.27246e-12
0
-2.57814e-11
0
-3.42601e-11
0
6.76645e-13
0
4.79678e-11
0
5.38609e-11
0
2.7513e-11
0
-2.01444e-11
0
-8.30422e-11
0
-9.00115e-11
6.55074e-27
-4.09561e-11
0
3.62647e-11
0
1.31285e-10
9.16534e-19
1.35326e-10
0
5.32097e-11
-9.16588e-19
-5.4871e-11
0
-1.835e-10
0
-1.90766e-10
9.17298e-19
-1.14841e-12
0
2.16195e-10
-9.17282e-19
2.3054e-10
0
1.93708e-12
-9.17286e-19
-2.56012e-10
0
-1.73393e-10
0
2.02109e-10
-1.1799e-25
2.00155e-10
0
-2.23901e-10
0
-3.5142e-10
0
-2.18704e-12
0
3.90929e-10
0
4.02775e-10
0
-3.82153e-12
9.17271e-19
-4.3597e-10
9.16916e-19
-3.06931e-10
-1.55616e-24
2.75498e-10
9.16929e-19
4.46942e-10
-3.42376e-26
1.70927e-10
-8.90667e-25
-1.53557e-10
0
-5.08407e-10
9.88395e-25
-5.25988e-10
9.17266e-19
-1.96362e-10
0
1.67517e-10
0
5.49517e-10
-9.17058e-19
5.68111e-10
9.17278e-19
8.96031e-12
1.83414e-18
-6.02532e-10
0
-6.34623e-10
1.10921e-24
-8.65292e-12
-9.17275e-19
6.56742e-10
9.1712e-19
6.70963e-10
0
-6.99637e-12
9.17158e-19
-6.96625e-10
-1.2361e-24
-7.07379e-10
9.17162e-19
-2.61143e-10
9.17299e-19
2.44282e-10
2.69915e-24
7.75565e-10
9.17306e-19
7.65034e-10
-1.03091e-25
2.47497e-10
9.17312e-19
-2.73656e-10
-9.17224e-19
-7.96485e-10
9.17334e-19
-8.03586e-10
9.17226e-19
-2.93365e-10
0
2.59322e-10
0
8.21873e-10
-1.83461e-18
8.26008e-10
9.17233e-19
2.80563e-10
9.17311e-19
-3.07016e-10
0
-8.94327e-10
9.17338e-19
-8.85326e-10
-9.17264e-19
-5.91001e-12
0
8.97571e-10
9.17256e-19
9.22822e-10
-8.5611e-26
3.18644e-10
0
-3.16761e-10
9.17333e-19
-9.48946e-10
-1.59936e-24
-9.60836e-10
0
-2.82138e-12
-9.17291e-19
9.72194e-10
0
9.61297e-10
9.17285e-19
3.11417e-10
-1.90518e-24
-3.52247e-10
3.48543e-24
-1.02055e-09
-9.17339e-19
-1.0159e-09
0
-7.51406e-12
-3.62181e-24
1.02758e-09
1.92977e-24
1.05698e-09
0
3.71616e-10
0
-3.50958e-10
0
-1.0673e-09
2.0002e-24
-1.08704e-09
9.17361e-19
-3.95761e-10
9.17367e-19
3.43217e-10
0
1.09622e-09
0
1.12979e-09
9.17341e-19
4.13338e-10
9.17286e-19
-3.7569e-10
0
-1.18313e-09
9.17301e-19
-1.207e-09
-9.17348e-19
-4.50635e-10
-2.21377e-24
3.86331e-10
0
1.27095e-09
0
1.27825e-09
-8.94244e-26
4.21403e-10
0
-1.10188e-10
-1.83437e-18
-2.10991e-10
9.17396e-19
-1.12869e-10
9.17387e-19
-9.4845e-12
-9.66544e-27
-3.83042e-12
9.17376e-19
-2.78578e-12
9.17459e-19
-1.11834e-12
0
2.0462e-13
0
1.22224e-12
9.1135e-19
8.84015e-13
0
-9.97266e-13
0
-6.55898e-14
0
1.15183e-12
-1.11001e-18
8.82117e-14
-5.66994e-31
-7.47695e-15
6.93906e-16
0
0
0
0
0
0
0
0
0
0
0
0
0
0
0
0
0
0
0
0
0
0
0
0
0
0
0
0
0
0
0
0
0
0
0
0
0
0
0
0
0
0
0
0
0
0
0
0
0
0
0
0
0
0
0
0
0
0
0
0
0
0
0
0
0
0
0
0
0
0
0
0
0
0
0
0
0
0
0
0
0
0
0
0
0
0
0
0
0
0
0
0
0
0
0
0
0
0
0
0
0
0
0
0
0
0
0
2.89121e-20
-2.77556e-19
-4.19225e-19
4.68643e-33
4.75603e-18
2.77543e-19
-5.4904e-17
-2.777e-19
6.32437e-16
2.75893e-19
-7.38003e-15
0
-1.2401e-13
-6.47978e-28
-3.79188e-13
2.05114e-19
-4.67566e-13
1.92506e-19
-5.79768e-13
0
-5.15191e-13
2.01588e-19
-2.6554e-13
-3.30687e-28
-2.61525e-13
2.01892e-19
-2.44538e-13
2.02319e-19
-1.33667e-12
0
-3.5714e-12
1.36966e-25
5.42774e-11
4.07899e-19
1.78566e-10
0
2.47979e-10
0
2.46204e-10
2.05946e-19
2.37898e-10
-4.13148e-19
2.37988e-10
2.07154e-19
2.41582e-10
0
2.4074e-10
2.08148e-19
2.33782e-10
-2.55878e-25
2.22284e-10
0
2.0929e-10
0
1.95474e-10
0
1.79749e-10
0
1.62463e-10
-3.21795e-25
1.45034e-10
4.19989e-19
1.30047e-10
0
1.19081e-10
0
1.09199e-10
-4.20522e-19
9.69118e-11
0
8.31177e-11
4.20663e-19
7.16701e-11
0
6.24679e-11
-4.20738e-19
5.48504e-11
0
4.75423e-11
0
4.13266e-11
0
3.71024e-11
7.39455e-26
3.3103e-11
0
2.82062e-11
-4.20772e-19
2.24424e-11
0
1.90313e-11
4.2076e-19
1.4182e-11
0
1.34438e-11
0
1.40374e-11
-4.20752e-19
1.23375e-11
4.20766e-19
9.7034e-12
0
7.51956e-12
4.20773e-19
6.84221e-12
2.09859e-26
6.72788e-12
-4.20758e-19
6.14413e-12
-4.20723e-19
6.34656e-12
-4.20756e-19
5.10515e-12
0
3.53482e-12
-6.49706e-27
1.7512e-12
-4.20716e-19
1.19217e-12
-4.20776e-19
8.12736e-13
4.20719e-19
2.21945e-12
0
1.50855e-11
0
3.51246e-11
-1.38791e-26
2.73521e-11
0
5.7565e-13
-8.41569e-19
-2.02336e-11
4.20667e-19
-2.81234e-11
4.20796e-19
-1.36756e-11
-4.20661e-19
5.42208e-12
0
2.05534e-12
0
-7.4641e-12
0
-9.31091e-12
9.34483e-27
-6.42665e-12
-4.20819e-19
-4.775e-12
-1.46558e-26
-3.66511e-12
0
-3.83892e-12
4.20569e-19
-3.49342e-12
-3.27849e-26
-3.47993e-12
4.2055e-19
-2.95914e-12
0
-2.83335e-12
-4.20535e-19
-2.42669e-12
4.2087e-19
-2.27332e-12
0
-1.9057e-12
3.02768e-26
-1.6302e-12
-2.41748e-26
-1.29524e-12
0
-9.26779e-13
-4.20441e-19
-6.6178e-13
8.4176e-19
-2.04897e-13
-2.62673e-26
-1.0923e-14
4.20893e-19
5.3174e-13
4.20393e-19
6.40632e-13
-8.41822e-19
1.26039e-12
2.66896e-26
1.27777e-12
-4.20908e-19
1.96398e-12
-2.62558e-26
1.89782e-12
0
2.65375e-12
0
2.50526e-12
-4.20908e-19
3.3043e-12
-8.40551e-19
3.06231e-12
8.41832e-19
3.87964e-12
-4.20261e-19
3.54134e-12
-1.6834e-27
4.36338e-12
2.00875e-26
3.92815e-12
8.41876e-19
4.72601e-12
4.20228e-19
4.24282e-12
0
5.03283e-12
0
4.42803e-12
8.41828e-19
5.00583e-12
0
4.45654e-12
8.41827e-19
5.07944e-12
0
4.50782e-12
0
4.9019e-12
0
4.34558e-12
0
4.70153e-12
0
4.12342e-12
0
4.40399e-12
0
3.80968e-12
-8.41785e-19
4.07369e-12
-8.40374e-19
3.44852e-12
0
3.63779e-12
0
2.92655e-12
0
2.53474e-12
-8.40441e-19
6.57063e-13
8.41788e-19
-5.58964e-13
0
4.04233e-12
-8.41746e-19
1.39867e-11
0
1.51802e-11
-8.41721e-19
2.46372e-12
0
-1.83535e-11
-1.68342e-18
-2.44746e-11
0
3.61442e-13
0
3.40305e-11
-8.40589e-19
3.83395e-11
0
1.98628e-11
0
-1.40934e-11
0
-5.91844e-11
8.40639e-19
-6.40869e-11
-3.09735e-27
-2.9422e-11
8.40685e-19
2.54535e-11
0
9.36154e-11
-8.4074e-19
9.64503e-11
-8.4166e-19
3.82504e-11
-1.68161e-18
-3.81303e-11
8.41669e-19
-1.30598e-10
0
-1.37246e-10
8.41635e-19
-1.73008e-12
8.40874e-19
1.54478e-10
0
1.64975e-10
-8.4092e-19
2.781e-12
0
-1.82067e-10
0
-1.26627e-10
0
1.42654e-10
-8.41049e-19
1.46415e-10
8.41625e-19
-1.57239e-10
-1.68213e-18
-2.53376e-10
0
-3.94199e-12
-8.41106e-19
2.7945e-10
0
2.88316e-10
8.41157e-19
-5.92316e-13
-1.95295e-24
-3.10189e-10
0
-2.22432e-10
-1.97611e-24
1.94107e-10
-8.41224e-19
3.19578e-10
8.41608e-19
1.23832e-10
-8.41252e-19
-1.08069e-10
0
-3.62947e-10
8.41288e-19
-3.75327e-10
0
-1.41015e-10
-1.21206e-24
1.17835e-10
0
3.92434e-10
8.41384e-19
4.06528e-10
1.33107e-24
9.48575e-12
0
-4.2761e-10
-8.41627e-19
-4.57002e-10
1.43037e-24
-1.0147e-11
0
4.69748e-10
0
4.80409e-10
8.41661e-19
-3.31832e-12
8.41507e-19
-4.95548e-10
-1.62947e-24
-5.05135e-10
0
-1.88964e-10
0
1.72021e-10
-8.41528e-19
5.53839e-10
8.41685e-19
5.46126e-10
-7.57705e-26
1.77873e-10
1.68338e-18
-1.9315e-10
3.56157e-24
-5.68804e-10
0
-5.73629e-10
0
-2.10702e-10
-8.41694e-19
1.8272e-10
0
5.87006e-10
-1.92214e-24
5.89668e-10
8.41606e-19
2.01526e-10
0
-2.14606e-10
-8.41625e-19
-6.37394e-10
-8.41719e-19
-6.37372e-10
-8.41632e-19
-7.82665e-12
-8.41703e-19
6.42316e-10
8.41636e-19
6.59146e-10
-8.41706e-19
2.28651e-10
8.41642e-19
-2.20905e-10
0
-6.76157e-10
8.4168e-19
-6.92078e-10
1.68349e-18
-5.94046e-12
-8.41673e-19
6.95875e-10
0
6.86693e-10
-8.41668e-19
2.23649e-10
8.41715e-19
-2.46179e-10
8.41686e-19
-7.27364e-10
-2.2155e-24
-7.31439e-10
8.41711e-19
-9.52857e-12
8.41757e-19
7.35393e-10
-8.41714e-19
7.55142e-10
0
2.66568e-10
-8.41717e-19
-2.47569e-10
4.77938e-24
-7.62273e-10
0
-7.76167e-10
0
-2.83957e-10
-8.41742e-19
2.41867e-10
0
7.82771e-10
8.41716e-19
8.06574e-10
-1.68348e-18
2.96598e-10
-1.68342e-18
-2.64856e-10
-8.4172e-19
-8.44854e-10
-2.86033e-24
-8.6168e-10
-8.41736e-19
-3.23256e-10
-1.68337e-18
2.72067e-10
5.74721e-24
9.07419e-10
-8.4169e-19
9.12748e-10
-1.68338e-18
3.00348e-10
0
-7.89364e-11
0
-1.53961e-10
0
-8.3817e-11
-8.41796e-19
-7.27221e-12
-1.27956e-26
-2.56453e-12
0
-2.00693e-12
-8.41876e-19
-8.04039e-13
0
1.47617e-13
8.41937e-19
8.71512e-13
8.33239e-19
6.28371e-13
0
-7.02524e-13
0
-3.33024e-14
0
8.3844e-13
-1.11081e-18
7.60799e-14
2.53709e-30
-6.40317e-15
5.87179e-16
0
0
0
0
0
0
0
0
0
0
0
0
0
0
0
0
0
0
0
0
0
0
0
0
0
0
0
0
0
0
0
0
0
0
0
0
0
0
0
0
0
0
0
0
0
0
0
0
0
0
0
0
0
0
0
0
0
0
0
0
0
0
0
0
0
0
0
0
0
0
0
0
0
0
0
0
0
0
0
0
0
0
0
0
0
0
0
0
0
0
0
0
0
0
0
0
0
0
0
0
0
0
0
0
0
0
0
1.4456e-20
0
-2.45752e-19
-2.77558e-19
2.93457e-18
1.36613e-31
-3.38416e-17
-2.77917e-19
3.90905e-16
2.73359e-19
-4.55892e-15
0
-6.73654e-14
0
-1.99474e-13
1.84437e-19
-2.44255e-13
1.7035e-19
-3.0133e-13
-1.82378e-19
-2.67438e-13
1.80604e-19
-1.3894e-13
-3.84074e-28
-1.36533e-13
1.80919e-19
-1.277e-13
1.81406e-19
-7.04399e-13
1.81865e-19
-1.82482e-12
0
2.84335e-11
6.88881e-25
9.33845e-11
-1.84093e-19
1.298e-10
-3.69784e-19
1.29033e-10
-1.85652e-19
1.24782e-10
-1.8639e-19
1.24918e-10
3.4093e-25
1.26888e-10
0
1.26527e-10
0
1.22944e-10
-3.02693e-25
1.16961e-10
3.78323e-19
1.10174e-10
3.79051e-19
1.02941e-10
-3.79638e-19
9.46909e-11
0
8.56087e-11
0
7.6444e-11
0
6.85587e-11
0
6.27842e-11
0
5.75781e-11
0
5.1105e-11
-3.81593e-19
4.38372e-11
0
3.78008e-11
3.8172e-19
3.2948e-11
0
2.89298e-11
3.81788e-19
2.50765e-11
3.81803e-19
2.17992e-11
-9.7477e-26
1.95695e-11
8.778e-26
1.74594e-11
0
1.48764e-11
-3.81799e-19
1.18398e-11
-3.81793e-19
1.00356e-11
0
7.48398e-12
3.81778e-19
7.09102e-12
0
7.401e-12
-3.81775e-19
6.50623e-12
3.81791e-19
5.11781e-12
-3.81777e-19
3.96672e-12
3.81799e-19
3.60836e-12
0
3.54698e-12
-9.81636e-27
3.24069e-12
-2.57305e-26
3.34489e-12
-7.63556e-19
2.69178e-12
1.6942e-26
1.86359e-12
0
9.24082e-13
0
6.26554e-13
0
4.80341e-13
0
1.2402e-12
7.6364e-19
7.90346e-12
3.81715e-19
1.8424e-11
3.81809e-19
1.44069e-11
3.81693e-19
3.21968e-13
3.8181e-19
-1.06726e-11
-3.81678e-19
-1.48749e-11
3.81823e-19
-7.22786e-12
-3.81671e-19
2.90666e-12
3.8184e-19
1.13446e-12
-3.81663e-19
-3.93162e-12
0
-4.92193e-12
9.73148e-27
-3.39399e-12
3.81848e-19
-2.51822e-12
-1.59636e-26
-1.93459e-12
-3.74548e-26
-2.02415e-12
0
-1.84318e-12
-3.81862e-19
-1.83494e-12
-2.08397e-26
-1.56138e-12
3.66995e-26
-1.4941e-12
0
-1.28032e-12
3.81905e-19
-1.19881e-12
2.51858e-26
-1.00532e-12
-3.81905e-19
-8.59752e-13
-3.81459e-19
-6.83141e-13
0
-4.88918e-13
-7.62837e-19
-3.48796e-13
-2.9683e-26
-1.08367e-13
-3.81388e-19
-5.27945e-15
-3.81928e-19
2.79963e-13
0
3.38611e-13
7.63895e-19
6.64086e-13
3.81342e-19
6.74894e-13
1.9288e-26
1.03503e-12
-7.62584e-19
1.00214e-12
-3.81938e-19
1.39865e-12
3.81254e-19
1.32272e-12
-7.63882e-19
1.74161e-12
-3.81229e-19
1.6167e-12
-3.8195e-19
2.04493e-12
3.81212e-19
1.86952e-12
3.81963e-19
2.29996e-12
2.32461e-26
2.07365e-12
7.63949e-19
2.4912e-12
0
2.23968e-12
0
2.65291e-12
0
2.33727e-12
0
2.63894e-12
0
2.35224e-12
0
2.67772e-12
-1.52454e-18
2.37908e-12
0
2.58437e-12
0
2.29342e-12
-3.74595e-26
2.47874e-12
0
2.17619e-12
-7.63866e-19
2.32186e-12
0
2.01068e-12
-7.63841e-19
2.14763e-12
0
1.82019e-12
-7.63835e-19
1.91768e-12
-7.62283e-19
1.54406e-12
-7.63841e-19
1.34953e-12
7.62329e-19
3.75677e-13
-7.63846e-19
-2.91444e-13
7.62335e-19
2.09413e-12
7.63799e-19
7.31854e-12
7.62346e-19
7.9887e-12
0
1.3232e-12
2.02809e-25
-9.64872e-12
0
-1.28679e-11
0
1.86944e-13
0
1.78581e-11
1.25516e-25
2.0086e-11
0
1.04465e-11
0
-7.36456e-12
7.63727e-19
-3.11293e-11
7.62555e-19
-3.35377e-11
-1.73897e-26
-1.5348e-11
-7.62607e-19
1.33411e-11
-7.637e-19
4.92613e-11
0
5.05272e-11
0
1.99153e-11
-7.62749e-19
-1.97914e-11
-7.6372e-19
-6.84745e-11
1.52557e-18
-7.24175e-11
7.63683e-19
-9.73431e-13
7.62826e-19
8.15375e-11
0
8.68086e-11
6.72399e-25
1.73804e-12
-7.63673e-19
-9.56527e-11
0
-6.78802e-11
0
7.45001e-11
0
7.87275e-11
0
-8.16563e-11
-7.63046e-19
-1.34344e-10
0
-2.71386e-12
7.63094e-19
1.47547e-10
7.63669e-19
1.51778e-10
0
3.32098e-14
-2.33145e-24
-1.63083e-10
-7.6321e-19
-1.1843e-10
-7.63692e-19
1.01493e-10
1.25449e-24
1.68433e-10
0
6.52044e-11
0
-5.68114e-11
0
-1.91201e-10
0
-1.96874e-10
0
-7.33862e-11
-1.52674e-18
6.20023e-11
2.98088e-24
2.06743e-10
0
2.13849e-10
7.63703e-19
5.44196e-12
-3.33067e-24
-2.24206e-10
1.76736e-24
-2.41757e-10
-7.63458e-19
-6.27278e-12
-7.63706e-19
2.48161e-10
-7.63509e-19
2.52993e-10
7.63733e-19
-2.16264e-12
0
-2.60851e-10
0
-2.65559e-10
-7.63567e-19
-9.93189e-11
-2.09965e-24
9.04085e-11
0
2.9185e-10
-2.04221e-24
2.86562e-10
0
9.2386e-11
7.63767e-19
-1.01771e-10
4.22663e-24
-2.99709e-10
-1.52761e-18
-3.00966e-10
0
-1.09619e-10
2.21086e-24
9.62479e-11
-7.63645e-19
3.09336e-10
-2.27276e-24
3.09385e-10
0
1.04653e-10
0
-1.12044e-10
7.63688e-19
-3.34691e-10
-7.63797e-19
-3.36526e-10
-7.63699e-19
-4.11588e-12
7.63785e-19
3.39647e-10
0
3.4618e-10
-7.63799e-19
1.18712e-10
-7.63722e-19
-1.15181e-10
0
-3.54941e-10
-7.6376e-19
-3.65582e-10
7.6383e-19
-3.13659e-12
5.16057e-24
3.68056e-10
7.63809e-19
3.60599e-10
-7.63749e-19
1.15977e-10
-2.77396e-24
-1.28524e-10
-7.63787e-19
-3.81931e-10
-1.52767e-18
-3.86213e-10
1.52757e-18
-5.01033e-12
0
3.88896e-10
7.63781e-19
3.96672e-10
-8.85712e-26
1.3846e-10
-7.63827e-19
-1.30491e-10
-7.63884e-19
-4.01711e-10
-7.63838e-19
-4.07403e-10
0
-1.47647e-10
-7.63808e-19
1.27452e-10
7.63796e-19
4.12438e-10
0
4.23293e-10
-1.82783e-25
1.54227e-10
-7.63846e-19
-1.39547e-10
6.31561e-24
-4.45175e-10
7.63845e-19
-4.52217e-10
0
-1.68095e-10
-3.34282e-24
1.4328e-10
1.36525e-23
4.78068e-10
0
4.79185e-10
-7.63778e-19
1.54783e-10
0
-4.44341e-11
1.52729e-18
-8.42276e-11
-7.63901e-19
-4.63304e-11
1.52782e-18
-4.12796e-12
-7.63915e-19
-1.23873e-12
7.639e-19
-1.06712e-12
2.07984e-27
-4.27126e-13
-7.63564e-19
7.92944e-14
0
4.58782e-13
7.53456e-19
3.30503e-13
8.95498e-27
-3.65708e-13
8.2125e-19
-8.57082e-15
7.64957e-28
4.52785e-13
1.11167e-18
4.65371e-14
5.59804e-30
-3.88465e-15
3.50868e-16
0
0
0
0
0
0
0
0
0
0
0
0
0
0
0
0
0
0
0
0
0
0
0
0
0
0
0
0
0
0
0
0
0
0
0
0
0
0
0
0
0
0
0
0
0
0
0
0
0
0
0
0
0
-1.28395e-34
-2.77555e-19
0
-2.77506e-19
-5.56254e-19
2.9528e-29
0
-1.56629e-19
0
0
-1.62193e-19
0
-3.21986e-19
-1.6068e-19
-1.61207e-19
-3.23423e-19
-1.62436e-19
-1.63295e-19
0
-1.65036e-19
4.97624e-19
1.6669e-19
3.34892e-19
0
-3.37494e-19
-1.69292e-19
0
3.40337e-19
-3.4099e-19
-3.41541e-19
3.41988e-19
0
0
0
0
0
0
3.43312e-19
0
-3.43388e-19
0
0
0
-3.43417e-19
0
3.43394e-19
0
-3.43377e-19
3.43384e-19
3.43374e-19
-1.89919e-26
0
1.47482e-26
2.72564e-26
-1.1121e-26
0
3.43376e-19
1.86826e-26
-7.73929e-27
-1.51592e-26
3.43402e-19
-3.43333e-19
3.43423e-19
-3.43308e-19
3.4341e-19
3.43284e-19
-3.43411e-19
-3.43267e-19
3.43426e-19
-5.21979e-26
3.43445e-19
-3.43251e-19
-3.43464e-19
-3.43212e-19
3.43452e-19
6.86347e-19
-3.43454e-19
-3.43143e-19
-3.43467e-19
-1.02936e-18
-3.43488e-19
6.86202e-19
-3.43515e-19
2.74154e-26
6.87029e-19
3.43026e-19
3.43514e-19
3.42982e-19
3.43522e-19
-3.42948e-19
-3.43538e-19
3.42922e-19
-6.8712e-19
-3.42897e-19
4.19047e-26
-3.42842e-19
-1.03065e-18
3.42801e-19
3.43551e-19
0
0
3.42754e-19
-1.12737e-27
6.85491e-19
3.43588e-19
-3.42713e-19
0
6.85368e-19
-6.87111e-19
6.8534e-19
-6.87109e-19
-2.40717e-26
6.8712e-19
0
-4.15277e-26
0
0
0
4.82214e-26
6.85319e-19
-6.87048e-19
-2.05606e-18
0
-3.70254e-26
-6.87062e-19
-6.85409e-19
-1.53861e-25
-3.5349e-26
-4.00926e-27
-6.85457e-19
6.86966e-19
0
0
1.3745e-25
-6.86983e-19
0
0
6.85651e-19
-2.20703e-26
0
0
-3.68033e-25
6.86914e-19
0
-6.86929e-19
0
-6.86888e-19
0
6.86868e-19
-6.86009e-19
0
6.86089e-19
0
-6.86176e-19
0
6.86194e-19
0
0
1.25236e-24
-6.86312e-19
-6.86885e-19
0
-6.86906e-19
6.86399e-19
-1.52895e-25
6.86431e-19
6.8687e-19
1.6328e-24
-1.05332e-25
6.86549e-19
1.37384e-18
0
1.61326e-24
6.86615e-19
0
-6.86648e-19
-6.86926e-19
6.86705e-19
-6.86954e-19
-6.86757e-19
6.86997e-19
6.8677e-19
0
4.57631e-24
0
6.86816e-19
0
4.71082e-24
6.87031e-19
0
0
0
-2.45957e-24
1.91012e-26
0
-5.25423e-24
0
6.86909e-19
6.87005e-19
0
1.37407e-18
1.3739e-18
5.64058e-24
-6.86978e-19
-2.94386e-24
5.77345e-24
0
2.03699e-26
-3.02368e-24
0
-6.87082e-19
6.87008e-19
6.87045e-19
6.86996e-19
-6.87077e-19
0
0
6.87092e-19
0
6.87019e-19
6.86993e-19
0
6.87059e-19
-6.87107e-19
0
6.87104e-19
6.87062e-19
-3.70856e-24
6.86928e-19
0
-6.90125e-26
9.83398e-25
6.86881e-19
-6.87131e-19
-6.8717e-19
-1.73811e-26
0
-6.87178e-19
-6.86823e-19
0
-1.35124e-18
-1.26774e-18
-7.51682e-19
-1.08342e-18
-1.1125e-18
8.30769e-30
)
;

boundaryField
{
    inlet
    {
        type            calculated;
        value           uniform 0;
    }
    outlet
    {
        type            calculated;
        value           uniform 0;
    }
    sideWall
    {
        type            empty;
    }
    bed
    {
        type            calculated;
        value           nonuniform List<scalar> 
300
(
0
0
0
0
0
0
0
0
0
0
0
0
0
0
0
0
0
0
0
0
0
0
0
0
0
0
0
0
0
0
0
0
0
0
0
0
0
0
0
0
0
0
0
0
0
0
0
0
0
0
0
0
0
0
0
0
0
0
0
2.18329e-13
8.04577e-13
9.91341e-13
1.26717e-12
1.13334e-12
5.42057e-13
5.65041e-13
5.20749e-13
2.19993e-12
1.19636e-11
-1.1056e-10
-3.8541e-10
-5.32485e-10
-5.21817e-10
-5.02561e-10
-5.02132e-10
-5.09312e-10
-5.06667e-10
-4.91096e-10
-4.6603e-10
-4.38192e-10
-4.08918e-10
-3.75649e-10
-3.3918e-10
-3.02416e-10
-2.7088e-10
-2.48151e-10
-2.27748e-10
-2.02007e-10
-1.7291e-10
-1.49104e-10
-1.29967e-10
-1.1421e-10
-9.8916e-11
-8.58875e-11
-7.72476e-11
-6.89863e-11
-5.88177e-11
-4.64786e-11
-3.98258e-11
-2.91583e-11
-2.79139e-11
-2.94381e-11
-2.57449e-11
-2.01723e-11
-1.55404e-11
-1.42148e-11
-1.40739e-11
-1.27077e-11
-1.33579e-11
-1.06374e-11
-7.38619e-12
-3.54116e-12
-2.50159e-12
-9.80823e-13
-3.33349e-12
-3.2003e-11
-7.64197e-11
-5.76933e-11
4.48929e-13
4.32517e-11
5.92464e-11
2.81801e-11
-1.26414e-11
-4.04556e-12
1.62005e-11
1.95881e-11
1.32171e-11
9.9348e-12
7.5148e-12
8.06398e-12
7.23161e-12
7.30454e-12
6.11782e-12
5.93722e-12
5.02632e-12
4.76114e-12
3.95914e-12
3.40446e-12
2.7039e-12
1.92143e-12
1.40375e-12
3.99506e-13
6.73076e-14
-1.15417e-12
-1.27016e-12
-2.69116e-12
-2.57837e-12
-4.17423e-12
-3.85194e-12
-5.62862e-12
-5.10196e-12
-6.99955e-12
-6.24887e-12
-8.21156e-12
-7.23486e-12
-9.23104e-12
-8.03246e-12
-9.99075e-12
-8.68344e-12
-1.06399e-11
-9.07925e-12
-1.05595e-11
-9.14388e-12
-1.07163e-11
-9.27152e-12
-1.03218e-11
-8.94271e-12
-9.90158e-12
-8.48626e-12
-9.27651e-12
-7.83422e-12
-8.5898e-12
-7.08585e-12
-7.67943e-12
-6.03968e-12
-5.23196e-12
-1.07098e-12
1.34118e-12
-8.63624e-12
-3.02482e-11
-3.20885e-11
-4.90307e-12
3.94484e-11
5.29233e-11
-9.84785e-13
-7.43959e-11
-8.20224e-11
-4.077e-11
3.03028e-11
1.2674e-10
1.37415e-10
6.11252e-11
-5.47816e-11
-2.00231e-10
-2.06332e-10
-7.88477e-11
8.487e-11
2.79912e-10
2.886e-10
-1.64973e-13
-3.30202e-10
-3.52924e-10
1.21212e-12
3.99008e-10
2.60034e-10
-3.23961e-10
-3.02054e-10
3.56996e-10
5.33135e-10
-3.78245e-12
-5.97034e-10
-6.16109e-10
1.29048e-11
6.78309e-10
4.63743e-10
-4.39806e-10
-6.82789e-10
-2.47382e-10
2.32299e-10
7.72725e-10
8.01269e-10
2.89035e-10
-2.5488e-10
-8.33122e-10
-8.69698e-10
-2.68637e-12
9.33256e-10
9.566e-10
1.95458e-13
-1.00196e-09
-1.02589e-09
1.69353e-11
1.07718e-09
1.07267e-09
3.78841e-10
-3.701e-10
-1.17929e-09
-1.1646e-09
-3.61567e-10
4.14926e-10
1.20883e-09
1.22278e-09
4.31481e-10
-3.93849e-10
-1.24809e-09
-1.25746e-09
-4.1258e-10
4.74851e-10
1.36059e-09
1.33637e-09
-1.66418e-12
-1.36987e-09
-1.40345e-09
-4.6891e-10
4.92416e-10
1.44326e-09
1.45e-09
-7.28726e-12
-1.48484e-09
-1.46075e-09
-4.56468e-10
5.448e-10
1.55216e-09
1.5334e-09
-9.67623e-13
-1.56814e-09
-1.60645e-09
-5.47191e-10
5.33336e-10
1.61961e-09
1.65388e-09
5.82952e-10
-5.21421e-10
-1.66427e-09
-1.71969e-09
-6.09601e-10
5.70339e-10
1.79682e-09
1.8363e-09
6.65179e-10
-5.86086e-10
-1.93198e-09
-1.94689e-09
-6.14129e-10
1.80702e-10
3.06456e-10
1.55461e-10
8.61885e-12
6.61185e-12
4.04718e-12
1.65711e-12
-3.14869e-13
-1.88311e-12
-1.41624e-12
1.64575e-12
1.37709e-13
-1.74986e-12
0
0
0
)
;
    }
    topWall
    {
        type            calculated;
        value           uniform 0;
    }
}


// ************************************************************************* //
