/*--------------------------------*- C++ -*----------------------------------*\
| =========                 |                                                 |
| \\      /  F ield         | foam-extend: Open Source CFD                    |
|  \\    /   O peration     | Version:     3.2                                |
|   \\  /    A nd           | Web:         http://www.foam-extend.org         |
|    \\/     M anipulation  | For copyright notice see file Copyright         |
\*---------------------------------------------------------------------------*/
FoamFile
{
    version     2.0;
    format      ascii;
    class       areaScalarField;
    location    "2020";
    object      Te;
}
// * * * * * * * * * * * * * * * * * * * * * * * * * * * * * * * * * * * * * //

dimensions      [0 0 1 0 0 0 0];

internalField   nonuniform List<scalar> 
300
(
0
0
0
0
0
0
0
0
0
0
0
0
0
0
0
0
0
0
0
0
0
0
0
0
0
0
0
0
0
0
0
0
0
0
0
0
0
0
0
0
0
0
0
0
0
0
0
0
0
0
0
0
0
0
0
0
0
0
0
1246.64
1267.48
1269.64
1266.44
1260.12
1239.08
1241.24
524.8
6.52
2.72
0
0
0
0
0
0
0
0
0
0
0
0
0
0
0
0
0
0
0
0
0
0
0
0
0
0
0
0
0
0
0
0
0
0
0
0
0
0
0
0
0
0
0
0
0
0
0
0
0.12
0.08
0.04
0.04
0
0
6
4.92
4.12
3.36
3.28
3.08
3.04
2.68
2.48
2.12
2
1.68
1.52
1.24
1.04
0.8
0.56
0.4
0.08
0
0
0
0
0
0
0
0
0
0
0
0
0
0
0
0
0
0
0
0
0
0
0
0
0
0
0
0
0
0
0
0
0
0
0
0
0
0
0.08
0.04
0.04
0
0
0
0.08
0.08
0.04
0.04
0
0
0
0
0.08
0.08
0.04
0.04
0
0
0
0.08
0.08
0.04
0
0
0.08
0.04
0
0
0
0.08
0.08
0.04
0
0
0.12
0.08
0.04
0.04
0
0
0
0
0.08
0.08
0.04
0
0
0
0.08
0.08
0.04
0
0
0
0
0.08
0.08
0.04
0.04
0
0
0
0
0.08
0.08
0.04
0.04
0
0
0
0.08
0.08
0.04
0.04
0
0
0
0.08
0.08
0.04
0.04
0
0
0
0.08
0.08
0.04
0.04
0
0
0
0
0.08
0.08
0.04
0.04
0
0
0
0
0.08
0.08
0.04
0.04
0.04
17.56
17.08
1.76
0.56
0
0
0
0.64
0.04
0
0
0
0
)
;

boundaryField
{
    inlet
    {
        type            calculated;
        value           uniform 0;
    }
    outlet
    {
        type            calculated;
        value           uniform 0;
    }
    sideWall
    {
        type            empty;
    }
}


// ************************************************************************* //
