/*--------------------------------*- C++ -*----------------------------------*\
| =========                 |                                                 |
| \\      /  F ield         | foam-extend: Open Source CFD                    |
|  \\    /   O peration     | Version:     3.2                                |
|   \\  /    A nd           | Web:         http://www.foam-extend.org         |
|    \\/     M anipulation  | For copyright notice see file Copyright         |
\*---------------------------------------------------------------------------*/
FoamFile
{
    version     2.0;
    format      ascii;
    class       volScalarField;
    location    "2000";
    object      C;
}
// * * * * * * * * * * * * * * * * * * * * * * * * * * * * * * * * * * * * * //

dimensions      [1 -3 0 0 0 0 0];

internalField   nonuniform List<scalar> 
2400
(
0.20295
0.20295
0.20295
0.20295
0.20295
0.20295
0.20295
0.20295
0.20295
0.20295
0.20295
0.20295
0.20295
0.20295
0.20295
0.20295
0.20295
0.20295
0.20295
0.20295
0.20295
0.20295
0.20295
0.20295
0.20295
0.20295
0.20295
0.20295
0.20295
0.20295
0.20295
0.20295
0.20295
0.20295
0.20295
0.20295
0.20295
0.20295
0.20295
0.20295
0.20295
0.20295
0.20295
0.20295
0.20295
0.20295
0.20295
0.20295
0.20295
0.20295
0.20295
0.20295
0.20295
0.20295
0.20295
0.20295
0.20295
0.20295
0.20295
0.20295
0.20295
0.20295
0.20295
0.20295
0.20295
0.20295
0.20295
0.20295
0.20295
0.20295
0.202947
0.202944
0.202941
0.202939
0.202939
0.202939
0.202939
0.20294
0.202941
0.202941
0.202942
0.202943
0.202943
0.202944
0.202944
0.202945
0.202945
0.202945
0.202945
0.202946
0.202946
0.202946
0.202946
0.202947
0.202946
0.202946
0.202946
0.202947
0.202947
0.202947
0.202947
0.202947
0.202946
0.202947
0.202947
0.202947
0.202947
0.202947
0.202947
0.202947
0.202947
0.202947
0.202947
0.202947
0.202947
0.202947
0.202947
0.202947
0.202947
0.202947
0.202947
0.202947
0.202947
0.202947
0.202947
0.202947
0.202947
0.202947
0.202947
0.202947
0.202947
0.202946
0.202947
0.202946
0.202948
0.202946
0.202948
0.202945
0.202948
0.202945
0.202949
0.202945
0.202949
0.202944
0.20295
0.202943
0.202951
0.202942
0.202951
0.202941
0.202952
0.20294
0.202954
0.202939
0.202955
0.202937
0.202956
0.202936
0.202958
0.202935
0.202959
0.202933
0.20296
0.202932
0.202962
0.20293
0.202963
0.202928
0.202965
0.202927
0.202966
0.202926
0.202967
0.202925
0.202968
0.202924
0.202969
0.202923
0.20297
0.202923
0.20297
0.202922
0.202971
0.202922
0.202971
0.202922
0.202971
0.202922
0.202971
0.202923
0.20297
0.202923
0.20297
0.202924
0.20297
0.202925
0.202969
0.202926
0.202968
0.202927
0.202967
0.202928
0.202966
0.20293
0.202965
0.202932
0.202965
0.202933
0.202964
0.202935
0.202963
0.202937
0.202962
0.202938
0.202962
0.20294
0.202961
0.202942
0.202961
0.202944
0.20296
0.202945
0.20296
0.202947
0.202959
0.202948
0.202959
0.20295
0.202959
0.202951
0.202959
0.202952
0.202958
0.202953
0.202958
0.202953
0.202958
0.202954
0.202958
0.202955
0.202958
0.202956
0.202958
0.202956
0.202958
0.202957
0.202958
0.202957
0.202958
0.202957
0.202958
0.202957
0.202958
0.202957
0.202958
0.202958
0.202958
0.202958
0.202958
0.202958
0.202958
0.202958
0.202959
0.202958
0.202958
0.202958
0.202958
0.202958
0.202959
0.202959
0.202959
0.202959
0.202959
0.202959
0.202959
0.202959
0.20296
0.20296
0.20296
0.20296
0.20296
0.202961
0.202959
0.202963
0.202958
0.202966
0.202962
0.202961
0.20296
0.202959
0.202959
0.202959
0.202958
0.202958
0.202958
0.202958
0.202958
0.202958
0.202958
0.202958
0.20295
0.20295
0.20295
0.20295
0.20295
0.20295
0.20295
0.20295
0.20295
0.20295
0.20295
0.20295
0.20295
0.20295
0.20295
0.20295
0.20295
0.20295
0.20295
0.20295
0.20295
0.20295
0.20295
0.20295
0.20295
0.20295
0.20295
0.20295
0.20295
0.20295
0.20295
0.20295
0.20295
0.20295
0.20295
0.20295
0.20295
0.20295
0.20295
0.20295
0.20295
0.20295
0.20295
0.20295
0.20295
0.20295
0.20295
0.20295
0.20295
0.20295
0.20295
0.20295
0.20295
0.20295
0.20295
0.20295
0.20295
0.20295
0.20295
0.20295
0.20295
0.20295
0.20295
0.20295
0.20295
0.20295
0.20295
0.20295
0.20295
0.20295
0.202949
0.202948
0.202947
0.202946
0.202945
0.202945
0.202944
0.202944
0.202944
0.202944
0.202945
0.202945
0.202945
0.202945
0.202945
0.202946
0.202946
0.202946
0.202946
0.202946
0.202946
0.202946
0.202946
0.202947
0.202947
0.202947
0.202947
0.202947
0.202947
0.202947
0.202947
0.202947
0.202947
0.202947
0.202947
0.202947
0.202947
0.202947
0.202947
0.202947
0.202947
0.202947
0.202947
0.202947
0.202947
0.202947
0.202947
0.202947
0.202947
0.202947
0.202947
0.202947
0.202947
0.202947
0.202947
0.202947
0.202947
0.202947
0.202947
0.202947
0.202947
0.202947
0.202947
0.202947
0.202947
0.202947
0.202947
0.202947
0.202947
0.202947
0.202947
0.202947
0.202947
0.202946
0.202947
0.202946
0.202947
0.202946
0.202947
0.202946
0.202947
0.202946
0.202948
0.202946
0.202948
0.202946
0.202948
0.202945
0.202948
0.202945
0.202948
0.202945
0.202948
0.202945
0.202949
0.202945
0.202949
0.202944
0.202949
0.202944
0.202949
0.202944
0.202949
0.202944
0.202949
0.202944
0.202949
0.202944
0.202949
0.202944
0.202949
0.202944
0.202949
0.202944
0.20295
0.202944
0.20295
0.202944
0.20295
0.202944
0.20295
0.202944
0.20295
0.202944
0.20295
0.202944
0.202949
0.202944
0.202949
0.202945
0.202949
0.202945
0.202949
0.202945
0.202949
0.202945
0.202949
0.202946
0.20295
0.202946
0.20295
0.202947
0.20295
0.202947
0.20295
0.202948
0.20295
0.202948
0.202951
0.202949
0.202951
0.202949
0.202951
0.20295
0.202951
0.20295
0.202952
0.202951
0.202952
0.202951
0.202952
0.202952
0.202953
0.202952
0.202953
0.202952
0.202953
0.202953
0.202953
0.202953
0.202954
0.202954
0.202954
0.202954
0.202954
0.202954
0.202955
0.202954
0.202955
0.202955
0.202955
0.202955
0.202955
0.202955
0.202955
0.202955
0.202955
0.202955
0.202956
0.202956
0.202956
0.202956
0.202956
0.202956
0.202956
0.202956
0.202956
0.202956
0.202957
0.202957
0.202957
0.202957
0.202957
0.202957
0.202957
0.202957
0.202958
0.202958
0.202958
0.202958
0.202958
0.202958
0.202958
0.202959
0.202958
0.202959
0.202959
0.202959
0.202959
0.202959
0.202958
0.202958
0.202958
0.202958
0.202958
0.202958
0.202958
0.202958
0.202958
0.202958
0.20295
0.20295
0.20295
0.20295
0.20295
0.20295
0.20295
0.20295
0.20295
0.20295
0.20295
0.20295
0.20295
0.20295
0.20295
0.20295
0.20295
0.20295
0.20295
0.20295
0.20295
0.20295
0.20295
0.20295
0.20295
0.20295
0.20295
0.20295
0.20295
0.20295
0.20295
0.20295
0.20295
0.20295
0.20295
0.20295
0.20295
0.20295
0.20295
0.20295
0.20295
0.20295
0.20295
0.20295
0.20295
0.20295
0.20295
0.20295
0.20295
0.20295
0.20295
0.20295
0.20295
0.20295
0.20295
0.20295
0.20295
0.20295
0.20295
0.20295
0.20295
0.20295
0.20295
0.20295
0.20295
0.20295
0.20295
0.20295
0.20295
0.20295
0.20295
0.202949
0.202949
0.202948
0.202948
0.202947
0.202947
0.202946
0.202946
0.202946
0.202946
0.202946
0.202946
0.202946
0.202946
0.202946
0.202946
0.202946
0.202946
0.202946
0.202947
0.202947
0.202947
0.202947
0.202947
0.202947
0.202947
0.202947
0.202947
0.202947
0.202947
0.202947
0.202947
0.202947
0.202947
0.202947
0.202947
0.202947
0.202947
0.202947
0.202947
0.202947
0.202947
0.202947
0.202947
0.202947
0.202947
0.202947
0.202947
0.202947
0.202947
0.202947
0.202947
0.202947
0.202947
0.202947
0.202947
0.202947
0.202947
0.202947
0.202947
0.202947
0.202947
0.202947
0.202947
0.202947
0.202947
0.202947
0.202947
0.202947
0.202947
0.202947
0.202947
0.202947
0.202947
0.202947
0.202947
0.202947
0.202947
0.202947
0.202947
0.202947
0.202947
0.202947
0.202947
0.202947
0.202947
0.202946
0.202947
0.202946
0.202947
0.202946
0.202947
0.202946
0.202947
0.202946
0.202947
0.202946
0.202947
0.202946
0.202947
0.202946
0.202947
0.202946
0.202947
0.202946
0.202947
0.202946
0.202947
0.202946
0.202947
0.202946
0.202947
0.202946
0.202947
0.202946
0.202947
0.202946
0.202947
0.202946
0.202947
0.202946
0.202947
0.202946
0.202947
0.202946
0.202947
0.202946
0.202947
0.202946
0.202947
0.202946
0.202947
0.202947
0.202948
0.202947
0.202948
0.202947
0.202948
0.202947
0.202948
0.202947
0.202948
0.202948
0.202948
0.202948
0.202949
0.202948
0.202949
0.202949
0.202949
0.202949
0.202949
0.202949
0.20295
0.20295
0.20295
0.20295
0.20295
0.20295
0.202951
0.202951
0.202951
0.202951
0.202951
0.202951
0.202952
0.202952
0.202952
0.202952
0.202952
0.202952
0.202952
0.202953
0.202953
0.202953
0.202953
0.202953
0.202953
0.202953
0.202954
0.202954
0.202954
0.202954
0.202954
0.202954
0.202954
0.202954
0.202954
0.202955
0.202955
0.202955
0.202955
0.202955
0.202955
0.202955
0.202955
0.202956
0.202956
0.202956
0.202956
0.202956
0.202956
0.202956
0.202956
0.202956
0.202957
0.202957
0.202957
0.202957
0.202957
0.202957
0.202957
0.202958
0.202958
0.202958
0.202958
0.202958
0.202958
0.202958
0.202958
0.202958
0.202958
0.202958
0.202958
0.202958
0.202958
0.202958
0.202958
0.202958
0.20295
0.20295
0.20295
0.20295
0.20295
0.20295
0.20295
0.20295
0.20295
0.20295
0.20295
0.20295
0.20295
0.20295
0.20295
0.20295
0.20295
0.20295
0.20295
0.20295
0.20295
0.20295
0.20295
0.20295
0.20295
0.20295
0.20295
0.20295
0.20295
0.20295
0.20295
0.20295
0.20295
0.20295
0.20295
0.20295
0.20295
0.20295
0.20295
0.20295
0.20295
0.20295
0.20295
0.20295
0.20295
0.20295
0.20295
0.20295
0.20295
0.20295
0.20295
0.20295
0.20295
0.20295
0.20295
0.20295
0.20295
0.20295
0.20295
0.20295
0.20295
0.20295
0.20295
0.20295
0.20295
0.20295
0.20295
0.20295
0.20295
0.20295
0.20295
0.20295
0.202949
0.202949
0.202949
0.202948
0.202948
0.202948
0.202947
0.202947
0.202947
0.202947
0.202947
0.202947
0.202947
0.202947
0.202947
0.202947
0.202947
0.202947
0.202947
0.202947
0.202947
0.202947
0.202947
0.202947
0.202947
0.202947
0.202947
0.202947
0.202947
0.202947
0.202947
0.202947
0.202947
0.202947
0.202947
0.202947
0.202947
0.202947
0.202947
0.202947
0.202947
0.202947
0.202947
0.202947
0.202947
0.202947
0.202947
0.202947
0.202947
0.202947
0.202947
0.202947
0.202947
0.202947
0.202947
0.202947
0.202947
0.202947
0.202947
0.202947
0.202947
0.202947
0.202947
0.202947
0.202947
0.202947
0.202947
0.202947
0.202947
0.202947
0.202947
0.202947
0.202947
0.202947
0.202947
0.202947
0.202947
0.202947
0.202947
0.202947
0.202947
0.202947
0.202947
0.202947
0.202947
0.202947
0.202947
0.202947
0.202947
0.202947
0.202947
0.202947
0.202947
0.202947
0.202947
0.202947
0.202947
0.202947
0.202947
0.202947
0.202947
0.202947
0.202947
0.202947
0.202947
0.202947
0.202947
0.202947
0.202947
0.202947
0.202947
0.202947
0.202947
0.202947
0.202947
0.202947
0.202947
0.202947
0.202947
0.202947
0.202947
0.202947
0.202947
0.202947
0.202947
0.202947
0.202947
0.202947
0.202947
0.202947
0.202947
0.202947
0.202947
0.202947
0.202947
0.202947
0.202947
0.202947
0.202947
0.202947
0.202948
0.202948
0.202948
0.202948
0.202948
0.202948
0.202948
0.202948
0.202948
0.202948
0.202949
0.202949
0.202949
0.202949
0.202949
0.202949
0.20295
0.20295
0.20295
0.20295
0.20295
0.20295
0.20295
0.202951
0.202951
0.202951
0.202951
0.202951
0.202951
0.202951
0.202952
0.202952
0.202952
0.202952
0.202952
0.202952
0.202952
0.202952
0.202953
0.202953
0.202953
0.202954
0.202954
0.202953
0.202953
0.202953
0.202954
0.202954
0.202954
0.202955
0.202955
0.202954
0.202954
0.202954
0.202955
0.202955
0.202955
0.202955
0.202955
0.202955
0.202955
0.202955
0.202955
0.202956
0.202956
0.202956
0.202956
0.202956
0.202956
0.202956
0.202956
0.202957
0.202957
0.202957
0.202957
0.202957
0.202958
0.202958
0.202958
0.202958
0.202958
0.202958
0.202958
0.202958
0.202958
0.202958
0.202957
0.202957
0.20295
0.20295
0.20295
0.20295
0.20295
0.20295
0.20295
0.20295
0.20295
0.20295
0.20295
0.20295
0.20295
0.20295
0.20295
0.20295
0.20295
0.20295
0.20295
0.20295
0.20295
0.20295
0.20295
0.20295
0.20295
0.20295
0.20295
0.20295
0.20295
0.20295
0.20295
0.20295
0.20295
0.20295
0.20295
0.20295
0.20295
0.20295
0.20295
0.20295
0.20295
0.20295
0.20295
0.20295
0.20295
0.20295
0.20295
0.20295
0.20295
0.20295
0.20295
0.20295
0.20295
0.20295
0.20295
0.20295
0.20295
0.20295
0.20295
0.20295
0.20295
0.20295
0.20295
0.20295
0.20295
0.20295
0.20295
0.20295
0.20295
0.20295
0.20295
0.20295
0.20295
0.202949
0.202949
0.202949
0.202949
0.202948
0.202948
0.202948
0.202948
0.202948
0.202947
0.202947
0.202947
0.202947
0.202947
0.202947
0.202947
0.202947
0.202947
0.202947
0.202947
0.202947
0.202947
0.202947
0.202947
0.202947
0.202947
0.202947
0.202947
0.202947
0.202947
0.202947
0.202947
0.202947
0.202947
0.202947
0.202947
0.202947
0.202947
0.202947
0.202947
0.202947
0.202947
0.202947
0.202947
0.202947
0.202947
0.202947
0.202947
0.202947
0.202947
0.202947
0.202947
0.202947
0.202947
0.202947
0.202947
0.202947
0.202947
0.202947
0.202947
0.202947
0.202947
0.202947
0.202947
0.202947
0.202947
0.202947
0.202947
0.202947
0.202947
0.202947
0.202947
0.202947
0.202947
0.202947
0.202947
0.202947
0.202947
0.202947
0.202947
0.202947
0.202947
0.202947
0.202947
0.202947
0.202947
0.202947
0.202947
0.202947
0.202947
0.202947
0.202947
0.202947
0.202947
0.202947
0.202947
0.202947
0.202947
0.202947
0.202947
0.202947
0.202947
0.202947
0.202947
0.202947
0.202947
0.202947
0.202947
0.202947
0.202947
0.202947
0.202947
0.202947
0.202947
0.202947
0.202947
0.202947
0.202947
0.202947
0.202947
0.202947
0.202947
0.202947
0.202947
0.202947
0.202947
0.202947
0.202947
0.202947
0.202947
0.202947
0.202947
0.202947
0.202947
0.202947
0.202947
0.202947
0.202947
0.202947
0.202947
0.202947
0.202947
0.202947
0.202948
0.202948
0.202948
0.202948
0.202948
0.202948
0.202948
0.202948
0.202948
0.202948
0.202949
0.202949
0.202949
0.202949
0.202949
0.202949
0.202949
0.202949
0.20295
0.20295
0.20295
0.202951
0.202951
0.202951
0.202951
0.202951
0.202951
0.202951
0.202952
0.202952
0.202952
0.202952
0.202952
0.202952
0.202952
0.202953
0.202953
0.202953
0.202953
0.202953
0.202953
0.202953
0.202953
0.202954
0.202954
0.202954
0.202954
0.202954
0.202954
0.202954
0.202954
0.202955
0.202955
0.202955
0.202955
0.202955
0.202955
0.202955
0.202955
0.202956
0.202956
0.202956
0.202956
0.202956
0.202955
0.202955
0.202956
0.202957
0.202957
0.202957
0.202957
0.202957
0.202957
0.202957
0.202957
0.202957
0.202957
0.202957
0.202957
0.202957
0.202957
0.202957
0.202957
0.202957
0.20295
0.20295
0.20295
0.20295
0.20295
0.20295
0.20295
0.20295
0.20295
0.20295
0.20295
0.20295
0.20295
0.20295
0.20295
0.20295
0.20295
0.20295
0.20295
0.20295
0.20295
0.20295
0.20295
0.20295
0.20295
0.20295
0.20295
0.20295
0.20295
0.20295
0.20295
0.20295
0.20295
0.20295
0.20295
0.20295
0.20295
0.20295
0.20295
0.20295
0.20295
0.20295
0.20295
0.20295
0.20295
0.20295
0.20295
0.20295
0.20295
0.20295
0.20295
0.20295
0.20295
0.20295
0.20295
0.20295
0.20295
0.20295
0.20295
0.20295
0.20295
0.20295
0.20295
0.20295
0.20295
0.20295
0.20295
0.20295
0.20295
0.20295
0.20295
0.20295
0.20295
0.20295
0.20295
0.202949
0.202949
0.202949
0.202949
0.202948
0.202948
0.202948
0.202948
0.202948
0.202948
0.202947
0.202947
0.202947
0.202947
0.202947
0.202947
0.202947
0.202947
0.202947
0.202947
0.202947
0.202947
0.202947
0.202947
0.202947
0.202947
0.202947
0.202947
0.202947
0.202947
0.202947
0.202947
0.202947
0.202947
0.202947
0.202947
0.202947
0.202947
0.202947
0.202947
0.202947
0.202947
0.202947
0.202947
0.202947
0.202947
0.202947
0.202947
0.202947
0.202947
0.202947
0.202947
0.202947
0.202947
0.202947
0.202947
0.202947
0.202947
0.202947
0.202947
0.202947
0.202947
0.202947
0.202947
0.202947
0.202947
0.202947
0.202947
0.202947
0.202947
0.202947
0.202947
0.202947
0.202947
0.202947
0.202947
0.202947
0.202947
0.202947
0.202947
0.202947
0.202947
0.202947
0.202947
0.202947
0.202947
0.202947
0.202947
0.202947
0.202947
0.202947
0.202947
0.202947
0.202947
0.202947
0.202947
0.202947
0.202947
0.202947
0.202947
0.202947
0.202947
0.202947
0.202947
0.202947
0.202947
0.202947
0.202947
0.202947
0.202947
0.202947
0.202947
0.202947
0.202947
0.202947
0.202947
0.202947
0.202947
0.202947
0.202947
0.202947
0.202947
0.202947
0.202947
0.202947
0.202947
0.202947
0.202947
0.202947
0.202947
0.202947
0.202947
0.202947
0.202947
0.202947
0.202947
0.202947
0.202947
0.202947
0.202947
0.202947
0.202947
0.202947
0.202947
0.202948
0.202948
0.202948
0.202948
0.202948
0.202948
0.202948
0.202948
0.202949
0.202949
0.202949
0.202949
0.202949
0.202949
0.202949
0.202949
0.20295
0.20295
0.20295
0.20295
0.20295
0.20295
0.20295
0.20295
0.202951
0.202951
0.202952
0.202952
0.202951
0.202951
0.202951
0.202952
0.202952
0.202953
0.202953
0.202953
0.202953
0.202952
0.202952
0.202953
0.202953
0.202954
0.202954
0.202954
0.202954
0.202953
0.202953
0.202954
0.202954
0.202955
0.202955
0.202955
0.202954
0.202954
0.202954
0.202955
0.202955
0.202956
0.202956
0.202956
0.202955
0.202955
0.202955
0.202955
0.202956
0.202957
0.202957
0.202957
0.202957
0.202957
0.202957
0.202957
0.202957
0.202957
0.202957
0.202957
0.202957
0.202957
0.202957
0.202957
0.202957
0.20295
0.20295
0.20295
0.20295
0.20295
0.20295
0.20295
0.20295
0.20295
0.20295
0.20295
0.20295
0.20295
0.20295
0.20295
0.20295
0.20295
0.20295
0.20295
0.20295
0.20295
0.20295
0.20295
0.20295
0.20295
0.20295
0.20295
0.20295
0.20295
0.20295
0.20295
0.20295
0.20295
0.20295
0.20295
0.20295
0.20295
0.20295
0.20295
0.20295
0.20295
0.20295
0.20295
0.20295
0.20295
0.20295
0.20295
0.20295
0.20295
0.20295
0.20295
0.20295
0.20295
0.20295
0.20295
0.20295
0.20295
0.20295
0.20295
0.20295
0.20295
0.20295
0.20295
0.20295
0.20295
0.20295
0.20295
0.20295
0.20295
0.20295
0.20295
0.20295
0.20295
0.20295
0.20295
0.20295
0.202949
0.202949
0.202949
0.202949
0.202948
0.202948
0.202948
0.202948
0.202948
0.202948
0.202947
0.202947
0.202947
0.202947
0.202947
0.202947
0.202947
0.202947
0.202947
0.202947
0.202947
0.202947
0.202947
0.202947
0.202947
0.202947
0.202947
0.202947
0.202947
0.202947
0.202947
0.202947
0.202947
0.202947
0.202947
0.202947
0.202947
0.202947
0.202947
0.202947
0.202947
0.202947
0.202947
0.202947
0.202947
0.202947
0.202947
0.202947
0.202947
0.202947
0.202947
0.202947
0.202947
0.202947
0.202947
0.202947
0.202947
0.202947
0.202947
0.202947
0.202947
0.202947
0.202947
0.202947
0.202947
0.202947
0.202947
0.202947
0.202947
0.202947
0.202947
0.202947
0.202947
0.202947
0.202947
0.202947
0.202947
0.202947
0.202947
0.202947
0.202947
0.202947
0.202947
0.202947
0.202947
0.202947
0.202947
0.202947
0.202947
0.202947
0.202947
0.202947
0.202947
0.202947
0.202947
0.202947
0.202947
0.202947
0.202947
0.202947
0.202947
0.202947
0.202947
0.202947
0.202947
0.202947
0.202947
0.202947
0.202947
0.202947
0.202947
0.202947
0.202947
0.202947
0.202947
0.202947
0.202947
0.202947
0.202947
0.202947
0.202947
0.202947
0.202947
0.202947
0.202947
0.202947
0.202947
0.202947
0.202947
0.202947
0.202947
0.202947
0.202947
0.202947
0.202947
0.202947
0.202947
0.202947
0.202947
0.202947
0.202947
0.202947
0.202947
0.202948
0.202948
0.202948
0.202948
0.202948
0.202948
0.202948
0.202948
0.202948
0.202949
0.202949
0.202949
0.202949
0.202949
0.202949
0.202949
0.20295
0.20295
0.20295
0.20295
0.20295
0.20295
0.20295
0.20295
0.202951
0.202951
0.202952
0.202952
0.202951
0.202951
0.202951
0.202951
0.202952
0.202953
0.202953
0.202953
0.202952
0.202952
0.202952
0.202952
0.202953
0.202954
0.202954
0.202954
0.202953
0.202953
0.202953
0.202953
0.202954
0.202955
0.202955
0.202955
0.202954
0.202954
0.202954
0.202954
0.202955
0.202956
0.202956
0.202956
0.202955
0.202955
0.202954
0.202955
0.202956
0.202957
0.202957
0.202957
0.202956
0.202957
0.202957
0.202957
0.202957
0.202957
0.202957
0.202957
0.202957
0.202957
0.202957
0.202957
0.202957
0.20295
0.20295
0.20295
0.20295
0.20295
0.20295
0.20295
0.20295
0.20295
0.20295
0.20295
0.20295
0.20295
0.20295
0.20295
0.20295
0.20295
0.20295
0.20295
0.20295
0.20295
0.20295
0.20295
0.20295
0.20295
0.20295
0.20295
0.20295
0.20295
0.20295
0.20295
0.20295
0.20295
0.20295
0.20295
0.20295
0.20295
0.20295
0.20295
0.20295
0.20295
0.20295
0.20295
0.20295
0.20295
0.20295
0.20295
0.20295
0.20295
0.20295
0.20295
0.20295
0.20295
0.20295
0.20295
0.20295
0.20295
0.20295
0.20295
0.20295
0.20295
0.20295
0.20295
0.20295
0.20295
0.20295
0.20295
0.20295
0.20295
0.20295
0.20295
0.20295
0.20295
0.20295
0.20295
0.20295
0.202949
0.202949
0.202949
0.202949
0.202949
0.202948
0.202948
0.202948
0.202948
0.202948
0.202948
0.202947
0.202947
0.202947
0.202947
0.202947
0.202947
0.202947
0.202947
0.202947
0.202947
0.202947
0.202947
0.202947
0.202947
0.202947
0.202947
0.202947
0.202947
0.202947
0.202947
0.202947
0.202947
0.202947
0.202947
0.202947
0.202947
0.202947
0.202947
0.202947
0.202947
0.202947
0.202947
0.202947
0.202947
0.202947
0.202947
0.202947
0.202947
0.202947
0.202947
0.202947
0.202947
0.202947
0.202947
0.202947
0.202947
0.202947
0.202947
0.202947
0.202947
0.202947
0.202947
0.202947
0.202947
0.202947
0.202947
0.202947
0.202947
0.202947
0.202947
0.202947
0.202947
0.202947
0.202947
0.202947
0.202947
0.202947
0.202947
0.202947
0.202947
0.202947
0.202947
0.202947
0.202947
0.202947
0.202947
0.202947
0.202947
0.202947
0.202947
0.202947
0.202947
0.202947
0.202947
0.202947
0.202947
0.202947
0.202947
0.202947
0.202947
0.202947
0.202947
0.202947
0.202947
0.202947
0.202947
0.202947
0.202947
0.202947
0.202947
0.202947
0.202947
0.202947
0.202947
0.202947
0.202947
0.202947
0.202947
0.202947
0.202947
0.202947
0.202947
0.202947
0.202947
0.202947
0.202947
0.202947
0.202947
0.202947
0.202947
0.202947
0.202947
0.202947
0.202947
0.202947
0.202947
0.202947
0.202947
0.202947
0.202947
0.202947
0.202947
0.202948
0.202948
0.202948
0.202948
0.202948
0.202948
0.202948
0.202948
0.202948
0.202949
0.202949
0.202949
0.202949
0.202949
0.202949
0.202949
0.202949
0.20295
0.20295
0.20295
0.20295
0.20295
0.20295
0.20295
0.202951
0.202951
0.202952
0.202952
0.202951
0.202951
0.202951
0.202951
0.202952
0.202953
0.202953
0.202953
0.202952
0.202952
0.202952
0.202952
0.202953
0.202954
0.202954
0.202954
0.202953
0.202953
0.202953
0.202953
0.202954
0.202955
0.202955
0.202955
0.202954
0.202954
0.202953
0.202954
0.202955
0.202956
0.202957
0.202956
0.202955
0.202954
0.202954
0.202955
0.202956
0.202957
0.202957
0.202957
0.202956
0.202957
0.202957
0.202957
0.202957
0.202957
0.202957
0.202957
0.202957
0.202957
0.202957
0.202957
0.202957
)
;

boundaryField
{
    inlet
    {
        type            calculated;
        value           uniform 0.20295;
    }
    outlet
    {
        type            calculated;
        value           nonuniform List<scalar> 8(0.202958 0.202958 0.202958 0.202957 0.202957 0.202957 0.202957 0.202957);
    }
    sideWall
    {
        type            empty;
    }
    bed
    {
        type            calculated;
        value           nonuniform List<scalar> 
300
(
0.20295
0.20295
0.20295
0.20295
0.20295
0.20295
0.20295
0.20295
0.20295
0.20295
0.20295
0.20295
0.20295
0.20295
0.20295
0.20295
0.20295
0.20295
0.20295
0.20295
0.20295
0.20295
0.20295
0.20295
0.20295
0.20295
0.20295
0.20295
0.20295
0.20295
0.20295
0.20295
0.20295
0.20295
0.20295
0.20295
0.20295
0.20295
0.20295
0.20295
0.20295
0.20295
0.20295
0.20295
0.20295
0.20295
0.20295
0.20295
0.20295
0.20295
0.20295
0.20295
0.20295
0.20295
0.20295
0.20295
0.20295
0.20295
0.20295
0.20295
0.20295
0.20295
0.20295
0.20295
0.20295
0.20295
0.20295
0.20295
0.20295
0.20295
0.202947
0.202945
0.202942
0.20294
0.20294
0.20294
0.20294
0.20294
0.202941
0.202942
0.202942
0.202943
0.202943
0.202944
0.202945
0.202945
0.202945
0.202945
0.202946
0.202946
0.202946
0.202946
0.202946
0.202947
0.202946
0.202946
0.202946
0.202947
0.202947
0.202947
0.202947
0.202947
0.202946
0.202947
0.202947
0.202947
0.202947
0.202947
0.202947
0.202947
0.202947
0.202947
0.202947
0.202947
0.202947
0.202947
0.202947
0.202947
0.202947
0.202947
0.202947
0.202947
0.202947
0.202947
0.202947
0.202947
0.202947
0.202947
0.202947
0.202947
0.202947
0.202947
0.202947
0.202946
0.202948
0.202946
0.202948
0.202946
0.202948
0.202946
0.202948
0.202945
0.202949
0.202945
0.202949
0.202944
0.20295
0.202944
0.20295
0.202943
0.202951
0.202942
0.202952
0.202941
0.202953
0.20294
0.202953
0.202939
0.202955
0.202938
0.202955
0.202937
0.202957
0.202936
0.202958
0.202934
0.202959
0.202933
0.20296
0.202932
0.202961
0.202931
0.202961
0.202931
0.202962
0.20293
0.202963
0.202929
0.202963
0.202929
0.202964
0.202929
0.202964
0.202929
0.202964
0.202929
0.202964
0.202929
0.202964
0.202929
0.202964
0.202929
0.202964
0.20293
0.202963
0.202931
0.202963
0.202932
0.202962
0.202932
0.202962
0.202934
0.202961
0.202935
0.20296
0.202936
0.20296
0.202938
0.20296
0.202939
0.202959
0.20294
0.202959
0.202942
0.202958
0.202943
0.202958
0.202944
0.202958
0.202946
0.202958
0.202947
0.202957
0.202948
0.202957
0.202949
0.202957
0.202951
0.202957
0.202951
0.202957
0.202952
0.202957
0.202953
0.202957
0.202954
0.202957
0.202955
0.202957
0.202955
0.202957
0.202956
0.202957
0.202956
0.202957
0.202957
0.202957
0.202957
0.202958
0.202957
0.202958
0.202957
0.202958
0.202957
0.202958
0.202958
0.202958
0.202957
0.202958
0.202958
0.202958
0.202958
0.202958
0.202958
0.202958
0.202958
0.202958
0.202958
0.202959
0.202959
0.202959
0.202959
0.202959
0.202959
0.202959
0.202959
0.20296
0.202959
0.20296
0.20296
0.202959
0.20296
0.202959
0.202962
0.202958
0.202965
0.202962
0.202961
0.20296
0.202959
0.202959
0.202959
0.202958
0.202958
0.202958
0.202958
0.202958
0.202958
0.202958
0.202958
)
;
    }
    topWall
    {
        type            calculated;
        value           nonuniform List<scalar> 
300
(
0.20295
0.20295
0.20295
0.20295
0.20295
0.20295
0.20295
0.20295
0.20295
0.20295
0.20295
0.20295
0.20295
0.20295
0.20295
0.20295
0.20295
0.20295
0.20295
0.20295
0.20295
0.20295
0.20295
0.20295
0.20295
0.20295
0.20295
0.20295
0.20295
0.20295
0.20295
0.20295
0.20295
0.20295
0.20295
0.20295
0.20295
0.20295
0.20295
0.20295
0.20295
0.20295
0.20295
0.20295
0.20295
0.20295
0.20295
0.20295
0.20295
0.20295
0.20295
0.20295
0.20295
0.20295
0.20295
0.20295
0.20295
0.20295
0.20295
0.20295
0.20295
0.20295
0.20295
0.20295
0.20295
0.20295
0.20295
0.20295
0.20295
0.20295
0.20295
0.20295
0.20295
0.20295
0.20295
0.20295
0.202949
0.202949
0.202949
0.202949
0.202949
0.202948
0.202948
0.202948
0.202948
0.202948
0.202948
0.202947
0.202947
0.202947
0.202947
0.202947
0.202947
0.202947
0.202947
0.202947
0.202947
0.202947
0.202947
0.202947
0.202947
0.202947
0.202947
0.202947
0.202947
0.202947
0.202947
0.202947
0.202947
0.202947
0.202947
0.202947
0.202947
0.202947
0.202947
0.202947
0.202947
0.202947
0.202947
0.202947
0.202947
0.202947
0.202947
0.202947
0.202947
0.202947
0.202947
0.202947
0.202947
0.202947
0.202947
0.202947
0.202947
0.202947
0.202947
0.202947
0.202947
0.202947
0.202947
0.202947
0.202947
0.202947
0.202947
0.202947
0.202947
0.202947
0.202947
0.202947
0.202947
0.202947
0.202947
0.202947
0.202947
0.202947
0.202947
0.202947
0.202947
0.202947
0.202947
0.202947
0.202947
0.202947
0.202947
0.202947
0.202947
0.202947
0.202947
0.202947
0.202947
0.202947
0.202947
0.202947
0.202947
0.202947
0.202947
0.202947
0.202947
0.202947
0.202947
0.202947
0.202947
0.202947
0.202947
0.202947
0.202947
0.202947
0.202947
0.202947
0.202947
0.202947
0.202947
0.202947
0.202947
0.202947
0.202947
0.202947
0.202947
0.202947
0.202947
0.202947
0.202947
0.202947
0.202947
0.202947
0.202947
0.202947
0.202947
0.202947
0.202947
0.202947
0.202947
0.202947
0.202947
0.202947
0.202947
0.202947
0.202947
0.202947
0.202947
0.202948
0.202948
0.202948
0.202948
0.202948
0.202948
0.202948
0.202948
0.202948
0.202949
0.202949
0.202949
0.202949
0.202949
0.202949
0.202949
0.202949
0.20295
0.20295
0.20295
0.20295
0.20295
0.20295
0.20295
0.202951
0.202951
0.202952
0.202952
0.202951
0.202951
0.202951
0.202951
0.202952
0.202953
0.202953
0.202953
0.202952
0.202952
0.202952
0.202952
0.202953
0.202954
0.202954
0.202954
0.202953
0.202953
0.202953
0.202953
0.202954
0.202955
0.202955
0.202955
0.202954
0.202954
0.202953
0.202954
0.202955
0.202956
0.202957
0.202956
0.202955
0.202954
0.202954
0.202955
0.202956
0.202957
0.202957
0.202957
0.202956
0.202957
0.202957
0.202957
0.202957
0.202957
0.202957
0.202957
0.202957
0.202957
0.202957
0.202957
0.202957
)
;
    }
}


// ************************************************************************* //
