/*--------------------------------*- C++ -*----------------------------------*\
| =========                 |                                                 |
| \\      /  F ield         | foam-extend: Open Source CFD                    |
|  \\    /   O peration     | Version:     3.2                                |
|   \\  /    A nd           | Web:         http://www.foam-extend.org         |
|    \\/     M anipulation  | For copyright notice see file Copyright         |
\*---------------------------------------------------------------------------*/
FoamFile
{
    version     2.0;
    format      ascii;
    class       areaScalarField;
    location    "2000";
    object      Cpre;
}
// * * * * * * * * * * * * * * * * * * * * * * * * * * * * * * * * * * * * * //

dimensions      [1 -3 0 0 0 0 0];

internalField   nonuniform List<scalar> 
300
(
0.20295
0.20295
0.20295
0.20295
0.20295
0.20295
0.20295
0.20295
0.20295
0.20295
0.20295
0.20295
0.20295
0.20295
0.20295
0.20295
0.20295
0.20295
0.20295
0.20295
0.20295
0.20295
0.20295
0.20295
0.20295
0.20295
0.20295
0.20295
0.20295
0.20295
0.20295
0.20295
0.20295
0.20295
0.20295
0.20295
0.20295
0.20295
0.20295
0.20295
0.20295
0.20295
0.20295
0.20295
0.20295
0.20295
0.20295
0.20295
0.20295
0.20295
0.20295
0.20295
0.20295
0.20295
0.20295
0.20295
0.20295
0.20295
0.20295
0.20295
0.20295
0.20295
0.20295
0.20295
0.20295
0.20295
0.20295
0.20295
0.20295
0.20295
0.202947
0.202945
0.202942
0.20294
0.20294
0.20294
0.20294
0.20294
0.202941
0.202942
0.202942
0.202943
0.202943
0.202944
0.202945
0.202945
0.202945
0.202945
0.202946
0.202946
0.202946
0.202946
0.202946
0.202947
0.202946
0.202946
0.202946
0.202947
0.202947
0.202947
0.202947
0.202947
0.202946
0.202947
0.202947
0.202947
0.202947
0.202947
0.202947
0.202947
0.202947
0.202947
0.202947
0.202947
0.202947
0.202947
0.202947
0.202947
0.202947
0.202947
0.202947
0.202947
0.202947
0.202947
0.202947
0.202947
0.202947
0.202947
0.202947
0.202947
0.202947
0.202947
0.202947
0.202946
0.202948
0.202946
0.202948
0.202946
0.202948
0.202946
0.202948
0.202945
0.202949
0.202945
0.202949
0.202944
0.20295
0.202944
0.20295
0.202943
0.202951
0.202942
0.202952
0.202941
0.202953
0.20294
0.202953
0.202939
0.202955
0.202938
0.202955
0.202937
0.202957
0.202936
0.202958
0.202934
0.202959
0.202933
0.20296
0.202932
0.202961
0.202931
0.202961
0.202931
0.202962
0.20293
0.202963
0.202929
0.202963
0.202929
0.202964
0.202929
0.202964
0.202929
0.202964
0.202929
0.202964
0.202929
0.202964
0.202929
0.202964
0.202929
0.202964
0.20293
0.202963
0.202931
0.202963
0.202932
0.202962
0.202932
0.202962
0.202934
0.202961
0.202935
0.20296
0.202936
0.20296
0.202938
0.20296
0.202939
0.202959
0.20294
0.202959
0.202942
0.202958
0.202943
0.202958
0.202944
0.202958
0.202946
0.202958
0.202947
0.202957
0.202948
0.202957
0.202949
0.202957
0.202951
0.202957
0.202951
0.202957
0.202952
0.202957
0.202953
0.202957
0.202954
0.202957
0.202955
0.202957
0.202955
0.202957
0.202956
0.202957
0.202956
0.202957
0.202957
0.202957
0.202957
0.202958
0.202957
0.202958
0.202957
0.202958
0.202957
0.202958
0.202958
0.202958
0.202957
0.202958
0.202958
0.202958
0.202958
0.202958
0.202958
0.202958
0.202958
0.202958
0.202958
0.202959
0.202959
0.202959
0.202959
0.202959
0.202959
0.202959
0.202959
0.20296
0.202959
0.20296
0.20296
0.202959
0.20296
0.202959
0.202962
0.202958
0.202965
0.202962
0.202961
0.20296
0.202959
0.202959
0.202959
0.202958
0.202958
0.202958
0.202958
0.202958
0.202958
0.202958
0.202958
)
;

boundaryField
{
    inlet
    {
        type            calculated;
        value           uniform 0;
    }
    outlet
    {
        type            calculated;
        value           uniform 0;
    }
    sideWall
    {
        type            empty;
    }
}


// ************************************************************************* //
