/*--------------------------------*- C++ -*----------------------------------*\
| =========                 |                                                 |
| \\      /  F ield         | foam-extend: Open Source CFD                    |
|  \\    /   O peration     | Version:     3.2                                |
|   \\  /    A nd           | Web:         http://www.foam-extend.org         |
|    \\/     M anipulation  | For copyright notice see file Copyright         |
\*---------------------------------------------------------------------------*/
FoamFile
{
    version     2.0;
    format      ascii;
    class       volVectorField;
    location    "2000";
    object      meshCentreN;
}
// * * * * * * * * * * * * * * * * * * * * * * * * * * * * * * * * * * * * * //

dimensions      [0 1 0 0 0 0 0];

internalField   nonuniform List<vector> 
2400
(
(0.025 0.01 0.00175)
(0.075 0.01 0.0015)
(0.125 0.01 0.00125)
(0.175 0.01 0.001)
(0.225 0.01 0.00075)
(0.275 0.01 0.0005)
(0.325 0.01 0.00025)
(0.375 0.01 -1.98179e-20)
(0.425 0.01 -0.00025)
(0.475 0.01 -0.0005)
(0.525 0.01 -0.00075)
(0.575 0.01 -0.001)
(0.625 0.01 -0.00125)
(0.675 0.01 -0.0015)
(0.725 0.01 -0.00175)
(0.775 0.01 -0.002)
(0.825 0.01 -0.00225)
(0.875 0.01 -0.0025)
(0.925 0.01 -0.00275)
(0.975 0.01 -0.003)
(1.025 0.01 -0.00325)
(1.075 0.01 -0.0035)
(1.125 0.01 -0.00375)
(1.175 0.01 -0.004)
(1.225 0.01 -0.00425)
(1.275 0.01 -0.0045)
(1.325 0.01 -0.00475)
(1.375 0.01 -0.005)
(1.425 0.01 -0.00525)
(1.475 0.01 -0.0055)
(1.525 0.01 -0.00575)
(1.575 0.01 -0.006)
(1.625 0.01 -0.00625)
(1.675 0.01 -0.0065)
(1.725 0.01 -0.00675)
(1.775 0.01 -0.007)
(1.825 0.01 -0.00725)
(1.875 0.01 -0.0075)
(1.925 0.01 -0.00775)
(1.975 0.01 -0.008)
(2.025 0.01 -0.00825)
(2.075 0.01 -0.0085)
(2.125 0.01 -0.00875)
(2.175 0.01 -0.009)
(2.225 0.01 -0.00925)
(2.275 0.01 -0.0095)
(2.325 0.01 -0.00975)
(2.375 0.01 -0.01)
(2.425 0.01 -0.01025)
(2.475 0.01 -0.0105)
(2.525 0.01 -0.01075)
(2.575 0.01 -0.011)
(2.625 0.01 -0.01125)
(2.675 0.01 -0.0115)
(2.725 0.01 -0.01175)
(2.775 0.01 -0.012)
(2.825 0.01 -0.01225)
(2.875 0.01 -0.0125002)
(2.92501 0.01 -0.012748)
(2.97498 0.01 -0.0123437)
(3.02499 0.01 -0.011548)
(3.07501 0.01 -0.0116425)
(3.12499 0.01 -0.0121083)
(3.175 0.01 -0.0123365)
(3.225 0.01 -0.0125965)
(3.275 0.01 -0.0128749)
(3.325 0.01 -0.0131615)
(3.375 0.01 -0.0134446)
(3.425 0.01 -0.0137218)
(3.475 0.01 -0.013994)
(3.525 0.01 -0.0142626)
(3.575 0.01 -0.0145285)
(3.625 0.01 -0.0147917)
(3.675 0.01 -0.0150526)
(3.725 0.01 -0.0153114)
(3.775 0.01 -0.0155685)
(3.825 0.01 -0.0158239)
(3.875 0.01 -0.016078)
(3.925 0.01 -0.0163312)
(3.975 0.01 -0.0165835)
(4.025 0.01 -0.0168353)
(4.075 0.01 -0.0170866)
(4.125 0.01 -0.0173375)
(4.175 0.01 -0.0175882)
(4.225 0.01 -0.0178386)
(4.275 0.01 -0.0180889)
(4.325 0.01 -0.018339)
(4.375 0.01 -0.0185889)
(4.425 0.01 -0.0188388)
(4.475 0.01 -0.0190886)
(4.525 0.01 -0.0193384)
(4.575 0.01 -0.0195882)
(4.625 0.01 -0.019838)
(4.675 0.01 -0.0200878)
(4.725 0.01 -0.0203376)
(4.775 0.01 -0.0205875)
(4.825 0.01 -0.0208373)
(4.875 0.01 -0.0210872)
(4.925 0.01 -0.0213371)
(4.975 0.01 -0.021587)
(5.025 0.01 -0.0218369)
(5.075 0.01 -0.0220868)
(5.125 0.01 -0.0223367)
(5.175 0.01 -0.0225867)
(5.225 0.01 -0.0228367)
(5.275 0.01 -0.0230866)
(5.325 0.01 -0.0233366)
(5.375 0.01 -0.0235866)
(5.425 0.01 -0.0238366)
(5.475 0.01 -0.0240865)
(5.525 0.01 -0.0243365)
(5.575 0.01 -0.0245865)
(5.625 0.01 -0.0248365)
(5.675 0.01 -0.0250866)
(5.725 0.01 -0.0253366)
(5.775 0.01 -0.0255866)
(5.825 0.01 -0.0258366)
(5.875 0.01 -0.0260866)
(5.925 0.01 -0.0263366)
(5.975 0.01 -0.0265866)
(6.025 0.01 -0.0268366)
(6.075 0.01 -0.0270865)
(6.125 0.01 -0.0273365)
(6.175 0.01 -0.0275865)
(6.225 0.01 -0.0278365)
(6.275 0.01 -0.0280866)
(6.325 0.01 -0.0283366)
(6.375 0.01 -0.0285866)
(6.425 0.01 -0.0288366)
(6.475 0.01 -0.0290866)
(6.525 0.01 -0.0293366)
(6.575 0.01 -0.0295866)
(6.625 0.01 -0.0298366)
(6.675 0.01 -0.0300866)
(6.725 0.01 -0.0303366)
(6.775 0.01 -0.0305866)
(6.825 0.01 -0.0308366)
(6.875 0.01 -0.0310866)
(6.925 0.01 -0.0313365)
(6.975 0.01 -0.0315865)
(7.025 0.01 -0.0318365)
(7.075 0.01 -0.0320865)
(7.125 0.01 -0.0323365)
(7.175 0.01 -0.0325865)
(7.225 0.01 -0.0328365)
(7.275 0.01 -0.0330866)
(7.325 0.01 -0.0333366)
(7.375 0.01 -0.0335867)
(7.425 0.01 -0.0338366)
(7.475 0.01 -0.0340867)
(7.525 0.01 -0.0343365)
(7.575 0.01 -0.0345866)
(7.625 0.01 -0.0348364)
(7.675 0.01 -0.0350866)
(7.725 0.01 -0.0353364)
(7.775 0.01 -0.0355865)
(7.825 0.01 -0.0358362)
(7.875 0.01 -0.0360863)
(7.925 0.01 -0.0363361)
(7.975 0.01 -0.0365862)
(8.025 0.01 -0.0368359)
(8.075 0.01 -0.037086)
(8.125 0.01 -0.0373357)
(8.175 0.01 -0.0375858)
(8.225 0.01 -0.0378355)
(8.275 0.01 -0.0380856)
(8.325 0.01 -0.0383352)
(8.375 0.01 -0.0385854)
(8.425 0.01 -0.0388349)
(8.475 0.01 -0.0390851)
(8.525 0.01 -0.0393347)
(8.575 0.01 -0.0395848)
(8.625 0.01 -0.0398344)
(8.675 0.01 -0.0400844)
(8.725 0.01 -0.0403339)
(8.775 0.01 -0.040584)
(8.825 0.01 -0.0408335)
(8.875 0.01 -0.0410836)
(8.925 0.01 -0.0413332)
(8.975 0.01 -0.0415832)
(9.025 0.01 -0.0418328)
(9.075 0.01 -0.0420828)
(9.125 0.01 -0.0423325)
(9.175 0.01 -0.0425825)
(9.225 0.01 -0.0428322)
(9.275 0.01 -0.0430822)
(9.325 0.01 -0.0433319)
(9.375 0.01 -0.0435819)
(9.425 0.01 -0.0438317)
(9.475 0.01 -0.0440817)
(9.525 0.01 -0.0443315)
(9.575 0.01 -0.0445815)
(9.625 0.01 -0.0448314)
(9.675 0.01 -0.0450812)
(9.725 0.01 -0.0453311)
(9.775 0.01 -0.045581)
(9.825 0.01 -0.045831)
(9.875 0.01 -0.0460808)
(9.925 0.01 -0.0463309)
(9.975 0.01 -0.0465808)
(10.025 0.01 -0.0468309)
(10.075 0.01 -0.0470807)
(10.125 0.01 -0.0473309)
(10.175 0.01 -0.0475807)
(10.225 0.01 -0.0478309)
(10.275 0.01 -0.0480807)
(10.325 0.01 -0.0483309)
(10.375 0.01 -0.0485806)
(10.425 0.01 -0.0488308)
(10.475 0.01 -0.0490806)
(10.525 0.01 -0.0493309)
(10.575 0.01 -0.0495807)
(10.625 0.01 -0.049831)
(10.675 0.01 -0.0500808)
(10.725 0.01 -0.0503311)
(10.775 0.01 -0.0505809)
(10.825 0.01 -0.0508312)
(10.875 0.01 -0.051081)
(10.925 0.01 -0.0513312)
(10.975 0.01 -0.0515811)
(11.025 0.01 -0.0518314)
(11.075 0.01 -0.0520813)
(11.125 0.01 -0.0523316)
(11.175 0.01 -0.0525814)
(11.225 0.01 -0.0528317)
(11.275 0.01 -0.0530815)
(11.325 0.01 -0.0533318)
(11.375 0.01 -0.0535817)
(11.425 0.01 -0.053832)
(11.475 0.01 -0.054082)
(11.525 0.01 -0.0543322)
(11.575 0.01 -0.0545821)
(11.625 0.01 -0.0548323)
(11.675 0.01 -0.0550823)
(11.725 0.01 -0.0553325)
(11.775 0.01 -0.0555825)
(11.825 0.01 -0.0558327)
(11.875 0.01 -0.0560827)
(11.925 0.01 -0.0563329)
(11.975 0.01 -0.0565829)
(12.025 0.01 -0.0568331)
(12.075 0.01 -0.057083)
(12.125 0.01 -0.0573332)
(12.175 0.01 -0.0575832)
(12.225 0.01 -0.0578334)
(12.275 0.01 -0.0580834)
(12.325 0.01 -0.0583336)
(12.375 0.01 -0.0585836)
(12.425 0.01 -0.0588337)
(12.475 0.01 -0.0590837)
(12.525 0.01 -0.0593338)
(12.575 0.01 -0.0595838)
(12.625 0.01 -0.0598339)
(12.675 0.01 -0.060084)
(12.725 0.01 -0.0603341)
(12.775 0.01 -0.0605841)
(12.825 0.01 -0.0608341)
(12.875 0.01 -0.0610841)
(12.925 0.01 -0.0613341)
(12.975 0.01 -0.0615841)
(13.025 0.01 -0.0618342)
(13.075 0.01 -0.0620843)
(13.125 0.01 -0.0623343)
(13.175 0.01 -0.0625843)
(13.225 0.01 -0.0628343)
(13.275 0.01 -0.0630843)
(13.325 0.01 -0.0633343)
(13.375 0.01 -0.0635843)
(13.425 0.01 -0.0638343)
(13.475 0.01 -0.0640844)
(13.525 0.01 -0.0643345)
(13.575 0.01 -0.0645844)
(13.625 0.01 -0.0648344)
(13.675 0.01 -0.0650844)
(13.725 0.01 -0.0653342)
(13.775 0.01 -0.0655842)
(13.825 0.01 -0.0658342)
(13.875 0.01 -0.0660843)
(13.925 0.01 -0.0663342)
(13.975 0.01 -0.0665841)
(14.025 0.01 -0.0668342)
(14.075 0.01 -0.067084)
(14.125 0.01 -0.0673339)
(14.175 0.01 -0.0675838)
(14.225 0.01 -0.0678341)
(14.275 0.01 -0.0680829)
(14.325 0.01 -0.0683323)
(14.375 0.01 -0.0685847)
(14.425 0.01 -0.0688344)
(14.475 0.01 -0.0690867)
(14.525 0.01 -0.0693276)
(14.575 0.01 -0.0696002)
(14.625 0.01 -0.0698386)
(14.675 0.01 -0.0700764)
(14.725 0.01 -0.070343)
(14.775 0.01 -0.0706131)
(14.825 0.01 -0.071574)
(14.875 0.01 -0.0724976)
(14.925 0.01 -0.0727502)
(14.975 0.01 -0.073)
(0.025 0.01 0.0055)
(0.075 0.01 0.00525)
(0.125 0.01 0.005)
(0.175 0.01 0.00475)
(0.225 0.01 0.0045)
(0.275 0.01 0.00425)
(0.325 0.01 0.004)
(0.375 0.01 0.00375)
(0.425 0.01 0.0035)
(0.475 0.01 0.00325)
(0.525 0.01 0.003)
(0.575 0.01 0.00275)
(0.625 0.01 0.0025)
(0.675 0.01 0.00225)
(0.725 0.01 0.002)
(0.775 0.01 0.00175)
(0.825 0.01 0.0015)
(0.875 0.01 0.00125)
(0.925 0.01 0.001)
(0.975 0.01 0.00075)
(1.025 0.01 0.0005)
(1.075 0.01 0.00025)
(1.125 0.01 -2.49877e-20)
(1.175 0.01 -0.00025)
(1.225 0.01 -0.0005)
(1.275 0.01 -0.00075)
(1.325 0.01 -0.001)
(1.375 0.01 -0.00125)
(1.425 0.01 -0.0015)
(1.475 0.01 -0.00175)
(1.525 0.01 -0.002)
(1.575 0.01 -0.00225)
(1.625 0.01 -0.0025)
(1.675 0.01 -0.00275)
(1.725 0.01 -0.003)
(1.775 0.01 -0.00325)
(1.825 0.01 -0.0035)
(1.875 0.01 -0.00375)
(1.925 0.01 -0.004)
(1.975 0.01 -0.00425)
(2.025 0.01 -0.0045)
(2.075 0.01 -0.00475)
(2.125 0.01 -0.005)
(2.175 0.01 -0.00525)
(2.225 0.01 -0.0055)
(2.275 0.01 -0.00575)
(2.325 0.01 -0.006)
(2.375 0.01 -0.00625)
(2.425 0.01 -0.0065)
(2.475 0.01 -0.00675)
(2.525 0.01 -0.007)
(2.575 0.01 -0.00725)
(2.625 0.01 -0.0075)
(2.675 0.01 -0.00775)
(2.725 0.01 -0.008)
(2.775 0.01 -0.00825)
(2.825 0.01 -0.00849995)
(2.875 0.01 -0.00875057)
(2.92502 0.01 -0.00899309)
(2.97496 0.01 -0.00859569)
(3.02498 0.01 -0.00781823)
(3.07503 0.01 -0.00790985)
(3.12499 0.01 -0.00836926)
(3.175 0.01 -0.00860022)
(3.225 0.01 -0.00885978)
(3.275 0.01 -0.00913791)
(3.325 0.01 -0.00942406)
(3.375 0.01 -0.00970687)
(3.425 0.01 -0.00998385)
(3.475 0.01 -0.0102559)
(3.525 0.01 -0.0105244)
(3.575 0.01 -0.0107901)
(3.625 0.01 -0.0110532)
(3.675 0.01 -0.011314)
(3.725 0.01 -0.0115728)
(3.775 0.01 -0.0118298)
(3.825 0.01 -0.0120851)
(3.875 0.01 -0.0123392)
(3.925 0.01 -0.0125923)
(3.975 0.01 -0.0128447)
(4.025 0.01 -0.0130964)
(4.075 0.01 -0.0133477)
(4.125 0.01 -0.0135987)
(4.175 0.01 -0.0138493)
(4.225 0.01 -0.0140997)
(4.275 0.01 -0.01435)
(4.325 0.01 -0.0146001)
(4.375 0.01 -0.01485)
(4.425 0.01 -0.0150999)
(4.475 0.01 -0.0153497)
(4.525 0.01 -0.0155996)
(4.575 0.01 -0.0158494)
(4.625 0.01 -0.0160992)
(4.675 0.01 -0.016349)
(4.725 0.01 -0.0165988)
(4.775 0.01 -0.0168486)
(4.825 0.01 -0.0170985)
(4.875 0.01 -0.0173483)
(4.925 0.01 -0.0175982)
(4.975 0.01 -0.0178481)
(5.025 0.01 -0.018098)
(5.075 0.01 -0.0183479)
(5.125 0.01 -0.0185978)
(5.175 0.01 -0.0188478)
(5.225 0.01 -0.0190978)
(5.275 0.01 -0.0193478)
(5.325 0.01 -0.0195977)
(5.375 0.01 -0.0198477)
(5.425 0.01 -0.0200977)
(5.475 0.01 -0.0203477)
(5.525 0.01 -0.0205976)
(5.575 0.01 -0.0208476)
(5.625 0.01 -0.0210977)
(5.675 0.01 -0.0213477)
(5.725 0.01 -0.0215977)
(5.775 0.01 -0.0218477)
(5.825 0.01 -0.0220977)
(5.875 0.01 -0.0223477)
(5.925 0.01 -0.0225977)
(5.975 0.01 -0.0228477)
(6.025 0.01 -0.0230977)
(6.075 0.01 -0.0233477)
(6.125 0.01 -0.0235977)
(6.175 0.01 -0.0238476)
(6.225 0.01 -0.0240977)
(6.275 0.01 -0.0243477)
(6.325 0.01 -0.0245977)
(6.375 0.01 -0.0248477)
(6.425 0.01 -0.0250978)
(6.475 0.01 -0.0253478)
(6.525 0.01 -0.0255978)
(6.575 0.01 -0.0258478)
(6.625 0.01 -0.0260978)
(6.675 0.01 -0.0263478)
(6.725 0.01 -0.0265978)
(6.775 0.01 -0.0268477)
(6.825 0.01 -0.0270977)
(6.875 0.01 -0.0273477)
(6.925 0.01 -0.0275976)
(6.975 0.01 -0.0278477)
(7.025 0.01 -0.0280976)
(7.075 0.01 -0.0283477)
(7.125 0.01 -0.0285976)
(7.175 0.01 -0.0288477)
(7.225 0.01 -0.0290977)
(7.275 0.01 -0.0293478)
(7.325 0.01 -0.0295977)
(7.375 0.01 -0.0298478)
(7.425 0.01 -0.0300977)
(7.475 0.01 -0.0303478)
(7.525 0.01 -0.0305977)
(7.575 0.01 -0.0308477)
(7.625 0.01 -0.0310976)
(7.675 0.01 -0.0313477)
(7.725 0.01 -0.0315975)
(7.775 0.01 -0.0318476)
(7.825 0.01 -0.0320974)
(7.875 0.01 -0.0323475)
(7.925 0.01 -0.0325972)
(7.975 0.01 -0.0328473)
(8.025 0.01 -0.033097)
(8.075 0.01 -0.0333472)
(8.125 0.01 -0.0335968)
(8.175 0.01 -0.033847)
(8.225 0.01 -0.0340966)
(8.275 0.01 -0.0343468)
(8.325 0.01 -0.0345964)
(8.375 0.01 -0.0348465)
(8.425 0.01 -0.0350961)
(8.475 0.01 -0.0353462)
(8.525 0.01 -0.0355958)
(8.575 0.01 -0.0358459)
(8.625 0.01 -0.0360955)
(8.675 0.01 -0.0363456)
(8.725 0.01 -0.0365951)
(8.775 0.01 -0.0368452)
(8.825 0.01 -0.0370947)
(8.875 0.01 -0.0373447)
(8.925 0.01 -0.0375943)
(8.975 0.01 -0.0378444)
(9.025 0.01 -0.038094)
(9.075 0.01 -0.038344)
(9.125 0.01 -0.0385937)
(9.175 0.01 -0.0388437)
(9.225 0.01 -0.0390934)
(9.275 0.01 -0.0393434)
(9.325 0.01 -0.0395931)
(9.375 0.01 -0.0398431)
(9.425 0.01 -0.0400929)
(9.475 0.01 -0.0403428)
(9.525 0.01 -0.0405927)
(9.575 0.01 -0.0408426)
(9.625 0.01 -0.0410925)
(9.675 0.01 -0.0413424)
(9.725 0.01 -0.0415923)
(9.775 0.01 -0.0418422)
(9.825 0.01 -0.0420922)
(9.875 0.01 -0.042342)
(9.925 0.01 -0.0425921)
(9.975 0.01 -0.0428419)
(10.025 0.01 -0.043092)
(10.075 0.01 -0.0433419)
(10.125 0.01 -0.043592)
(10.175 0.01 -0.0438419)
(10.225 0.01 -0.0440921)
(10.275 0.01 -0.0443419)
(10.325 0.01 -0.044592)
(10.375 0.01 -0.0448418)
(10.425 0.01 -0.045092)
(10.475 0.01 -0.0453418)
(10.525 0.01 -0.0455921)
(10.575 0.01 -0.0458419)
(10.625 0.01 -0.0460922)
(10.675 0.01 -0.046342)
(10.725 0.01 -0.0465923)
(10.775 0.01 -0.0468421)
(10.825 0.01 -0.0470923)
(10.875 0.01 -0.0473421)
(10.925 0.01 -0.0475924)
(10.975 0.01 -0.0478423)
(11.025 0.01 -0.0480926)
(11.075 0.01 -0.0483425)
(11.125 0.01 -0.0485928)
(11.175 0.01 -0.0488426)
(11.225 0.01 -0.0490929)
(11.275 0.01 -0.0493427)
(11.325 0.01 -0.049593)
(11.375 0.01 -0.0498429)
(11.425 0.01 -0.0500932)
(11.475 0.01 -0.0503431)
(11.525 0.01 -0.0505934)
(11.575 0.01 -0.0508433)
(11.625 0.01 -0.0510935)
(11.675 0.01 -0.0513434)
(11.725 0.01 -0.0515937)
(11.775 0.01 -0.0518436)
(11.825 0.01 -0.0520939)
(11.875 0.01 -0.0523439)
(11.925 0.01 -0.0525941)
(11.975 0.01 -0.0528441)
(12.025 0.01 -0.0530942)
(12.075 0.01 -0.0533442)
(12.125 0.01 -0.0535944)
(12.175 0.01 -0.0538444)
(12.225 0.01 -0.0540946)
(12.275 0.01 -0.0543446)
(12.325 0.01 -0.0545948)
(12.375 0.01 -0.0548448)
(12.425 0.01 -0.0550949)
(12.475 0.01 -0.0553449)
(12.525 0.01 -0.055595)
(12.575 0.01 -0.055845)
(12.625 0.01 -0.0560951)
(12.675 0.01 -0.0563452)
(12.725 0.01 -0.0565953)
(12.775 0.01 -0.0568453)
(12.825 0.01 -0.0570953)
(12.875 0.01 -0.0573452)
(12.925 0.01 -0.0575953)
(12.975 0.01 -0.0578453)
(13.025 0.01 -0.0580954)
(13.075 0.01 -0.0583455)
(13.125 0.01 -0.0585955)
(13.175 0.01 -0.0588455)
(13.225 0.01 -0.0590955)
(13.275 0.01 -0.0593455)
(13.325 0.01 -0.0595954)
(13.375 0.01 -0.0598454)
(13.425 0.01 -0.0600954)
(13.475 0.01 -0.0603455)
(13.525 0.01 -0.0605956)
(13.575 0.01 -0.0608456)
(13.625 0.01 -0.0610956)
(13.675 0.01 -0.0613455)
(13.725 0.01 -0.0615954)
(13.775 0.01 -0.0618454)
(13.825 0.01 -0.0620954)
(13.875 0.01 -0.0623455)
(13.925 0.01 -0.0625954)
(13.975 0.01 -0.0628453)
(14.025 0.01 -0.0630953)
(14.075 0.01 -0.0633451)
(14.125 0.01 -0.063595)
(14.175 0.01 -0.0638449)
(14.225 0.01 -0.0640953)
(14.275 0.01 -0.0643441)
(14.325 0.01 -0.0645935)
(14.375 0.01 -0.0648458)
(14.425 0.01 -0.0650956)
(14.475 0.01 -0.0653477)
(14.525 0.01 -0.065589)
(14.575 0.01 -0.065861)
(14.625 0.01 -0.0660997)
(14.675 0.01 -0.0663379)
(14.725 0.01 -0.0666036)
(14.775 0.01 -0.0668788)
(14.8251 0.01 -0.0678288)
(14.875 0.01 -0.068742)
(14.925 0.01 -0.0690007)
(14.975 0.01 -0.0692499)
(0.025 0.01 0.00925)
(0.075 0.01 0.009)
(0.125 0.01 0.00875)
(0.175 0.01 0.0085)
(0.225 0.01 0.00825)
(0.275 0.01 0.008)
(0.325 0.01 0.00775)
(0.375 0.01 0.0075)
(0.425 0.01 0.00725)
(0.475 0.01 0.007)
(0.525 0.01 0.00675)
(0.575 0.01 0.0065)
(0.625 0.01 0.00625)
(0.675 0.01 0.006)
(0.725 0.01 0.00575)
(0.775 0.01 0.0055)
(0.825 0.01 0.00525)
(0.875 0.01 0.005)
(0.925 0.01 0.00475)
(0.975 0.01 0.0045)
(1.025 0.01 0.00425)
(1.075 0.01 0.004)
(1.125 0.01 0.00375)
(1.175 0.01 0.0035)
(1.225 0.01 0.00325)
(1.275 0.01 0.003)
(1.325 0.01 0.00275)
(1.375 0.01 0.0025)
(1.425 0.01 0.00225)
(1.475 0.01 0.002)
(1.525 0.01 0.00175)
(1.575 0.01 0.0015)
(1.625 0.01 0.00125)
(1.675 0.01 0.001)
(1.725 0.01 0.00075)
(1.775 0.01 0.0005)
(1.825 0.01 0.00025)
(1.875 0.01 2.98991e-19)
(1.925 0.01 -0.00025)
(1.975 0.01 -0.0005)
(2.025 0.01 -0.00075)
(2.075 0.01 -0.001)
(2.125 0.01 -0.00125)
(2.175 0.01 -0.0015)
(2.225 0.01 -0.00175)
(2.275 0.01 -0.002)
(2.325 0.01 -0.00225)
(2.375 0.01 -0.0025)
(2.425 0.01 -0.00275)
(2.475 0.01 -0.003)
(2.525 0.01 -0.00325)
(2.575 0.01 -0.0035)
(2.625 0.01 -0.00375)
(2.675 0.01 -0.004)
(2.725 0.01 -0.00425)
(2.775 0.01 -0.00450001)
(2.825 0.01 -0.00474991)
(2.875 0.01 -0.00500108)
(2.92502 0.01 -0.00523723)
(2.97492 0.01 -0.00485939)
(3.02495 0.01 -0.0041221)
(3.07504 0.01 -0.00421307)
(3.12499 0.01 -0.00466096)
(3.175 0.01 -0.00489551)
(3.225 0.01 -0.00515438)
(3.275 0.01 -0.00543165)
(3.325 0.01 -0.00571665)
(3.375 0.01 -0.00599849)
(3.425 0.01 -0.0062747)
(3.475 0.01 -0.00654614)
(3.525 0.01 -0.00681406)
(3.575 0.01 -0.00707934)
(3.625 0.01 -0.00734208)
(3.675 0.01 -0.0076026)
(3.725 0.01 -0.0078611)
(3.775 0.01 -0.00811788)
(3.825 0.01 -0.00837311)
(3.875 0.01 -0.0086271)
(3.925 0.01 -0.00888011)
(3.975 0.01 -0.00913237)
(4.025 0.01 -0.00938407)
(4.075 0.01 -0.00963533)
(4.125 0.01 -0.00988625)
(4.175 0.01 -0.0101369)
(4.225 0.01 -0.0103873)
(4.275 0.01 -0.0106376)
(4.325 0.01 -0.0108876)
(4.375 0.01 -0.0111376)
(4.425 0.01 -0.0113875)
(4.475 0.01 -0.0116373)
(4.525 0.01 -0.0118871)
(4.575 0.01 -0.0121369)
(4.625 0.01 -0.0123868)
(4.675 0.01 -0.0126366)
(4.725 0.01 -0.0128863)
(4.775 0.01 -0.0131362)
(4.825 0.01 -0.0133861)
(4.875 0.01 -0.013636)
(4.925 0.01 -0.0138858)
(4.975 0.01 -0.0141357)
(5.025 0.01 -0.0143856)
(5.075 0.01 -0.0146355)
(5.125 0.01 -0.0148855)
(5.175 0.01 -0.0151355)
(5.225 0.01 -0.0153854)
(5.275 0.01 -0.0156354)
(5.325 0.01 -0.0158854)
(5.375 0.01 -0.0161353)
(5.425 0.01 -0.0163853)
(5.475 0.01 -0.0166353)
(5.525 0.01 -0.0168853)
(5.575 0.01 -0.0171353)
(5.625 0.01 -0.0173853)
(5.675 0.01 -0.0176353)
(5.725 0.01 -0.0178853)
(5.775 0.01 -0.0181354)
(5.825 0.01 -0.0183854)
(5.875 0.01 -0.0186354)
(5.925 0.01 -0.0188853)
(5.975 0.01 -0.0191353)
(6.025 0.01 -0.0193853)
(6.075 0.01 -0.0196353)
(6.125 0.01 -0.0198853)
(6.175 0.01 -0.0201353)
(6.225 0.01 -0.0203853)
(6.275 0.01 -0.0206353)
(6.325 0.01 -0.0208854)
(6.375 0.01 -0.0211354)
(6.425 0.01 -0.0213854)
(6.475 0.01 -0.0216354)
(6.525 0.01 -0.0218854)
(6.575 0.01 -0.0221354)
(6.625 0.01 -0.0223854)
(6.675 0.01 -0.0226354)
(6.725 0.01 -0.0228854)
(6.775 0.01 -0.0231354)
(6.825 0.01 -0.0233853)
(6.875 0.01 -0.0236353)
(6.925 0.01 -0.0238853)
(6.975 0.01 -0.0241353)
(7.025 0.01 -0.0243853)
(7.075 0.01 -0.0246353)
(7.125 0.01 -0.0248852)
(7.175 0.01 -0.0251353)
(7.225 0.01 -0.0253853)
(7.275 0.01 -0.0256354)
(7.325 0.01 -0.0258853)
(7.375 0.01 -0.0261354)
(7.425 0.01 -0.0263853)
(7.475 0.01 -0.0266354)
(7.525 0.01 -0.0268853)
(7.575 0.01 -0.0271354)
(7.625 0.01 -0.0273852)
(7.675 0.01 -0.0276353)
(7.725 0.01 -0.0278851)
(7.775 0.01 -0.0281352)
(7.825 0.01 -0.028385)
(7.875 0.01 -0.0286351)
(7.925 0.01 -0.0288849)
(7.975 0.01 -0.029135)
(8.025 0.01 -0.0293847)
(8.075 0.01 -0.0296348)
(8.125 0.01 -0.0298845)
(8.175 0.01 -0.0301346)
(8.225 0.01 -0.0303843)
(8.275 0.01 -0.0306344)
(8.325 0.01 -0.030884)
(8.375 0.01 -0.0311342)
(8.425 0.01 -0.0313838)
(8.475 0.01 -0.0316339)
(8.525 0.01 -0.0318835)
(8.575 0.01 -0.0321336)
(8.625 0.01 -0.0323832)
(8.675 0.01 -0.0326333)
(8.725 0.01 -0.0328828)
(8.775 0.01 -0.0331329)
(8.825 0.01 -0.0333824)
(8.875 0.01 -0.0336325)
(8.925 0.01 -0.0338821)
(8.975 0.01 -0.0341321)
(9.025 0.01 -0.0343817)
(9.075 0.01 -0.0346317)
(9.125 0.01 -0.0348814)
(9.175 0.01 -0.0351314)
(9.225 0.01 -0.0353811)
(9.275 0.01 -0.0356311)
(9.325 0.01 -0.0358809)
(9.375 0.01 -0.0361308)
(9.425 0.01 -0.0363806)
(9.475 0.01 -0.0366306)
(9.525 0.01 -0.0368805)
(9.575 0.01 -0.0371304)
(9.625 0.01 -0.0373803)
(9.675 0.01 -0.0376302)
(9.725 0.01 -0.0378801)
(9.775 0.01 -0.03813)
(9.825 0.01 -0.0383799)
(9.875 0.01 -0.0386298)
(9.925 0.01 -0.0388799)
(9.975 0.01 -0.0391297)
(10.025 0.01 -0.0393798)
(10.075 0.01 -0.0396297)
(10.125 0.01 -0.0398798)
(10.175 0.01 -0.0401297)
(10.225 0.01 -0.0403799)
(10.275 0.01 -0.0406297)
(10.325 0.01 -0.0408798)
(10.375 0.01 -0.0411296)
(10.425 0.01 -0.0413798)
(10.475 0.01 -0.0416296)
(10.525 0.01 -0.0418798)
(10.575 0.01 -0.0421297)
(10.625 0.01 -0.0423799)
(10.675 0.01 -0.0426298)
(10.725 0.01 -0.0428801)
(10.775 0.01 -0.0431299)
(10.825 0.01 -0.0433801)
(10.875 0.01 -0.0436299)
(10.925 0.01 -0.0438802)
(10.975 0.01 -0.0441301)
(11.025 0.01 -0.0443803)
(11.075 0.01 -0.0446302)
(11.125 0.01 -0.0448805)
(11.175 0.01 -0.0451304)
(11.225 0.01 -0.0453806)
(11.275 0.01 -0.0456305)
(11.325 0.01 -0.0458807)
(11.375 0.01 -0.0461307)
(11.425 0.01 -0.0463809)
(11.475 0.01 -0.0466309)
(11.525 0.01 -0.0468811)
(11.575 0.01 -0.0471311)
(11.625 0.01 -0.0473812)
(11.675 0.01 -0.0476312)
(11.725 0.01 -0.0478814)
(11.775 0.01 -0.0481314)
(11.825 0.01 -0.0483816)
(11.875 0.01 -0.0486316)
(11.925 0.01 -0.0488818)
(11.975 0.01 -0.0491318)
(12.025 0.01 -0.0493819)
(12.075 0.01 -0.0496319)
(12.125 0.01 -0.0498821)
(12.175 0.01 -0.0501321)
(12.225 0.01 -0.0503823)
(12.275 0.01 -0.0506323)
(12.325 0.01 -0.0508825)
(12.375 0.01 -0.0511325)
(12.425 0.01 -0.0513826)
(12.475 0.01 -0.0516326)
(12.525 0.01 -0.0518826)
(12.575 0.01 -0.0521327)
(12.625 0.01 -0.0523828)
(12.675 0.01 -0.0526329)
(12.725 0.01 -0.052883)
(12.775 0.01 -0.053133)
(12.825 0.01 -0.053383)
(12.875 0.01 -0.0536329)
(12.925 0.01 -0.0538829)
(12.975 0.01 -0.054133)
(13.025 0.01 -0.0543831)
(13.075 0.01 -0.0546332)
(13.125 0.01 -0.0548833)
(13.175 0.01 -0.0551333)
(13.225 0.01 -0.0553832)
(13.275 0.01 -0.0556331)
(13.325 0.01 -0.055883)
(13.375 0.01 -0.056133)
(13.425 0.01 -0.0563831)
(13.475 0.01 -0.0566333)
(13.525 0.01 -0.0568834)
(13.575 0.01 -0.0571334)
(13.625 0.01 -0.0573833)
(13.675 0.01 -0.0576331)
(13.725 0.01 -0.0578829)
(13.775 0.01 -0.058133)
(13.825 0.01 -0.058383)
(13.875 0.01 -0.0586332)
(13.925 0.01 -0.0588833)
(13.975 0.01 -0.0591331)
(14.025 0.01 -0.059383)
(14.075 0.01 -0.0596326)
(14.125 0.01 -0.0598825)
(14.175 0.01 -0.0601325)
(14.225 0.01 -0.0603829)
(14.275 0.01 -0.0606318)
(14.325 0.01 -0.0608813)
(14.375 0.01 -0.0611335)
(14.425 0.01 -0.0613833)
(14.475 0.01 -0.0616352)
(14.525 0.01 -0.0618772)
(14.575 0.01 -0.0621479)
(14.625 0.01 -0.0623872)
(14.675 0.01 -0.0626261)
(14.725 0.01 -0.0628905)
(14.775 0.01 -0.0631716)
(14.8251 0.01 -0.0640963)
(14.875 0.01 -0.0649854)
(14.925 0.01 -0.0652512)
(14.975 0.01 -0.0654999)
(0.025 0.01 0.013)
(0.075 0.01 0.01275)
(0.125 0.01 0.0125)
(0.175 0.01 0.01225)
(0.225 0.01 0.012)
(0.275 0.01 0.01175)
(0.325 0.01 0.0115)
(0.375 0.01 0.01125)
(0.425 0.01 0.011)
(0.475 0.01 0.01075)
(0.525 0.01 0.0105)
(0.575 0.01 0.01025)
(0.625 0.01 0.01)
(0.675 0.01 0.00975)
(0.725 0.01 0.0095)
(0.775 0.01 0.00925)
(0.825 0.01 0.009)
(0.875 0.01 0.00875)
(0.925 0.01 0.0085)
(0.975 0.01 0.00825)
(1.025 0.01 0.008)
(1.075 0.01 0.00775)
(1.125 0.01 0.0075)
(1.175 0.01 0.00725)
(1.225 0.01 0.007)
(1.275 0.01 0.00675)
(1.325 0.01 0.0065)
(1.375 0.01 0.00625)
(1.425 0.01 0.006)
(1.475 0.01 0.00575)
(1.525 0.01 0.0055)
(1.575 0.01 0.00525)
(1.625 0.01 0.005)
(1.675 0.01 0.00475)
(1.725 0.01 0.0045)
(1.775 0.01 0.00425)
(1.825 0.01 0.004)
(1.875 0.01 0.00375)
(1.925 0.01 0.0035)
(1.975 0.01 0.00325)
(2.025 0.01 0.003)
(2.075 0.01 0.00275)
(2.125 0.01 0.0025)
(2.175 0.01 0.00225)
(2.225 0.01 0.002)
(2.275 0.01 0.00175)
(2.325 0.01 0.0015)
(2.375 0.01 0.00125)
(2.425 0.01 0.001)
(2.475 0.01 0.00075)
(2.525 0.01 0.0005)
(2.575 0.01 0.00025)
(2.625 0.01 7.28555e-12)
(2.675 0.01 -0.00025)
(2.725 0.01 -0.000499999)
(2.775 0.01 -0.000750011)
(2.825 0.01 -0.000999868)
(2.875 0.01 -0.00125153)
(2.92501 0.01 -0.00148222)
(2.97488 0.01 -0.00114381)
(3.02492 0.01 -0.000477552)
(3.07506 0.01 -0.000573725)
(3.12499 0.01 -0.00100395)
(3.175 0.01 -0.00124226)
(3.225 0.01 -0.0015002)
(3.275 0.01 -0.00177568)
(3.325 0.01 -0.00205836)
(3.375 0.01 -0.00233817)
(3.425 0.01 -0.00261273)
(3.475 0.01 -0.00288282)
(3.525 0.01 -0.00314962)
(3.575 0.01 -0.00341394)
(3.625 0.01 -0.00367588)
(3.675 0.01 -0.00393573)
(3.725 0.01 -0.00419371)
(3.775 0.01 -0.00445006)
(3.825 0.01 -0.00470496)
(3.875 0.01 -0.00495871)
(3.925 0.01 -0.00521153)
(3.975 0.01 -0.00546365)
(4.025 0.01 -0.00571524)
(4.075 0.01 -0.00596642)
(4.125 0.01 -0.00621729)
(4.175 0.01 -0.00646788)
(4.225 0.01 -0.00671827)
(4.275 0.01 -0.00696851)
(4.325 0.01 -0.00721859)
(4.375 0.01 -0.00746856)
(4.425 0.01 -0.00771844)
(4.475 0.01 -0.00796829)
(4.525 0.01 -0.00821811)
(4.575 0.01 -0.00846793)
(4.625 0.01 -0.00871776)
(4.675 0.01 -0.00896757)
(4.725 0.01 -0.00921738)
(4.775 0.01 -0.00946724)
(4.825 0.01 -0.00971713)
(4.875 0.01 -0.00996701)
(4.925 0.01 -0.0102169)
(4.975 0.01 -0.0104668)
(5.025 0.01 -0.0107167)
(5.075 0.01 -0.0109666)
(5.125 0.01 -0.0112166)
(5.175 0.01 -0.0114665)
(5.225 0.01 -0.0117165)
(5.275 0.01 -0.0119665)
(5.325 0.01 -0.0122165)
(5.375 0.01 -0.0124664)
(5.425 0.01 -0.0127164)
(5.475 0.01 -0.0129664)
(5.525 0.01 -0.0132164)
(5.575 0.01 -0.0134664)
(5.625 0.01 -0.0137164)
(5.675 0.01 -0.0139664)
(5.725 0.01 -0.0142164)
(5.775 0.01 -0.0144665)
(5.825 0.01 -0.0147165)
(5.875 0.01 -0.0149665)
(5.925 0.01 -0.0152164)
(5.975 0.01 -0.0154664)
(6.025 0.01 -0.0157164)
(6.075 0.01 -0.0159664)
(6.125 0.01 -0.0162164)
(6.175 0.01 -0.0164664)
(6.225 0.01 -0.0167164)
(6.275 0.01 -0.0169664)
(6.325 0.01 -0.0172165)
(6.375 0.01 -0.0174665)
(6.425 0.01 -0.0177165)
(6.475 0.01 -0.0179665)
(6.525 0.01 -0.0182165)
(6.575 0.01 -0.0184665)
(6.625 0.01 -0.0187165)
(6.675 0.01 -0.0189665)
(6.725 0.01 -0.0192165)
(6.775 0.01 -0.0194664)
(6.825 0.01 -0.0197164)
(6.875 0.01 -0.0199664)
(6.925 0.01 -0.0202164)
(6.975 0.01 -0.0204664)
(7.025 0.01 -0.0207164)
(7.075 0.01 -0.0209664)
(7.125 0.01 -0.0212163)
(7.175 0.01 -0.0214664)
(7.225 0.01 -0.0217164)
(7.275 0.01 -0.0219665)
(7.325 0.01 -0.0222164)
(7.375 0.01 -0.0224665)
(7.425 0.01 -0.0227164)
(7.475 0.01 -0.0229665)
(7.525 0.01 -0.0232164)
(7.575 0.01 -0.0234665)
(7.625 0.01 -0.0237163)
(7.675 0.01 -0.0239664)
(7.725 0.01 -0.0242162)
(7.775 0.01 -0.0244663)
(7.825 0.01 -0.0247161)
(7.875 0.01 -0.0249662)
(7.925 0.01 -0.025216)
(7.975 0.01 -0.0254661)
(8.025 0.01 -0.0257158)
(8.075 0.01 -0.0259659)
(8.125 0.01 -0.0262156)
(8.175 0.01 -0.0264658)
(8.225 0.01 -0.0267154)
(8.275 0.01 -0.0269656)
(8.325 0.01 -0.0272152)
(8.375 0.01 -0.0274653)
(8.425 0.01 -0.027715)
(8.475 0.01 -0.0279651)
(8.525 0.01 -0.0282147)
(8.575 0.01 -0.0284648)
(8.625 0.01 -0.0287144)
(8.675 0.01 -0.0289645)
(8.725 0.01 -0.0292141)
(8.775 0.01 -0.0294641)
(8.825 0.01 -0.0297137)
(8.875 0.01 -0.0299637)
(8.925 0.01 -0.0302134)
(8.975 0.01 -0.0304634)
(9.025 0.01 -0.030713)
(9.075 0.01 -0.0309631)
(9.125 0.01 -0.0312127)
(9.175 0.01 -0.0314628)
(9.225 0.01 -0.0317125)
(9.275 0.01 -0.0319625)
(9.325 0.01 -0.0322122)
(9.375 0.01 -0.0324622)
(9.425 0.01 -0.032712)
(9.475 0.01 -0.032962)
(9.525 0.01 -0.0332119)
(9.575 0.01 -0.0334618)
(9.625 0.01 -0.0337117)
(9.675 0.01 -0.0339616)
(9.725 0.01 -0.0342115)
(9.775 0.01 -0.0344614)
(9.825 0.01 -0.0347114)
(9.875 0.01 -0.0349613)
(9.925 0.01 -0.0352113)
(9.975 0.01 -0.0354612)
(10.025 0.01 -0.0357113)
(10.075 0.01 -0.0359612)
(10.125 0.01 -0.0362113)
(10.175 0.01 -0.0364612)
(10.225 0.01 -0.0367113)
(10.275 0.01 -0.0369611)
(10.325 0.01 -0.0372112)
(10.375 0.01 -0.0374611)
(10.425 0.01 -0.0377112)
(10.475 0.01 -0.0379611)
(10.525 0.01 -0.0382113)
(10.575 0.01 -0.0384611)
(10.625 0.01 -0.0387114)
(10.675 0.01 -0.0389612)
(10.725 0.01 -0.0392115)
(10.775 0.01 -0.0394613)
(10.825 0.01 -0.0397115)
(10.875 0.01 -0.0399614)
(10.925 0.01 -0.0402116)
(10.975 0.01 -0.0404615)
(11.025 0.01 -0.0407117)
(11.075 0.01 -0.0409617)
(11.125 0.01 -0.0412119)
(11.175 0.01 -0.0414618)
(11.225 0.01 -0.041712)
(11.275 0.01 -0.0419619)
(11.325 0.01 -0.0422121)
(11.375 0.01 -0.0424621)
(11.425 0.01 -0.0427123)
(11.475 0.01 -0.0429623)
(11.525 0.01 -0.0432125)
(11.575 0.01 -0.0434624)
(11.625 0.01 -0.0437126)
(11.675 0.01 -0.0439625)
(11.725 0.01 -0.0442127)
(11.775 0.01 -0.0444627)
(11.825 0.01 -0.0447129)
(11.875 0.01 -0.044963)
(11.925 0.01 -0.0452131)
(11.975 0.01 -0.0454631)
(12.025 0.01 -0.0457133)
(12.075 0.01 -0.0459632)
(12.125 0.01 -0.0462133)
(12.175 0.01 -0.0464634)
(12.225 0.01 -0.0467136)
(12.275 0.01 -0.0469637)
(12.325 0.01 -0.0472138)
(12.375 0.01 -0.0474638)
(12.425 0.01 -0.0477139)
(12.475 0.01 -0.0479638)
(12.525 0.01 -0.0482138)
(12.575 0.01 -0.0484639)
(12.625 0.01 -0.048714)
(12.675 0.01 -0.0489642)
(12.725 0.01 -0.0492143)
(12.775 0.01 -0.0494643)
(12.825 0.01 -0.0497142)
(12.875 0.01 -0.0499641)
(12.925 0.01 -0.0502141)
(12.975 0.01 -0.0504641)
(13.025 0.01 -0.0507143)
(13.075 0.01 -0.0509645)
(13.125 0.01 -0.0512146)
(13.175 0.01 -0.0514646)
(13.225 0.01 -0.0517144)
(13.275 0.01 -0.0519642)
(13.325 0.01 -0.0522141)
(13.375 0.01 -0.0524642)
(13.425 0.01 -0.0527144)
(13.475 0.01 -0.0529646)
(13.525 0.01 -0.0532148)
(13.575 0.01 -0.0534647)
(13.625 0.01 -0.0537145)
(13.675 0.01 -0.0539642)
(13.725 0.01 -0.0542139)
(13.775 0.01 -0.054464)
(13.825 0.01 -0.0547143)
(13.875 0.01 -0.0549646)
(13.925 0.01 -0.0552148)
(13.975 0.01 -0.0554646)
(14.025 0.01 -0.0557142)
(14.075 0.01 -0.0559636)
(14.125 0.01 -0.0562134)
(14.175 0.01 -0.0564635)
(14.225 0.01 -0.0567141)
(14.275 0.01 -0.0569631)
(14.325 0.01 -0.0572127)
(14.375 0.01 -0.0574647)
(14.425 0.01 -0.0577146)
(14.475 0.01 -0.0579662)
(14.525 0.01 -0.0582091)
(14.575 0.01 -0.0584779)
(14.625 0.01 -0.0587182)
(14.675 0.01 -0.0589581)
(14.725 0.01 -0.0592208)
(14.775 0.01 -0.0595059)
(14.8251 0.01 -0.0603847)
(14.875 0.01 -0.0612298)
(14.925 0.01 -0.0615017)
(14.975 0.01 -0.0617498)
(0.025 0.01 0.01675)
(0.075 0.01 0.0165)
(0.125 0.01 0.01625)
(0.175 0.01 0.016)
(0.225 0.01 0.01575)
(0.275 0.01 0.0155)
(0.325 0.01 0.01525)
(0.375 0.01 0.015)
(0.425 0.01 0.01475)
(0.475 0.01 0.0145)
(0.525 0.01 0.01425)
(0.575 0.01 0.014)
(0.625 0.01 0.01375)
(0.675 0.01 0.0135)
(0.725 0.01 0.01325)
(0.775 0.01 0.013)
(0.825 0.01 0.01275)
(0.875 0.01 0.0125)
(0.925 0.01 0.01225)
(0.975 0.01 0.012)
(1.025 0.01 0.01175)
(1.075 0.01 0.0115)
(1.125 0.01 0.01125)
(1.175 0.01 0.011)
(1.225 0.01 0.01075)
(1.275 0.01 0.0105)
(1.325 0.01 0.01025)
(1.375 0.01 0.01)
(1.425 0.01 0.00975)
(1.475 0.01 0.0095)
(1.525 0.01 0.00925)
(1.575 0.01 0.009)
(1.625 0.01 0.00875)
(1.675 0.01 0.0085)
(1.725 0.01 0.00825)
(1.775 0.01 0.008)
(1.825 0.01 0.00775)
(1.875 0.01 0.0075)
(1.925 0.01 0.00725)
(1.975 0.01 0.007)
(2.025 0.01 0.00675)
(2.075 0.01 0.0065)
(2.125 0.01 0.00625)
(2.175 0.01 0.006)
(2.225 0.01 0.00575)
(2.275 0.01 0.0055)
(2.325 0.01 0.00525)
(2.375 0.01 0.005)
(2.425 0.01 0.00475)
(2.475 0.01 0.0045)
(2.525 0.01 0.00425)
(2.575 0.01 0.004)
(2.625 0.01 0.00375)
(2.675 0.01 0.0035)
(2.725 0.01 0.00325)
(2.775 0.01 0.00299999)
(2.825 0.01 0.00275015)
(2.875 0.01 0.00249824)
(2.925 0.01 0.00227044)
(2.97481 0.01 0.00254274)
(3.02488 0.01 0.00309844)
(3.07508 0.01 0.00298818)
(3.12499 0.01 0.00258274)
(3.175 0.01 0.002341)
(3.225 0.01 0.00208425)
(3.27501 0.01 0.00181176)
(3.32501 0.01 0.00153293)
(3.375 0.01 0.00125657)
(3.425 0.01 0.000984844)
(3.475 0.01 0.000717061)
(3.525 0.01 0.000452187)
(3.575 0.01 0.000189517)
(3.625 0.01 -7.10542e-05)
(3.675 0.01 -0.000329781)
(3.725 0.01 -0.000586842)
(3.775 0.01 -0.000842467)
(3.825 0.01 -0.00109681)
(3.875 0.01 -0.00135013)
(3.925 0.01 -0.00160263)
(3.975 0.01 -0.00185451)
(4.025 0.01 -0.00210592)
(4.075 0.01 -0.00235696)
(4.125 0.01 -0.00260773)
(4.175 0.01 -0.00285826)
(4.225 0.01 -0.0031086)
(4.275 0.01 -0.00335881)
(4.325 0.01 -0.00360888)
(4.375 0.01 -0.00385885)
(4.425 0.01 -0.00410875)
(4.475 0.01 -0.00435861)
(4.525 0.01 -0.00460846)
(4.575 0.01 -0.0048583)
(4.625 0.01 -0.00510815)
(4.675 0.01 -0.00535798)
(4.725 0.01 -0.00560782)
(4.775 0.01 -0.00585769)
(4.825 0.01 -0.00610759)
(4.875 0.01 -0.00635749)
(4.925 0.01 -0.00660739)
(4.975 0.01 -0.0068573)
(5.025 0.01 -0.00710721)
(5.075 0.01 -0.00735713)
(5.125 0.01 -0.00760708)
(5.175 0.01 -0.00785707)
(5.225 0.01 -0.00810705)
(5.275 0.01 -0.00835703)
(5.325 0.01 -0.00860701)
(5.375 0.01 -0.00885698)
(5.425 0.01 -0.00910696)
(5.475 0.01 -0.00935694)
(5.525 0.01 -0.00960691)
(5.575 0.01 -0.00985692)
(5.625 0.01 -0.010107)
(5.675 0.01 -0.010357)
(5.725 0.01 -0.010607)
(5.775 0.01 -0.010857)
(5.825 0.01 -0.011107)
(5.875 0.01 -0.011357)
(5.925 0.01 -0.011607)
(5.975 0.01 -0.011857)
(6.025 0.01 -0.012107)
(6.075 0.01 -0.0123569)
(6.125 0.01 -0.0126069)
(6.175 0.01 -0.0128569)
(6.225 0.01 -0.0131069)
(6.275 0.01 -0.013357)
(6.325 0.01 -0.013607)
(6.375 0.01 -0.013857)
(6.425 0.01 -0.014107)
(6.475 0.01 -0.014357)
(6.525 0.01 -0.014607)
(6.575 0.01 -0.014857)
(6.625 0.01 -0.015107)
(6.675 0.01 -0.015357)
(6.725 0.01 -0.015607)
(6.775 0.01 -0.015857)
(6.825 0.01 -0.016107)
(6.875 0.01 -0.016357)
(6.925 0.01 -0.0166069)
(6.975 0.01 -0.0168569)
(7.025 0.01 -0.0171069)
(7.075 0.01 -0.0173569)
(7.125 0.01 -0.0176069)
(7.175 0.01 -0.0178569)
(7.225 0.01 -0.0181069)
(7.275 0.01 -0.018357)
(7.325 0.01 -0.018607)
(7.375 0.01 -0.018857)
(7.425 0.01 -0.019107)
(7.475 0.01 -0.019357)
(7.525 0.01 -0.0196069)
(7.575 0.01 -0.019857)
(7.625 0.01 -0.0201069)
(7.675 0.01 -0.0203569)
(7.725 0.01 -0.0206068)
(7.775 0.01 -0.0208569)
(7.825 0.01 -0.0211067)
(7.875 0.01 -0.0213568)
(7.925 0.01 -0.0216066)
(7.975 0.01 -0.0218567)
(8.025 0.01 -0.0221064)
(8.075 0.01 -0.0223565)
(8.125 0.01 -0.0226063)
(8.175 0.01 -0.0228564)
(8.225 0.01 -0.0231061)
(8.275 0.01 -0.0233562)
(8.325 0.01 -0.0236059)
(8.375 0.01 -0.023856)
(8.425 0.01 -0.0241057)
(8.475 0.01 -0.0243558)
(8.525 0.01 -0.0246055)
(8.575 0.01 -0.0248555)
(8.625 0.01 -0.0251052)
(8.675 0.01 -0.0253553)
(8.725 0.01 -0.0256049)
(8.775 0.01 -0.0258549)
(8.825 0.01 -0.0261046)
(8.875 0.01 -0.0263546)
(8.925 0.01 -0.0266043)
(8.975 0.01 -0.0268543)
(9.025 0.01 -0.027104)
(9.075 0.01 -0.027354)
(9.125 0.01 -0.0276037)
(9.175 0.01 -0.0278537)
(9.225 0.01 -0.0281035)
(9.275 0.01 -0.0283535)
(9.325 0.01 -0.0286033)
(9.375 0.01 -0.0288533)
(9.425 0.01 -0.0291031)
(9.475 0.01 -0.0293531)
(9.525 0.01 -0.0296029)
(9.575 0.01 -0.0298529)
(9.625 0.01 -0.0301028)
(9.675 0.01 -0.0303527)
(9.725 0.01 -0.0306026)
(9.775 0.01 -0.0308525)
(9.825 0.01 -0.0311025)
(9.875 0.01 -0.0313524)
(9.925 0.01 -0.0316024)
(9.975 0.01 -0.0318523)
(10.025 0.01 -0.0321024)
(10.075 0.01 -0.0323523)
(10.125 0.01 -0.0326024)
(10.175 0.01 -0.0328523)
(10.225 0.01 -0.0331024)
(10.275 0.01 -0.0333523)
(10.325 0.01 -0.0336024)
(10.375 0.01 -0.0338522)
(10.425 0.01 -0.0341024)
(10.475 0.01 -0.0343523)
(10.525 0.01 -0.0346024)
(10.575 0.01 -0.0348523)
(10.625 0.01 -0.0351025)
(10.675 0.01 -0.0353524)
(10.725 0.01 -0.0356026)
(10.775 0.01 -0.0358525)
(10.825 0.01 -0.0361026)
(10.875 0.01 -0.0363525)
(10.925 0.01 -0.0366027)
(10.975 0.01 -0.0368526)
(11.025 0.01 -0.0371028)
(11.075 0.01 -0.0373528)
(11.125 0.01 -0.037603)
(11.175 0.01 -0.0378529)
(11.225 0.01 -0.0381031)
(11.275 0.01 -0.038353)
(11.325 0.01 -0.0386031)
(11.375 0.01 -0.0388531)
(11.425 0.01 -0.0391033)
(11.475 0.01 -0.0393533)
(11.525 0.01 -0.0396035)
(11.575 0.01 -0.0398534)
(11.625 0.01 -0.0401036)
(11.675 0.01 -0.0403535)
(11.725 0.01 -0.0406037)
(11.775 0.01 -0.0408537)
(11.825 0.01 -0.0411039)
(11.875 0.01 -0.0413539)
(11.925 0.01 -0.0416041)
(11.975 0.01 -0.0418541)
(12.025 0.01 -0.0421042)
(12.075 0.01 -0.0423541)
(12.125 0.01 -0.0426042)
(12.175 0.01 -0.0428543)
(12.225 0.01 -0.0431044)
(12.275 0.01 -0.0433546)
(12.325 0.01 -0.0436047)
(12.375 0.01 -0.0438547)
(12.425 0.01 -0.0441047)
(12.475 0.01 -0.0443546)
(12.525 0.01 -0.0446046)
(12.575 0.01 -0.0448547)
(12.625 0.01 -0.0451049)
(12.675 0.01 -0.0453551)
(12.725 0.01 -0.0456052)
(12.775 0.01 -0.0458551)
(12.825 0.01 -0.046105)
(12.875 0.01 -0.0463548)
(12.925 0.01 -0.0466048)
(12.975 0.01 -0.0468549)
(13.025 0.01 -0.0471051)
(13.075 0.01 -0.0473554)
(13.125 0.01 -0.0476055)
(13.175 0.01 -0.0478554)
(13.225 0.01 -0.0481052)
(13.275 0.01 -0.0483549)
(13.325 0.01 -0.0486047)
(13.375 0.01 -0.0488548)
(13.425 0.01 -0.0491051)
(13.475 0.01 -0.0493555)
(13.525 0.01 -0.0496058)
(13.575 0.01 -0.0498556)
(13.625 0.01 -0.0501053)
(13.675 0.01 -0.0503548)
(13.725 0.01 -0.0506045)
(13.775 0.01 -0.0508546)
(13.825 0.01 -0.051105)
(13.875 0.01 -0.0513556)
(13.925 0.01 -0.0516059)
(13.975 0.01 -0.0518556)
(14.025 0.01 -0.052105)
(14.075 0.01 -0.0523541)
(14.125 0.01 -0.0526038)
(14.175 0.01 -0.0528541)
(14.225 0.01 -0.0531048)
(14.275 0.01 -0.0533541)
(14.325 0.01 -0.0536037)
(14.375 0.01 -0.0538554)
(14.425 0.01 -0.0541054)
(14.475 0.01 -0.0543566)
(14.525 0.01 -0.0546007)
(14.575 0.01 -0.0548669)
(14.625 0.01 -0.0551085)
(14.675 0.01 -0.0553498)
(14.725 0.01 -0.0556104)
(14.775 0.01 -0.0558962)
(14.8252 0.01 -0.0567018)
(14.875 0.01 -0.0574769)
(14.925 0.01 -0.057752)
(14.975 0.01 -0.0579998)
(0.025 0.01 0.0205)
(0.075 0.01 0.02025)
(0.125 0.01 0.02)
(0.175 0.01 0.01975)
(0.225 0.01 0.0195)
(0.275 0.01 0.01925)
(0.325 0.01 0.019)
(0.375 0.01 0.01875)
(0.425 0.01 0.0185)
(0.475 0.01 0.01825)
(0.525 0.01 0.018)
(0.575 0.01 0.01775)
(0.625 0.01 0.0175)
(0.675 0.01 0.01725)
(0.725 0.01 0.017)
(0.775 0.01 0.01675)
(0.825 0.01 0.0165)
(0.875 0.01 0.01625)
(0.925 0.01 0.016)
(0.975 0.01 0.01575)
(1.025 0.01 0.0155)
(1.075 0.01 0.01525)
(1.125 0.01 0.015)
(1.175 0.01 0.01475)
(1.225 0.01 0.0145)
(1.275 0.01 0.01425)
(1.325 0.01 0.014)
(1.375 0.01 0.01375)
(1.425 0.01 0.0135)
(1.475 0.01 0.01325)
(1.525 0.01 0.013)
(1.575 0.01 0.01275)
(1.625 0.01 0.0125)
(1.675 0.01 0.01225)
(1.725 0.01 0.012)
(1.775 0.01 0.01175)
(1.825 0.01 0.0115)
(1.875 0.01 0.01125)
(1.925 0.01 0.011)
(1.975 0.01 0.01075)
(2.025 0.01 0.0105)
(2.075 0.01 0.01025)
(2.125 0.01 0.01)
(2.175 0.01 0.00975)
(2.225 0.01 0.0095)
(2.275 0.01 0.00925)
(2.325 0.01 0.009)
(2.375 0.01 0.00875)
(2.425 0.01 0.0085)
(2.475 0.01 0.00825)
(2.525 0.01 0.008)
(2.575 0.01 0.00775)
(2.625 0.01 0.0075)
(2.675 0.01 0.00725)
(2.725 0.01 0.007)
(2.775 0.01 0.00674999)
(2.825 0.01 0.00650015)
(2.875 0.01 0.00624831)
(2.92499 0.01 0.00601964)
(2.97474 0.01 0.00619283)
(3.02483 0.01 0.00659007)
(3.0751 0.01 0.00645461)
(3.12499 0.01 0.00608213)
(3.175 0.01 0.00583753)
(3.225 0.01 0.00558226)
(3.27501 0.01 0.00531418)
(3.32501 0.01 0.00504104)
(3.37501 0.01 0.00476984)
(3.42501 0.01 0.00450234)
(3.475 0.01 0.00423802)
(3.525 0.01 0.00397604)
(3.575 0.01 0.00371584)
(3.625 0.01 0.00345732)
(3.675 0.01 0.00320029)
(3.725 0.01 0.0029446)
(3.775 0.01 0.00269007)
(3.825 0.01 0.00243657)
(3.875 0.01 0.00218389)
(3.925 0.01 0.00193188)
(3.975 0.01 0.00168036)
(4.025 0.01 0.00142923)
(4.075 0.01 0.00117838)
(4.125 0.01 0.000927764)
(4.175 0.01 0.000677338)
(4.225 0.01 0.000427062)
(4.275 0.01 0.00017689)
(4.325 0.01 -7.31651e-05)
(4.375 0.01 -0.000323143)
(4.425 0.01 -0.000573059)
(4.475 0.01 -0.00082295)
(4.525 0.01 -0.00107283)
(4.575 0.01 -0.0013227)
(4.625 0.01 -0.00157258)
(4.675 0.01 -0.00182244)
(4.725 0.01 -0.00207231)
(4.775 0.01 -0.0023222)
(4.825 0.01 -0.00257212)
(4.875 0.01 -0.00282204)
(4.925 0.01 -0.00307196)
(4.975 0.01 -0.00332189)
(5.025 0.01 -0.00357182)
(5.075 0.01 -0.00382175)
(5.125 0.01 -0.00407172)
(5.175 0.01 -0.0043217)
(5.225 0.01 -0.00457169)
(5.275 0.01 -0.00482167)
(5.325 0.01 -0.00507165)
(5.375 0.01 -0.00532164)
(5.425 0.01 -0.00557162)
(5.475 0.01 -0.0058216)
(5.525 0.01 -0.00607158)
(5.575 0.01 -0.00632159)
(5.625 0.01 -0.00657161)
(5.675 0.01 -0.00682162)
(5.725 0.01 -0.00707163)
(5.775 0.01 -0.00732164)
(5.825 0.01 -0.00757164)
(5.875 0.01 -0.00782164)
(5.925 0.01 -0.00807163)
(5.975 0.01 -0.00832163)
(6.025 0.01 -0.00857162)
(6.075 0.01 -0.0088216)
(6.125 0.01 -0.00907159)
(6.175 0.01 -0.00932158)
(6.225 0.01 -0.0095716)
(6.275 0.01 -0.00982162)
(6.325 0.01 -0.0100716)
(6.375 0.01 -0.0103217)
(6.425 0.01 -0.0105717)
(6.475 0.01 -0.0108217)
(6.525 0.01 -0.0110717)
(6.575 0.01 -0.0113217)
(6.625 0.01 -0.0115717)
(6.675 0.01 -0.0118217)
(6.725 0.01 -0.0120717)
(6.775 0.01 -0.0123216)
(6.825 0.01 -0.0125716)
(6.875 0.01 -0.0128216)
(6.925 0.01 -0.0130716)
(6.975 0.01 -0.0133216)
(7.025 0.01 -0.0135716)
(7.075 0.01 -0.0138216)
(7.125 0.01 -0.0140716)
(7.175 0.01 -0.0143216)
(7.225 0.01 -0.0145716)
(7.275 0.01 -0.0148217)
(7.325 0.01 -0.0150716)
(7.375 0.01 -0.0153217)
(7.425 0.01 -0.0155716)
(7.475 0.01 -0.0158217)
(7.525 0.01 -0.0160716)
(7.575 0.01 -0.0163216)
(7.625 0.01 -0.0165716)
(7.675 0.01 -0.0168216)
(7.725 0.01 -0.0170715)
(7.775 0.01 -0.0173215)
(7.825 0.01 -0.0175714)
(7.875 0.01 -0.0178215)
(7.925 0.01 -0.0180713)
(7.975 0.01 -0.0183214)
(8.025 0.01 -0.0185712)
(8.075 0.01 -0.0188213)
(8.125 0.01 -0.0190711)
(8.175 0.01 -0.0193211)
(8.225 0.01 -0.0195709)
(8.275 0.01 -0.019821)
(8.325 0.01 -0.0200708)
(8.375 0.01 -0.0203208)
(8.425 0.01 -0.0205706)
(8.475 0.01 -0.0208207)
(8.525 0.01 -0.0210704)
(8.575 0.01 -0.0213205)
(8.625 0.01 -0.0215702)
(8.675 0.01 -0.0218202)
(8.725 0.01 -0.0220699)
(8.775 0.01 -0.02232)
(8.825 0.01 -0.0225697)
(8.875 0.01 -0.0228197)
(8.925 0.01 -0.0230694)
(8.975 0.01 -0.0233195)
(9.025 0.01 -0.0235692)
(9.075 0.01 -0.0238192)
(9.125 0.01 -0.024069)
(9.175 0.01 -0.024319)
(9.225 0.01 -0.0245688)
(9.275 0.01 -0.0248188)
(9.325 0.01 -0.0250686)
(9.375 0.01 -0.0253186)
(9.425 0.01 -0.0255685)
(9.475 0.01 -0.0258185)
(9.525 0.01 -0.0260684)
(9.575 0.01 -0.0263183)
(9.625 0.01 -0.0265683)
(9.675 0.01 -0.0268182)
(9.725 0.01 -0.0270681)
(9.775 0.01 -0.0273181)
(9.825 0.01 -0.027568)
(9.875 0.01 -0.027818)
(9.925 0.01 -0.0280679)
(9.975 0.01 -0.0283179)
(10.025 0.01 -0.0285679)
(10.075 0.01 -0.0288179)
(10.125 0.01 -0.0290679)
(10.175 0.01 -0.0293179)
(10.225 0.01 -0.0295679)
(10.275 0.01 -0.0298179)
(10.325 0.01 -0.0300679)
(10.375 0.01 -0.0303178)
(10.425 0.01 -0.0305679)
(10.475 0.01 -0.0308178)
(10.525 0.01 -0.0310679)
(10.575 0.01 -0.0313179)
(10.625 0.01 -0.031568)
(10.675 0.01 -0.0318179)
(10.725 0.01 -0.0320681)
(10.775 0.01 -0.032318)
(10.825 0.01 -0.0325681)
(10.875 0.01 -0.032818)
(10.925 0.01 -0.0330682)
(10.975 0.01 -0.0333181)
(11.025 0.01 -0.0335683)
(11.075 0.01 -0.0338182)
(11.125 0.01 -0.0340684)
(11.175 0.01 -0.0343183)
(11.225 0.01 -0.0345685)
(11.275 0.01 -0.0348184)
(11.325 0.01 -0.0350685)
(11.375 0.01 -0.0353185)
(11.425 0.01 -0.0355687)
(11.475 0.01 -0.0358187)
(11.525 0.01 -0.0360688)
(11.575 0.01 -0.0363188)
(11.625 0.01 -0.0365689)
(11.675 0.01 -0.0368188)
(11.725 0.01 -0.0370689)
(11.775 0.01 -0.037319)
(11.825 0.01 -0.0375691)
(11.875 0.01 -0.0378192)
(11.925 0.01 -0.0380693)
(11.975 0.01 -0.0383193)
(12.025 0.01 -0.0385694)
(12.075 0.01 -0.0388193)
(12.125 0.01 -0.0390694)
(12.175 0.01 -0.0393194)
(12.225 0.01 -0.0395696)
(12.275 0.01 -0.0398197)
(12.325 0.01 -0.0400698)
(12.375 0.01 -0.0403198)
(12.425 0.01 -0.0405698)
(12.475 0.01 -0.0408197)
(12.525 0.01 -0.0410697)
(12.575 0.01 -0.0413197)
(12.625 0.01 -0.0415699)
(12.675 0.01 -0.0418201)
(12.725 0.01 -0.0420703)
(12.775 0.01 -0.0423202)
(12.825 0.01 -0.04257)
(12.875 0.01 -0.0428198)
(12.925 0.01 -0.0430697)
(12.975 0.01 -0.0433199)
(13.025 0.01 -0.0435701)
(13.075 0.01 -0.0438204)
(13.125 0.01 -0.0440705)
(13.175 0.01 -0.0443205)
(13.225 0.01 -0.0445702)
(13.275 0.01 -0.0448199)
(13.325 0.01 -0.0450697)
(13.375 0.01 -0.0453198)
(13.425 0.01 -0.0455701)
(13.475 0.01 -0.0458206)
(13.525 0.01 -0.0460709)
(13.575 0.01 -0.0463207)
(13.625 0.01 -0.0465703)
(13.675 0.01 -0.0468197)
(13.725 0.01 -0.0470694)
(13.775 0.01 -0.0473195)
(13.825 0.01 -0.04757)
(13.875 0.01 -0.0478207)
(13.925 0.01 -0.0480711)
(13.975 0.01 -0.0483208)
(14.025 0.01 -0.0485701)
(14.075 0.01 -0.048819)
(14.125 0.01 -0.0490686)
(14.175 0.01 -0.049319)
(14.225 0.01 -0.0495698)
(14.275 0.01 -0.0498193)
(14.325 0.01 -0.050069)
(14.375 0.01 -0.0503203)
(14.425 0.01 -0.0505703)
(14.475 0.01 -0.0508213)
(14.525 0.01 -0.0510667)
(14.575 0.01 -0.0513295)
(14.625 0.01 -0.0515728)
(14.675 0.01 -0.051816)
(14.725 0.01 -0.0520741)
(14.775 0.01 -0.0523558)
(14.8253 0.01 -0.0530549)
(14.875 0.01 -0.0537279)
(14.925 0.01 -0.0540019)
(14.975 0.01 -0.0542498)
(0.025 0.01 0.02425)
(0.075 0.01 0.024)
(0.125 0.01 0.02375)
(0.175 0.01 0.0235)
(0.225 0.01 0.02325)
(0.275 0.01 0.023)
(0.325 0.01 0.02275)
(0.375 0.01 0.0225)
(0.425 0.01 0.02225)
(0.475 0.01 0.022)
(0.525 0.01 0.02175)
(0.575 0.01 0.0215)
(0.625 0.01 0.02125)
(0.675 0.01 0.021)
(0.725 0.01 0.02075)
(0.775 0.01 0.0205)
(0.825 0.01 0.02025)
(0.875 0.01 0.02)
(0.925 0.01 0.01975)
(0.975 0.01 0.0195)
(1.025 0.01 0.01925)
(1.075 0.01 0.019)
(1.125 0.01 0.01875)
(1.175 0.01 0.0185)
(1.225 0.01 0.01825)
(1.275 0.01 0.018)
(1.325 0.01 0.01775)
(1.375 0.01 0.0175)
(1.425 0.01 0.01725)
(1.475 0.01 0.017)
(1.525 0.01 0.01675)
(1.575 0.01 0.0165)
(1.625 0.01 0.01625)
(1.675 0.01 0.016)
(1.725 0.01 0.01575)
(1.775 0.01 0.0155)
(1.825 0.01 0.01525)
(1.875 0.01 0.015)
(1.925 0.01 0.01475)
(1.975 0.01 0.0145)
(2.025 0.01 0.01425)
(2.075 0.01 0.014)
(2.125 0.01 0.01375)
(2.175 0.01 0.0135)
(2.225 0.01 0.01325)
(2.275 0.01 0.013)
(2.325 0.01 0.01275)
(2.375 0.01 0.0125)
(2.425 0.01 0.01225)
(2.475 0.01 0.012)
(2.525 0.01 0.01175)
(2.575 0.01 0.0115)
(2.625 0.01 0.01125)
(2.675 0.01 0.011)
(2.725 0.01 0.01075)
(2.775 0.01 0.0105)
(2.825 0.01 0.0102501)
(2.875 0.01 0.00999873)
(2.92498 0.01 0.00976476)
(2.97465 0.01 0.00980019)
(3.02477 0.01 0.00998306)
(3.07512 0.01 0.00980992)
(3.125 0.01 0.00947961)
(3.175 0.01 0.00923268)
(3.22501 0.01 0.00897922)
(3.27501 0.01 0.00871716)
(3.32501 0.01 0.00845174)
(3.37501 0.01 0.0081876)
(3.42501 0.01 0.00792593)
(3.47501 0.01 0.00766637)
(3.52501 0.01 0.00740837)
(3.575 0.01 0.00715155)
(3.625 0.01 0.00689586)
(3.675 0.01 0.00664117)
(3.725 0.01 0.00638736)
(3.775 0.01 0.00613434)
(3.825 0.01 0.005882)
(3.875 0.01 0.00563021)
(3.925 0.01 0.00537886)
(3.975 0.01 0.00512785)
(4.025 0.01 0.00487709)
(4.075 0.01 0.00462653)
(4.125 0.01 0.00437611)
(4.175 0.01 0.00412583)
(4.225 0.01 0.00387564)
(4.275 0.01 0.00362553)
(4.325 0.01 0.00337549)
(4.375 0.01 0.00312551)
(4.425 0.01 0.00287556)
(4.475 0.01 0.00262563)
(4.525 0.01 0.00237572)
(4.575 0.01 0.0021258)
(4.625 0.01 0.00187588)
(4.675 0.01 0.00162597)
(4.725 0.01 0.00137606)
(4.775 0.01 0.00112613)
(4.825 0.01 0.000876188)
(4.875 0.01 0.000626243)
(4.925 0.01 0.000376294)
(4.975 0.01 0.000126345)
(5.025 0.01 -0.000123609)
(5.075 0.01 -0.000373564)
(5.125 0.01 -0.000623541)
(5.175 0.01 -0.000873533)
(5.225 0.01 -0.00112352)
(5.275 0.01 -0.00137351)
(5.325 0.01 -0.0016235)
(5.375 0.01 -0.00187349)
(5.425 0.01 -0.00212347)
(5.475 0.01 -0.00237346)
(5.525 0.01 -0.00262345)
(5.575 0.01 -0.00287346)
(5.625 0.01 -0.00312347)
(5.675 0.01 -0.00337348)
(5.725 0.01 -0.00362349)
(5.775 0.01 -0.00387349)
(5.825 0.01 -0.00412349)
(5.875 0.01 -0.00437349)
(5.925 0.01 -0.00462349)
(5.975 0.01 -0.00487348)
(6.025 0.01 -0.00512347)
(6.075 0.01 -0.00537347)
(6.125 0.01 -0.00562346)
(6.175 0.01 -0.00587345)
(6.225 0.01 -0.00612346)
(6.275 0.01 -0.00637348)
(6.325 0.01 -0.00662349)
(6.375 0.01 -0.0068735)
(6.425 0.01 -0.00712351)
(6.475 0.01 -0.00737351)
(6.525 0.01 -0.00762351)
(6.575 0.01 -0.00787351)
(6.625 0.01 -0.00812351)
(6.675 0.01 -0.0083735)
(6.725 0.01 -0.0086235)
(6.775 0.01 -0.00887349)
(6.825 0.01 -0.00912348)
(6.875 0.01 -0.00937348)
(6.925 0.01 -0.00962345)
(6.975 0.01 -0.00987347)
(7.025 0.01 -0.0101234)
(7.075 0.01 -0.0103735)
(7.125 0.01 -0.0106234)
(7.175 0.01 -0.0108735)
(7.225 0.01 -0.0111235)
(7.275 0.01 -0.0113735)
(7.325 0.01 -0.0116235)
(7.375 0.01 -0.0118735)
(7.425 0.01 -0.0121235)
(7.475 0.01 -0.0123735)
(7.525 0.01 -0.0126235)
(7.575 0.01 -0.0128735)
(7.625 0.01 -0.0131234)
(7.675 0.01 -0.0133735)
(7.725 0.01 -0.0136234)
(7.775 0.01 -0.0138734)
(7.825 0.01 -0.0141233)
(7.875 0.01 -0.0143734)
(7.925 0.01 -0.0146233)
(7.975 0.01 -0.0148733)
(8.025 0.01 -0.0151232)
(8.075 0.01 -0.0153732)
(8.125 0.01 -0.0156231)
(8.175 0.01 -0.0158732)
(8.225 0.01 -0.016123)
(8.275 0.01 -0.0163731)
(8.325 0.01 -0.0166229)
(8.375 0.01 -0.016873)
(8.425 0.01 -0.0171228)
(8.475 0.01 -0.0173728)
(8.525 0.01 -0.0176227)
(8.575 0.01 -0.0178727)
(8.625 0.01 -0.0181225)
(8.675 0.01 -0.0183726)
(8.725 0.01 -0.0186223)
(8.775 0.01 -0.0188724)
(8.825 0.01 -0.0191222)
(8.875 0.01 -0.0193722)
(8.925 0.01 -0.019622)
(8.975 0.01 -0.019872)
(9.025 0.01 -0.0201219)
(9.075 0.01 -0.0203719)
(9.125 0.01 -0.0206217)
(9.175 0.01 -0.0208717)
(9.225 0.01 -0.0211216)
(9.275 0.01 -0.0213716)
(9.325 0.01 -0.0216215)
(9.375 0.01 -0.0218715)
(9.425 0.01 -0.0221214)
(9.475 0.01 -0.0223714)
(9.525 0.01 -0.0226213)
(9.575 0.01 -0.0228713)
(9.625 0.01 -0.0231212)
(9.675 0.01 -0.0233712)
(9.725 0.01 -0.0236211)
(9.775 0.01 -0.0238711)
(9.825 0.01 -0.0241211)
(9.875 0.01 -0.024371)
(9.925 0.01 -0.024621)
(9.975 0.01 -0.024871)
(10.025 0.01 -0.025121)
(10.075 0.01 -0.025371)
(10.125 0.01 -0.025621)
(10.175 0.01 -0.025871)
(10.225 0.01 -0.026121)
(10.275 0.01 -0.026371)
(10.325 0.01 -0.026621)
(10.375 0.01 -0.026871)
(10.425 0.01 -0.027121)
(10.475 0.01 -0.027371)
(10.525 0.01 -0.027621)
(10.575 0.01 -0.027871)
(10.625 0.01 -0.028121)
(10.675 0.01 -0.028371)
(10.725 0.01 -0.0286211)
(10.775 0.01 -0.0288711)
(10.825 0.01 -0.0291211)
(10.875 0.01 -0.0293711)
(10.925 0.01 -0.0296212)
(10.975 0.01 -0.0298711)
(11.025 0.01 -0.0301212)
(11.075 0.01 -0.0303712)
(11.125 0.01 -0.0306213)
(11.175 0.01 -0.0308713)
(11.225 0.01 -0.0311214)
(11.275 0.01 -0.0313713)
(11.325 0.01 -0.0316214)
(11.375 0.01 -0.0318714)
(11.425 0.01 -0.0321215)
(11.475 0.01 -0.0323715)
(11.525 0.01 -0.0326216)
(11.575 0.01 -0.0328716)
(11.625 0.01 -0.0331216)
(11.675 0.01 -0.0333716)
(11.725 0.01 -0.0336217)
(11.775 0.01 -0.0338717)
(11.825 0.01 -0.0341218)
(11.875 0.01 -0.0343719)
(11.925 0.01 -0.034622)
(11.975 0.01 -0.0348719)
(12.025 0.01 -0.035122)
(12.075 0.01 -0.0353719)
(12.125 0.01 -0.0356219)
(12.175 0.01 -0.035872)
(12.225 0.01 -0.0361221)
(12.275 0.01 -0.0363722)
(12.325 0.01 -0.0366223)
(12.375 0.01 -0.0368723)
(12.425 0.01 -0.0371223)
(12.475 0.01 -0.0373722)
(12.525 0.01 -0.0376221)
(12.575 0.01 -0.0378722)
(12.625 0.01 -0.0381223)
(12.675 0.01 -0.0383725)
(12.725 0.01 -0.0386226)
(12.775 0.01 -0.0388726)
(12.825 0.01 -0.0391224)
(12.875 0.01 -0.0393722)
(12.925 0.01 -0.0396222)
(12.975 0.01 -0.0398723)
(13.025 0.01 -0.0401225)
(13.075 0.01 -0.0403727)
(13.125 0.01 -0.0406228)
(13.175 0.01 -0.0408728)
(13.225 0.01 -0.0411226)
(13.275 0.01 -0.0413723)
(13.325 0.01 -0.0416221)
(13.375 0.01 -0.0418722)
(13.425 0.01 -0.0421225)
(13.475 0.01 -0.0423728)
(13.525 0.01 -0.0426231)
(13.575 0.01 -0.042873)
(13.625 0.01 -0.0431226)
(13.675 0.01 -0.0433722)
(13.725 0.01 -0.0436218)
(13.775 0.01 -0.0438719)
(13.825 0.01 -0.0441223)
(13.875 0.01 -0.0443729)
(13.925 0.01 -0.0446233)
(13.975 0.01 -0.0448731)
(14.025 0.01 -0.0451225)
(14.075 0.01 -0.0453715)
(14.125 0.01 -0.0456212)
(14.175 0.01 -0.0458716)
(14.225 0.01 -0.0461222)
(14.275 0.01 -0.0463719)
(14.325 0.01 -0.0466217)
(14.375 0.01 -0.0468726)
(14.425 0.01 -0.0471226)
(14.475 0.01 -0.0473732)
(14.525 0.01 -0.0476203)
(14.575 0.01 -0.0478787)
(14.625 0.01 -0.0481242)
(14.675 0.01 -0.0483698)
(14.725 0.01 -0.048625)
(14.775 0.01 -0.0488974)
(14.8254 0.01 -0.0494504)
(14.875 0.01 -0.0499835)
(14.925 0.01 -0.0502514)
(14.975 0.01 -0.0504999)
(0.025 0.01 0.028)
(0.075 0.01 0.02775)
(0.125 0.01 0.0275)
(0.175 0.01 0.02725)
(0.225 0.01 0.027)
(0.275 0.01 0.02675)
(0.325 0.01 0.0265)
(0.375 0.01 0.02625)
(0.425 0.01 0.026)
(0.475 0.01 0.02575)
(0.525 0.01 0.0255)
(0.575 0.01 0.02525)
(0.625 0.01 0.025)
(0.675 0.01 0.02475)
(0.725 0.01 0.0245)
(0.775 0.01 0.02425)
(0.825 0.01 0.024)
(0.875 0.01 0.02375)
(0.925 0.01 0.0235)
(0.975 0.01 0.02325)
(1.025 0.01 0.023)
(1.075 0.01 0.02275)
(1.125 0.01 0.0225)
(1.175 0.01 0.02225)
(1.225 0.01 0.022)
(1.275 0.01 0.02175)
(1.325 0.01 0.0215)
(1.375 0.01 0.02125)
(1.425 0.01 0.021)
(1.475 0.01 0.02075)
(1.525 0.01 0.0205)
(1.575 0.01 0.02025)
(1.625 0.01 0.02)
(1.675 0.01 0.01975)
(1.725 0.01 0.0195)
(1.775 0.01 0.01925)
(1.825 0.01 0.019)
(1.875 0.01 0.01875)
(1.925 0.01 0.0185)
(1.975 0.01 0.01825)
(2.025 0.01 0.018)
(2.075 0.01 0.01775)
(2.125 0.01 0.0175)
(2.175 0.01 0.01725)
(2.225 0.01 0.017)
(2.275 0.01 0.01675)
(2.325 0.01 0.0165)
(2.375 0.01 0.01625)
(2.425 0.01 0.016)
(2.475 0.01 0.01575)
(2.525 0.01 0.0155)
(2.575 0.01 0.01525)
(2.625 0.01 0.015)
(2.675 0.01 0.01475)
(2.725 0.01 0.0145)
(2.775 0.01 0.01425)
(2.825 0.01 0.014)
(2.875 0.01 0.0137495)
(2.92497 0.01 0.0135057)
(2.97454 0.01 0.0133599)
(3.0247 0.01 0.0132649)
(3.07516 0.01 0.013041)
(3.125 0.01 0.0127631)
(3.175 0.01 0.0125141)
(3.22501 0.01 0.0122629)
(3.27501 0.01 0.0120085)
(3.32501 0.01 0.011753)
(3.37501 0.01 0.011498)
(3.42501 0.01 0.0112438)
(3.47501 0.01 0.0109904)
(3.52501 0.01 0.0107375)
(3.57501 0.01 0.0104851)
(3.625 0.01 0.010233)
(3.675 0.01 0.00998136)
(3.725 0.01 0.00973)
(3.775 0.01 0.00947892)
(3.825 0.01 0.00922809)
(3.875 0.01 0.00897745)
(3.925 0.01 0.00872697)
(3.975 0.01 0.0084766)
(4.025 0.01 0.00822633)
(4.075 0.01 0.00797613)
(4.125 0.01 0.00772598)
(4.175 0.01 0.00747588)
(4.225 0.01 0.00722582)
(4.275 0.01 0.00697577)
(4.325 0.01 0.00672576)
(4.375 0.01 0.00647577)
(4.425 0.01 0.00622579)
(4.475 0.01 0.00597581)
(4.525 0.01 0.00572584)
(4.575 0.01 0.00547587)
(4.625 0.01 0.0052259)
(4.675 0.01 0.00497593)
(4.725 0.01 0.00472597)
(4.775 0.01 0.00447599)
(4.825 0.01 0.00422601)
(4.875 0.01 0.00397603)
(4.925 0.01 0.00372605)
(4.975 0.01 0.00347607)
(5.025 0.01 0.00322608)
(5.075 0.01 0.0029761)
(5.125 0.01 0.00272611)
(5.175 0.01 0.00247611)
(5.225 0.01 0.00222612)
(5.275 0.01 0.00197612)
(5.325 0.01 0.00172612)
(5.375 0.01 0.00147613)
(5.425 0.01 0.00122613)
(5.475 0.01 0.000976137)
(5.525 0.01 0.000726141)
(5.575 0.01 0.000476139)
(5.625 0.01 0.000226134)
(5.675 0.01 -2.38695e-05)
(5.725 0.01 -0.000273872)
(5.775 0.01 -0.000523873)
(5.825 0.01 -0.000773874)
(5.875 0.01 -0.00102387)
(5.925 0.01 -0.00127387)
(5.975 0.01 -0.00152387)
(6.025 0.01 -0.00177387)
(6.075 0.01 -0.00202386)
(6.125 0.01 -0.00227386)
(6.175 0.01 -0.00252386)
(6.225 0.01 -0.00277386)
(6.275 0.01 -0.00302387)
(6.325 0.01 -0.00327387)
(6.375 0.01 -0.00352388)
(6.425 0.01 -0.00377388)
(6.475 0.01 -0.00402388)
(6.525 0.01 -0.00427388)
(6.575 0.01 -0.00452388)
(6.625 0.01 -0.00477388)
(6.675 0.01 -0.00502388)
(6.725 0.01 -0.00527388)
(6.775 0.01 -0.00552387)
(6.825 0.01 -0.00577387)
(6.875 0.01 -0.00602387)
(6.925 0.01 -0.00627386)
(6.975 0.01 -0.00652386)
(7.025 0.01 -0.00677386)
(7.075 0.01 -0.00702386)
(7.125 0.01 -0.00727385)
(7.175 0.01 -0.00752387)
(7.225 0.01 -0.00777386)
(7.275 0.01 -0.00802388)
(7.325 0.01 -0.00827387)
(7.375 0.01 -0.00852388)
(7.425 0.01 -0.00877387)
(7.475 0.01 -0.00902388)
(7.525 0.01 -0.00927386)
(7.575 0.01 -0.00952388)
(7.625 0.01 -0.00977385)
(7.675 0.01 -0.0100239)
(7.725 0.01 -0.0102738)
(7.775 0.01 -0.0105239)
(7.825 0.01 -0.0107738)
(7.875 0.01 -0.0110238)
(7.925 0.01 -0.0112738)
(7.975 0.01 -0.0115238)
(8.025 0.01 -0.0117738)
(8.075 0.01 -0.0120238)
(8.125 0.01 -0.0122737)
(8.175 0.01 -0.0125238)
(8.225 0.01 -0.0127737)
(8.275 0.01 -0.0130237)
(8.325 0.01 -0.0132737)
(8.375 0.01 -0.0135237)
(8.425 0.01 -0.0137736)
(8.475 0.01 -0.0140237)
(8.525 0.01 -0.0142736)
(8.575 0.01 -0.0145236)
(8.625 0.01 -0.0147735)
(8.675 0.01 -0.0150236)
(8.725 0.01 -0.0152734)
(8.775 0.01 -0.0155235)
(8.825 0.01 -0.0157734)
(8.875 0.01 -0.0160234)
(8.925 0.01 -0.0162733)
(8.975 0.01 -0.0165234)
(9.025 0.01 -0.0167733)
(9.075 0.01 -0.0170233)
(9.125 0.01 -0.0172732)
(9.175 0.01 -0.0175233)
(9.22499 0.01 -0.0177732)
(9.27501 0.01 -0.0180232)
(9.32499 0.01 -0.0182731)
(9.37501 0.01 -0.0185232)
(9.42499 0.01 -0.0187731)
(9.47501 0.01 -0.0190231)
(9.52499 0.01 -0.0192731)
(9.57501 0.01 -0.0195231)
(9.62499 0.01 -0.019773)
(9.67501 0.01 -0.0200231)
(9.72499 0.01 -0.020273)
(9.77501 0.01 -0.020523)
(9.82499 0.01 -0.020773)
(9.87501 0.01 -0.021023)
(9.92499 0.01 -0.021273)
(9.97501 0.01 -0.021523)
(10.025 0.01 -0.021773)
(10.075 0.01 -0.022023)
(10.125 0.01 -0.022273)
(10.175 0.01 -0.022523)
(10.225 0.01 -0.022773)
(10.275 0.01 -0.023023)
(10.325 0.01 -0.023273)
(10.375 0.01 -0.023523)
(10.425 0.01 -0.023773)
(10.475 0.01 -0.024023)
(10.525 0.01 -0.024273)
(10.575 0.01 -0.024523)
(10.625 0.01 -0.024773)
(10.675 0.01 -0.025023)
(10.725 0.01 -0.025273)
(10.775 0.01 -0.025523)
(10.825 0.01 -0.025773)
(10.875 0.01 -0.026023)
(10.925 0.01 -0.026273)
(10.975 0.01 -0.026523)
(11.025 0.01 -0.0267731)
(11.075 0.01 -0.0270231)
(11.125 0.01 -0.0272731)
(11.175 0.01 -0.0275231)
(11.225 0.01 -0.0277731)
(11.275 0.01 -0.0280231)
(11.325 0.01 -0.0282731)
(11.375 0.01 -0.0285231)
(11.425 0.01 -0.0287732)
(11.475 0.01 -0.0290232)
(11.525 0.01 -0.0292732)
(11.575 0.01 -0.0295232)
(11.625 0.01 -0.0297732)
(11.675 0.01 -0.0300232)
(11.725 0.01 -0.0302732)
(11.775 0.01 -0.0305232)
(11.825 0.01 -0.0307733)
(11.875 0.01 -0.0310233)
(11.925 0.01 -0.0312733)
(11.975 0.01 -0.0315233)
(12.025 0.01 -0.0317733)
(12.075 0.01 -0.0320233)
(12.125 0.01 -0.0322733)
(12.175 0.01 -0.0325233)
(12.225 0.01 -0.0327734)
(12.275 0.01 -0.0330234)
(12.325 0.01 -0.0332735)
(12.375 0.01 -0.0335235)
(12.425 0.01 -0.0337734)
(12.475 0.01 -0.0340234)
(12.525 0.01 -0.0342734)
(12.575 0.01 -0.0345234)
(12.625 0.01 -0.0347735)
(12.675 0.01 -0.0350235)
(12.725 0.01 -0.0352736)
(12.775 0.01 -0.0355235)
(12.825 0.01 -0.0357735)
(12.875 0.01 -0.0360234)
(12.925 0.01 -0.0362734)
(12.975 0.01 -0.0365234)
(13.025 0.01 -0.0367735)
(13.075 0.01 -0.0370236)
(13.125 0.01 -0.0372736)
(13.175 0.01 -0.0375236)
(13.225 0.01 -0.0377735)
(13.275 0.01 -0.0380234)
(13.325 0.01 -0.0382733)
(13.375 0.01 -0.0385234)
(13.425 0.01 -0.0387735)
(13.475 0.01 -0.0390237)
(13.525 0.01 -0.0392737)
(13.575 0.01 -0.0395237)
(13.625 0.01 -0.0397736)
(13.675 0.01 -0.0400234)
(13.725 0.01 -0.0402732)
(13.775 0.01 -0.0405233)
(13.825 0.01 -0.0407734)
(13.875 0.01 -0.0410237)
(13.925 0.01 -0.0412738)
(13.975 0.01 -0.0415238)
(14.025 0.01 -0.0417735)
(14.075 0.01 -0.0420231)
(14.125 0.01 -0.042273)
(14.175 0.01 -0.0425231)
(14.225 0.01 -0.0427734)
(14.275 0.01 -0.0430233)
(14.325 0.01 -0.0432732)
(14.375 0.01 -0.0435236)
(14.425 0.01 -0.0437736)
(14.475 0.01 -0.0440238)
(14.525 0.01 -0.0442727)
(14.575 0.01 -0.0445258)
(14.625 0.01 -0.044774)
(14.675 0.01 -0.0450227)
(14.725 0.01 -0.0452744)
(14.7751 0.01 -0.0455328)
(14.8255 0.01 -0.0458936)
(14.875 0.01 -0.0462439)
(14.925 0.01 -0.0465005)
(14.975 0.01 -0.04675)
)
;

boundaryField
{
    inlet
    {
        type            calculated;
        value           nonuniform List<vector> 8((0 0.01 0.001875) (0 0.01 0.005625) (0 0.01 0.009375) (0 0.01 0.013125) (0 0.01 0.016875) (0 0.01 0.020625) (0 0.01 0.024375) (0 0.01 0.028125));
    }
    outlet
    {
        type            calculated;
        value           nonuniform List<vector> 8((15 0.01 -0.073125) (15 0.01 -0.069375) (15 0.01 -0.065625) (15 0.01 -0.061875) (15 0.01 -0.058125) (15 0.01 -0.054375) (15 0.01 -0.050625) (15 0.01 -0.046875));
    }
    sideWall
    {
        type            empty;
    }
    bed
    {
        type            calculated;
        value           nonuniform List<vector> 
300
(
(0.025 0.01 -0.000125)
(0.075 0.01 -0.000375)
(0.125 0.01 -0.000625)
(0.175 0.01 -0.000875)
(0.225 0.01 -0.001125)
(0.275 0.01 -0.001375)
(0.325 0.01 -0.001625)
(0.375 0.01 -0.001875)
(0.425 0.01 -0.002125)
(0.475 0.01 -0.002375)
(0.525 0.01 -0.002625)
(0.575 0.01 -0.002875)
(0.625 0.01 -0.003125)
(0.675 0.01 -0.003375)
(0.725 0.01 -0.003625)
(0.775 0.01 -0.003875)
(0.825 0.01 -0.004125)
(0.875 0.01 -0.004375)
(0.925 0.01 -0.004625)
(0.975 0.01 -0.004875)
(1.025 0.01 -0.005125)
(1.075 0.01 -0.005375)
(1.125 0.01 -0.005625)
(1.175 0.01 -0.005875)
(1.225 0.01 -0.006125)
(1.275 0.01 -0.006375)
(1.325 0.01 -0.006625)
(1.375 0.01 -0.006875)
(1.425 0.01 -0.007125)
(1.475 0.01 -0.007375)
(1.525 0.01 -0.007625)
(1.575 0.01 -0.007875)
(1.625 0.01 -0.008125)
(1.675 0.01 -0.008375)
(1.725 0.01 -0.008625)
(1.775 0.01 -0.008875)
(1.825 0.01 -0.009125)
(1.875 0.01 -0.009375)
(1.925 0.01 -0.009625)
(1.975 0.01 -0.009875)
(2.025 0.01 -0.010125)
(2.075 0.01 -0.010375)
(2.125 0.01 -0.010625)
(2.175 0.01 -0.010875)
(2.225 0.01 -0.011125)
(2.275 0.01 -0.011375)
(2.325 0.01 -0.011625)
(2.375 0.01 -0.011875)
(2.425 0.01 -0.012125)
(2.475 0.01 -0.012375)
(2.525 0.01 -0.012625)
(2.575 0.01 -0.012875)
(2.625 0.01 -0.013125)
(2.675 0.01 -0.013375)
(2.725 0.01 -0.013625)
(2.775 0.01 -0.013875)
(2.825 0.01 -0.014125)
(2.875 0.01 -0.014375)
(2.925 0.01 -0.014625)
(2.975 0.01 -0.0142194)
(3.025 0.01 -0.013419)
(3.075 0.01 -0.0135149)
(3.125 0.01 -0.0139829)
(3.175 0.01 -0.01421)
(3.225 0.01 -0.0144701)
(3.275 0.01 -0.0147486)
(3.325 0.01 -0.0150352)
(3.375 0.01 -0.0153184)
(3.425 0.01 -0.0155956)
(3.475 0.01 -0.0158678)
(3.525 0.01 -0.0161364)
(3.575 0.01 -0.0164023)
(3.625 0.01 -0.0166656)
(3.675 0.01 -0.0169265)
(3.725 0.01 -0.0171853)
(3.775 0.01 -0.0174423)
(3.825 0.01 -0.0176978)
(3.875 0.01 -0.0179519)
(3.925 0.01 -0.018205)
(3.975 0.01 -0.0184574)
(4.025 0.01 -0.0187091)
(4.075 0.01 -0.0189605)
(4.125 0.01 -0.0192114)
(4.175 0.01 -0.0194621)
(4.225 0.01 -0.0197125)
(4.275 0.01 -0.0199628)
(4.325 0.01 -0.0202128)
(4.375 0.01 -0.0204628)
(4.425 0.01 -0.0207127)
(4.475 0.01 -0.0209625)
(4.525 0.01 -0.0212123)
(4.575 0.01 -0.0214621)
(4.625 0.01 -0.0217119)
(4.675 0.01 -0.0219617)
(4.725 0.01 -0.0222115)
(4.775 0.01 -0.0224613)
(4.825 0.01 -0.0227112)
(4.875 0.01 -0.0229611)
(4.925 0.01 -0.023211)
(4.975 0.01 -0.0234609)
(5.025 0.01 -0.0237107)
(5.075 0.01 -0.0239606)
(5.125 0.01 -0.0242106)
(5.175 0.01 -0.0244606)
(5.225 0.01 -0.0247105)
(5.275 0.01 -0.0249605)
(5.325 0.01 -0.0252105)
(5.375 0.01 -0.0254605)
(5.425 0.01 -0.0257104)
(5.475 0.01 -0.0259604)
(5.525 0.01 -0.0262104)
(5.575 0.01 -0.0264604)
(5.625 0.01 -0.0267104)
(5.675 0.01 -0.0269604)
(5.725 0.01 -0.0272105)
(5.775 0.01 -0.0274605)
(5.825 0.01 -0.0277105)
(5.875 0.01 -0.0279605)
(5.925 0.01 -0.0282105)
(5.975 0.01 -0.0284605)
(6.025 0.01 -0.0287104)
(6.075 0.01 -0.0289604)
(6.125 0.01 -0.0292104)
(6.175 0.01 -0.0294604)
(6.225 0.01 -0.0297104)
(6.275 0.01 -0.0299604)
(6.325 0.01 -0.0302105)
(6.375 0.01 -0.0304605)
(6.425 0.01 -0.0307105)
(6.475 0.01 -0.0309605)
(6.525 0.01 -0.0312105)
(6.575 0.01 -0.0314605)
(6.625 0.01 -0.0317105)
(6.675 0.01 -0.0319605)
(6.725 0.01 -0.0322105)
(6.775 0.01 -0.0324605)
(6.825 0.01 -0.0327105)
(6.875 0.01 -0.0329605)
(6.925 0.01 -0.0332104)
(6.975 0.01 -0.0334604)
(7.025 0.01 -0.0337104)
(7.075 0.01 -0.0339604)
(7.125 0.01 -0.0342103)
(7.175 0.01 -0.0344604)
(7.225 0.01 -0.0347104)
(7.275 0.01 -0.0349605)
(7.325 0.01 -0.0352105)
(7.375 0.01 -0.0354605)
(7.425 0.01 -0.0357104)
(7.475 0.01 -0.0359605)
(7.525 0.01 -0.0362104)
(7.575 0.01 -0.0364605)
(7.625 0.01 -0.0367103)
(7.675 0.01 -0.0369604)
(7.725 0.01 -0.0372102)
(7.775 0.01 -0.0374603)
(7.825 0.01 -0.0377101)
(7.875 0.01 -0.0379602)
(7.925 0.01 -0.03821)
(7.975 0.01 -0.0384601)
(8.025 0.01 -0.0387098)
(8.075 0.01 -0.0389599)
(8.125 0.01 -0.0392096)
(8.175 0.01 -0.0394597)
(8.225 0.01 -0.0397093)
(8.275 0.01 -0.0399595)
(8.325 0.01 -0.0402091)
(8.375 0.01 -0.0404593)
(8.425 0.01 -0.0407088)
(8.475 0.01 -0.040959)
(8.525 0.01 -0.0412085)
(8.575 0.01 -0.0414587)
(8.625 0.01 -0.0417082)
(8.675 0.01 -0.0419583)
(8.725 0.01 -0.0422078)
(8.775 0.01 -0.0424579)
(8.825 0.01 -0.0427074)
(8.875 0.01 -0.0429575)
(8.925 0.01 -0.043207)
(8.975 0.01 -0.0434571)
(9.025 0.01 -0.0437067)
(9.075 0.01 -0.0439567)
(9.125 0.01 -0.0442064)
(9.175 0.01 -0.0444564)
(9.225 0.01 -0.0447061)
(9.275 0.01 -0.0449561)
(9.325 0.01 -0.0452058)
(9.375 0.01 -0.0454558)
(9.425 0.01 -0.0457056)
(9.475 0.01 -0.0459555)
(9.525 0.01 -0.0462054)
(9.575 0.01 -0.0464553)
(9.625 0.01 -0.0467052)
(9.675 0.01 -0.0469551)
(9.725 0.01 -0.047205)
(9.775 0.01 -0.0474549)
(9.825 0.01 -0.0477049)
(9.875 0.01 -0.0479547)
(9.925 0.01 -0.0482048)
(9.975 0.01 -0.0484546)
(10.025 0.01 -0.0487047)
(10.075 0.01 -0.0489546)
(10.125 0.01 -0.0492047)
(10.175 0.01 -0.0494546)
(10.225 0.01 -0.0497048)
(10.275 0.01 -0.0499546)
(10.325 0.01 -0.0502047)
(10.375 0.01 -0.0504545)
(10.425 0.01 -0.0507047)
(10.475 0.01 -0.0509545)
(10.525 0.01 -0.0512048)
(10.575 0.01 -0.0514546)
(10.625 0.01 -0.0517049)
(10.675 0.01 -0.0519547)
(10.725 0.01 -0.052205)
(10.775 0.01 -0.0524548)
(10.825 0.01 -0.052705)
(10.875 0.01 -0.0529548)
(10.925 0.01 -0.0532051)
(10.975 0.01 -0.053455)
(11.025 0.01 -0.0537053)
(11.075 0.01 -0.0539551)
(11.125 0.01 -0.0542055)
(11.175 0.01 -0.0544553)
(11.225 0.01 -0.0547056)
(11.275 0.01 -0.0549554)
(11.325 0.01 -0.0552057)
(11.375 0.01 -0.0554556)
(11.425 0.01 -0.0557059)
(11.475 0.01 -0.0559558)
(11.525 0.01 -0.0562061)
(11.575 0.01 -0.056456)
(11.625 0.01 -0.0567062)
(11.675 0.01 -0.0569561)
(11.725 0.01 -0.0572064)
(11.775 0.01 -0.0574563)
(11.825 0.01 -0.0577066)
(11.875 0.01 -0.0579566)
(11.925 0.01 -0.0582068)
(11.975 0.01 -0.0584568)
(12.025 0.01 -0.0587069)
(12.075 0.01 -0.0589569)
(12.125 0.01 -0.0592071)
(12.175 0.01 -0.0594571)
(12.225 0.01 -0.0597073)
(12.275 0.01 -0.0599573)
(12.325 0.01 -0.0602075)
(12.375 0.01 -0.0604575)
(12.425 0.01 -0.0607076)
(12.475 0.01 -0.0609576)
(12.525 0.01 -0.0612077)
(12.575 0.01 -0.0614577)
(12.625 0.01 -0.0617078)
(12.675 0.01 -0.0619579)
(12.725 0.01 -0.062208)
(12.775 0.01 -0.062458)
(12.825 0.01 -0.062708)
(12.875 0.01 -0.062958)
(12.925 0.01 -0.063208)
(12.975 0.01 -0.063458)
(13.025 0.01 -0.0637081)
(13.075 0.01 -0.0639582)
(13.125 0.01 -0.0642082)
(13.175 0.01 -0.0644582)
(13.225 0.01 -0.0647082)
(13.275 0.01 -0.0649582)
(13.325 0.01 -0.0652082)
(13.375 0.01 -0.0654581)
(13.425 0.01 -0.0657082)
(13.475 0.01 -0.0659582)
(13.525 0.01 -0.0662083)
(13.575 0.01 -0.0664583)
(13.625 0.01 -0.0667083)
(13.675 0.01 -0.0669582)
(13.725 0.01 -0.0672081)
(13.775 0.01 -0.0674581)
(13.825 0.01 -0.0677081)
(13.875 0.01 -0.0679581)
(13.925 0.01 -0.0682081)
(13.975 0.01 -0.068458)
(14.025 0.01 -0.068708)
(14.075 0.01 -0.0689579)
(14.125 0.01 -0.0692078)
(14.175 0.01 -0.0694577)
(14.225 0.01 -0.069708)
(14.275 0.01 -0.0699568)
(14.325 0.01 -0.0702062)
(14.375 0.01 -0.0704586)
(14.425 0.01 -0.0707083)
(14.475 0.01 -0.0709606)
(14.525 0.01 -0.0712013)
(14.575 0.01 -0.0714742)
(14.625 0.01 -0.0717125)
(14.675 0.01 -0.0719501)
(14.725 0.01 -0.072217)
(14.775 0.01 -0.0724852)
(14.825 0.01 -0.0734484)
(14.875 0.01 -0.074375)
(14.925 0.01 -0.074625)
(14.975 0.01 -0.074875)
)
;
    }
    topWall
    {
        type            calculated;
        value           nonuniform List<vector> 
300
(
(0.025 0.01 0.029875)
(0.075 0.01 0.029625)
(0.125 0.01 0.029375)
(0.175 0.01 0.029125)
(0.225 0.01 0.028875)
(0.275 0.01 0.028625)
(0.325 0.01 0.028375)
(0.375 0.01 0.028125)
(0.425 0.01 0.027875)
(0.475 0.01 0.027625)
(0.525 0.01 0.027375)
(0.575 0.01 0.027125)
(0.625 0.01 0.026875)
(0.675 0.01 0.026625)
(0.725 0.01 0.026375)
(0.775 0.01 0.026125)
(0.825 0.01 0.025875)
(0.875 0.01 0.025625)
(0.925 0.01 0.025375)
(0.975 0.01 0.025125)
(1.025 0.01 0.024875)
(1.075 0.01 0.024625)
(1.125 0.01 0.024375)
(1.175 0.01 0.024125)
(1.225 0.01 0.023875)
(1.275 0.01 0.023625)
(1.325 0.01 0.023375)
(1.375 0.01 0.023125)
(1.425 0.01 0.022875)
(1.475 0.01 0.022625)
(1.525 0.01 0.022375)
(1.575 0.01 0.022125)
(1.625 0.01 0.021875)
(1.675 0.01 0.021625)
(1.725 0.01 0.021375)
(1.775 0.01 0.021125)
(1.825 0.01 0.020875)
(1.875 0.01 0.020625)
(1.925 0.01 0.020375)
(1.975 0.01 0.020125)
(2.025 0.01 0.019875)
(2.075 0.01 0.019625)
(2.125 0.01 0.019375)
(2.175 0.01 0.019125)
(2.225 0.01 0.018875)
(2.275 0.01 0.018625)
(2.325 0.01 0.018375)
(2.375 0.01 0.018125)
(2.425 0.01 0.017875)
(2.475 0.01 0.017625)
(2.525 0.01 0.017375)
(2.575 0.01 0.017125)
(2.625 0.01 0.016875)
(2.675 0.01 0.016625)
(2.725 0.01 0.016375)
(2.775 0.01 0.016125)
(2.825 0.01 0.015875)
(2.875 0.01 0.015625)
(2.925 0.01 0.015375)
(2.975 0.01 0.015125)
(3.025 0.01 0.014875)
(3.075 0.01 0.014625)
(3.125 0.01 0.014375)
(3.175 0.01 0.014125)
(3.225 0.01 0.013875)
(3.275 0.01 0.013625)
(3.325 0.01 0.013375)
(3.375 0.01 0.013125)
(3.425 0.01 0.012875)
(3.475 0.01 0.012625)
(3.525 0.01 0.012375)
(3.575 0.01 0.012125)
(3.625 0.01 0.011875)
(3.675 0.01 0.011625)
(3.725 0.01 0.011375)
(3.775 0.01 0.011125)
(3.825 0.01 0.010875)
(3.875 0.01 0.010625)
(3.925 0.01 0.010375)
(3.975 0.01 0.010125)
(4.025 0.01 0.009875)
(4.075 0.01 0.009625)
(4.125 0.01 0.009375)
(4.175 0.01 0.009125)
(4.225 0.01 0.008875)
(4.275 0.01 0.008625)
(4.325 0.01 0.008375)
(4.375 0.01 0.008125)
(4.425 0.01 0.007875)
(4.475 0.01 0.007625)
(4.525 0.01 0.007375)
(4.575 0.01 0.007125)
(4.625 0.01 0.006875)
(4.675 0.01 0.006625)
(4.725 0.01 0.006375)
(4.775 0.01 0.006125)
(4.825 0.01 0.005875)
(4.875 0.01 0.005625)
(4.925 0.01 0.005375)
(4.975 0.01 0.005125)
(5.025 0.01 0.004875)
(5.075 0.01 0.004625)
(5.125 0.01 0.004375)
(5.175 0.01 0.004125)
(5.225 0.01 0.003875)
(5.275 0.01 0.003625)
(5.325 0.01 0.003375)
(5.375 0.01 0.003125)
(5.425 0.01 0.002875)
(5.475 0.01 0.002625)
(5.525 0.01 0.002375)
(5.575 0.01 0.002125)
(5.625 0.01 0.001875)
(5.675 0.01 0.001625)
(5.725 0.01 0.001375)
(5.775 0.01 0.001125)
(5.825 0.01 0.000875)
(5.875 0.01 0.000625)
(5.925 0.01 0.000375)
(5.975 0.01 0.000125)
(6.025 0.01 -0.000125)
(6.075 0.01 -0.000375)
(6.125 0.01 -0.000625)
(6.175 0.01 -0.000875)
(6.225 0.01 -0.001125)
(6.275 0.01 -0.001375)
(6.325 0.01 -0.001625)
(6.375 0.01 -0.001875)
(6.425 0.01 -0.002125)
(6.475 0.01 -0.002375)
(6.525 0.01 -0.002625)
(6.575 0.01 -0.002875)
(6.625 0.01 -0.003125)
(6.675 0.01 -0.003375)
(6.725 0.01 -0.003625)
(6.775 0.01 -0.003875)
(6.825 0.01 -0.004125)
(6.875 0.01 -0.004375)
(6.925 0.01 -0.004625)
(6.975 0.01 -0.004875)
(7.025 0.01 -0.005125)
(7.075 0.01 -0.005375)
(7.125 0.01 -0.005625)
(7.175 0.01 -0.005875)
(7.225 0.01 -0.006125)
(7.275 0.01 -0.006375)
(7.325 0.01 -0.006625)
(7.375 0.01 -0.006875)
(7.425 0.01 -0.007125)
(7.475 0.01 -0.007375)
(7.525 0.01 -0.007625)
(7.575 0.01 -0.007875)
(7.625 0.01 -0.008125)
(7.675 0.01 -0.008375)
(7.725 0.01 -0.008625)
(7.775 0.01 -0.008875)
(7.825 0.01 -0.009125)
(7.875 0.01 -0.009375)
(7.925 0.01 -0.009625)
(7.975 0.01 -0.009875)
(8.025 0.01 -0.010125)
(8.075 0.01 -0.010375)
(8.125 0.01 -0.010625)
(8.175 0.01 -0.010875)
(8.225 0.01 -0.011125)
(8.275 0.01 -0.011375)
(8.325 0.01 -0.011625)
(8.375 0.01 -0.011875)
(8.425 0.01 -0.012125)
(8.475 0.01 -0.012375)
(8.525 0.01 -0.012625)
(8.575 0.01 -0.012875)
(8.625 0.01 -0.013125)
(8.675 0.01 -0.013375)
(8.725 0.01 -0.013625)
(8.775 0.01 -0.013875)
(8.825 0.01 -0.014125)
(8.875 0.01 -0.014375)
(8.925 0.01 -0.014625)
(8.975 0.01 -0.014875)
(9.025 0.01 -0.015125)
(9.075 0.01 -0.015375)
(9.125 0.01 -0.015625)
(9.175 0.01 -0.015875)
(9.225 0.01 -0.016125)
(9.275 0.01 -0.016375)
(9.325 0.01 -0.016625)
(9.375 0.01 -0.016875)
(9.425 0.01 -0.017125)
(9.475 0.01 -0.017375)
(9.525 0.01 -0.017625)
(9.575 0.01 -0.017875)
(9.625 0.01 -0.018125)
(9.675 0.01 -0.018375)
(9.725 0.01 -0.018625)
(9.775 0.01 -0.018875)
(9.825 0.01 -0.019125)
(9.875 0.01 -0.019375)
(9.925 0.01 -0.019625)
(9.975 0.01 -0.019875)
(10.025 0.01 -0.020125)
(10.075 0.01 -0.020375)
(10.125 0.01 -0.020625)
(10.175 0.01 -0.020875)
(10.225 0.01 -0.021125)
(10.275 0.01 -0.021375)
(10.325 0.01 -0.021625)
(10.375 0.01 -0.021875)
(10.425 0.01 -0.022125)
(10.475 0.01 -0.022375)
(10.525 0.01 -0.022625)
(10.575 0.01 -0.022875)
(10.625 0.01 -0.023125)
(10.675 0.01 -0.023375)
(10.725 0.01 -0.023625)
(10.775 0.01 -0.023875)
(10.825 0.01 -0.024125)
(10.875 0.01 -0.024375)
(10.925 0.01 -0.024625)
(10.975 0.01 -0.024875)
(11.025 0.01 -0.025125)
(11.075 0.01 -0.025375)
(11.125 0.01 -0.025625)
(11.175 0.01 -0.025875)
(11.225 0.01 -0.026125)
(11.275 0.01 -0.026375)
(11.325 0.01 -0.026625)
(11.375 0.01 -0.026875)
(11.425 0.01 -0.027125)
(11.475 0.01 -0.027375)
(11.525 0.01 -0.027625)
(11.575 0.01 -0.027875)
(11.625 0.01 -0.028125)
(11.675 0.01 -0.028375)
(11.725 0.01 -0.028625)
(11.775 0.01 -0.028875)
(11.825 0.01 -0.029125)
(11.875 0.01 -0.029375)
(11.925 0.01 -0.029625)
(11.975 0.01 -0.029875)
(12.025 0.01 -0.030125)
(12.075 0.01 -0.030375)
(12.125 0.01 -0.030625)
(12.175 0.01 -0.030875)
(12.225 0.01 -0.031125)
(12.275 0.01 -0.031375)
(12.325 0.01 -0.031625)
(12.375 0.01 -0.031875)
(12.425 0.01 -0.032125)
(12.475 0.01 -0.032375)
(12.525 0.01 -0.032625)
(12.575 0.01 -0.032875)
(12.625 0.01 -0.033125)
(12.675 0.01 -0.033375)
(12.725 0.01 -0.033625)
(12.775 0.01 -0.033875)
(12.825 0.01 -0.034125)
(12.875 0.01 -0.034375)
(12.925 0.01 -0.034625)
(12.975 0.01 -0.034875)
(13.025 0.01 -0.035125)
(13.075 0.01 -0.035375)
(13.125 0.01 -0.035625)
(13.175 0.01 -0.035875)
(13.225 0.01 -0.036125)
(13.275 0.01 -0.036375)
(13.325 0.01 -0.036625)
(13.375 0.01 -0.036875)
(13.425 0.01 -0.037125)
(13.475 0.01 -0.037375)
(13.525 0.01 -0.037625)
(13.575 0.01 -0.037875)
(13.625 0.01 -0.038125)
(13.675 0.01 -0.038375)
(13.725 0.01 -0.038625)
(13.775 0.01 -0.038875)
(13.825 0.01 -0.039125)
(13.875 0.01 -0.039375)
(13.925 0.01 -0.039625)
(13.975 0.01 -0.039875)
(14.025 0.01 -0.040125)
(14.075 0.01 -0.040375)
(14.125 0.01 -0.040625)
(14.175 0.01 -0.040875)
(14.225 0.01 -0.041125)
(14.275 0.01 -0.041375)
(14.325 0.01 -0.041625)
(14.375 0.01 -0.041875)
(14.425 0.01 -0.042125)
(14.475 0.01 -0.042375)
(14.525 0.01 -0.042625)
(14.575 0.01 -0.042875)
(14.625 0.01 -0.043125)
(14.675 0.01 -0.043375)
(14.725 0.01 -0.043625)
(14.775 0.01 -0.043875)
(14.825 0.01 -0.044125)
(14.875 0.01 -0.044375)
(14.925 0.01 -0.044625)
(14.975 0.01 -0.044875)
)
;
    }
}


// ************************************************************************* //
