/*--------------------------------*- C++ -*----------------------------------*\
| =========                 |                                                 |
| \\      /  F ield         | foam-extend: Open Source CFD                    |
|  \\    /   O peration     | Version:     3.2                                |
|   \\  /    A nd           | Web:         http://www.foam-extend.org         |
|    \\/     M anipulation  | For copyright notice see file Copyright         |
\*---------------------------------------------------------------------------*/
FoamFile
{
    version     2.0;
    format      ascii;
    class       volVectorField;
    location    "2000";
    object      U;
}
// * * * * * * * * * * * * * * * * * * * * * * * * * * * * * * * * * * * * * //

dimensions      [0 1 -1 0 0 0 0];

internalField   nonuniform List<vector> 
2400
(
(0.24928 0 0.00356232)
(0.205995 0 0.00155571)
(0.169046 0 0.000162822)
(0.153279 0 -0.000492853)
(0.145729 -1.28461e-26 -0.000674202)
(0.143381 -1.34723e-42 -0.000738417)
(0.142363 -7.97893e-27 -0.000758655)
(0.142479 2.26856e-43 -0.000758784)
(0.142772 5.90032e-27 -0.000758538)
(0.143326 1.6063e-42 -0.000758387)
(0.143938 2.85089e-27 -0.000756337)
(0.144525 1.90213e-27 -0.000753418)
(0.145072 0 -0.00075478)
(0.145682 8.46462e-28 -0.000756219)
(0.146214 1.09378e-27 -0.000756712)
(0.146774 -7.13159e-29 -0.000760716)
(0.147384 -2.75612e-28 -0.000762835)
(0.147968 5.80131e-28 -0.000764929)
(0.148569 -8.24172e-28 -0.000767494)
(0.149167 0 -0.00076991)
(0.149762 0 -0.000772492)
(0.150365 1.22684e-27 -0.000776776)
(0.151015 1.31261e-27 -0.000782083)
(0.151709 0 -0.000785896)
(0.152377 0 -0.000787147)
(0.152984 1.28922e-27 -0.000787737)
(0.153533 0 -0.000787744)
(0.154013 0 -0.000787438)
(0.154431 0 -0.000786947)
(0.154787 9.08512e-28 -0.000786499)
(0.155094 0 -0.000786201)
(0.155358 0 -0.000785688)
(0.155575 -6.46616e-28 -0.000785042)
(0.155752 0 -0.000784395)
(0.155891 0 -0.000783978)
(0.156009 0 -0.000783827)
(0.156106 -3.45278e-28 -0.00078368)
(0.156189 0 -0.000783597)
(0.156259 0 -0.000783521)
(0.156319 0 -0.000783491)
(0.156368 -1.90933e-28 -0.000783446)
(0.156413 -2.52165e-43 -0.000783434)
(0.156448 0 -0.000783402)
(0.156482 0 -0.000783397)
(0.156505 -1.03211e-28 -0.000783364)
(0.156532 0 -0.000783386)
(0.156547 -2.53043e-43 -0.000783326)
(0.156568 0 -0.00078341)
(0.156578 0 -0.000783328)
(0.156597 0 -0.00078335)
(0.156595 0 -0.000783326)
(0.15663 -1.00617e-36 -0.000783409)
(0.156582 0 -0.000783032)
(0.156702 -1.60578e-34 -0.000783924)
(0.156469 0 -0.000781961)
(0.156972 0 -0.000785438)
(0.155892 2.68246e-31 -0.000773529)
(0.157985 0 -0.00073203)
(0.150749 0 -0.000886271)
(0.166305 -2.92097e-25 0.0024446)
(0.190208 -4.8065e-26 0.00223278)
(0.174632 0 -0.00178525)
(0.164657 -2.69396e-26 -0.00080074)
(0.168654 -1.21411e-26 -0.000866373)
(0.167194 -3.73465e-27 -0.000889968)
(0.166936 0 -0.000943968)
(0.166462 -6.08652e-31 -0.000948123)
(0.166315 0 -0.000932274)
(0.166292 9.22681e-28 -0.000919269)
(0.166318 -7.00232e-28 -0.000902377)
(0.166355 0 -0.000893439)
(0.166385 -3.15159e-28 -0.000883084)
(0.166427 1.92822e-28 -0.000875509)
(0.166463 -8.3123e-29 -0.000867407)
(0.166505 0 -0.000861509)
(0.16654 1.20765e-28 -0.000855133)
(0.166578 -5.98323e-29 -0.000850562)
(0.16661 -7.80823e-29 -0.000846414)
(0.166639 0 -0.00084341)
(0.166661 -1.51582e-28 -0.000840923)
(0.166679 -6.85467e-29 -0.000839186)
(0.166694 0 -0.000837654)
(0.166705 0 -0.000836699)
(0.166713 5.30033e-29 -0.000835558)
(0.166723 4.22586e-29 -0.000835049)
(0.166726 0 -0.000834422)
(0.166734 3.72485e-29 -0.000833848)
(0.166737 0 -0.000833601)
(0.166742 2.80491e-29 -0.000833187)
(0.166744 -6.93398e-33 -0.000833294)
(0.166748 1.98346e-29 -0.000833011)
(0.166748 0 -0.000833227)
(0.16675 1.40642e-29 -0.000833064)
(0.166751 -1.01906e-29 -0.000833109)
(0.166753 -1.24824e-29 -0.000833042)
(0.166753 1.37313e-30 -0.000833402)
(0.166753 -6.80196e-33 -0.000833292)
(0.166754 9.57903e-31 -0.000833411)
(0.166754 9.2081e-30 -0.000833362)
(0.166755 0 -0.000833427)
(0.166755 -1.26894e-33 -0.000833444)
(0.166756 0 -0.00083342)
(0.166755 5.12894e-33 -0.000833713)
(0.166755 9.17809e-31 -0.000833694)
(0.166755 7.91773e-32 -0.000833702)
(0.166755 -2.14504e-31 -0.000833708)
(0.166756 0 -0.000833685)
(0.166756 8.07367e-34 -0.000833705)
(0.166756 1.48468e-30 -0.000833673)
(0.166756 -1.41931e-33 -0.000833715)
(0.166757 2.2887e-30 -0.000833676)
(0.166756 0 -0.000833924)
(0.166755 2.30011e-30 -0.000833817)
(0.166755 0 -0.000833868)
(0.166755 0 -0.000833801)
(0.166755 -1.22705e-31 -0.000833825)
(0.166756 8.29105e-31 -0.000833762)
(0.166756 0 -0.000833788)
(0.166756 -1.68045e-30 -0.000833725)
(0.166756 0 -0.000833775)
(0.166756 2.04658e-30 -0.000833698)
(0.166757 0 -0.000833756)
(0.166756 0 -0.000833728)
(0.166758 0 -0.000833721)
(0.166756 4.40119e-30 -0.000833928)
(0.166756 1.75642e-30 -0.00083381)
(0.166755 -2.4423e-30 -0.00083395)
(0.166756 2.03149e-30 -0.000833745)
(0.166754 3.24972e-30 -0.000833919)
(0.166757 2.40863e-30 -0.00083368)
(0.166754 1.22281e-32 -0.00083392)
(0.166757 0 -0.000833607)
(0.166754 0 -0.00083394)
(0.166757 2.45987e-30 -0.000833541)
(0.166755 -3.7339e-30 -0.000833992)
(0.166756 0 -0.000833409)
(0.166757 0 -0.000834045)
(0.166754 0 -0.000833516)
(0.166761 0 -0.000833577)
(0.166749 0 -0.000834227)
(0.166767 -1.57943e-29 -0.000833074)
(0.166745 1.62175e-29 -0.000834601)
(0.166771 1.6465e-29 -0.000832689)
(0.16674 -2.52976e-29 -0.00083527)
(0.166773 0 -0.000832227)
(0.166734 6.64371e-29 -0.000835779)
(0.166778 0 -0.000831512)
(0.166727 0 -0.000836448)
(0.166785 -2.70375e-31 -0.00083064)
(0.16672 0 -0.000837297)
(0.166792 -6.84816e-29 -0.00082958)
(0.166712 0 -0.000838341)
(0.166801 0 -0.000828335)
(0.166703 -9.18301e-29 -0.000839601)
(0.166811 -1.06932e-28 -0.000826881)
(0.166692 -6.62031e-31 -0.000841071)
(0.166821 0 -0.000825207)
(0.166681 0 -0.000842758)
(0.166832 0 -0.000823316)
(0.166669 9.94348e-31 -0.000844658)
(0.166844 0 -0.000821215)
(0.166657 0 -0.000846757)
(0.166856 0 -0.000818921)
(0.166644 0 -0.000849041)
(0.166869 0 -0.000816467)
(0.166632 0 -0.000851474)
(0.166881 -2.80046e-28 -0.000813882)
(0.16662 0 -0.000854018)
(0.166892 0 -0.000811212)
(0.166608 0 -0.000856621)
(0.166902 0 -0.000808516)
(0.166598 -3.52368e-28 -0.000859233)
(0.166911 3.81944e-28 -0.000805815)
(0.166589 3.81131e-28 -0.00086162)
(0.166922 0 -0.000803148)
(0.166583 0 -0.000864111)
(0.166928 -4.31461e-28 -0.000800781)
(0.166578 0 -0.000866433)
(0.166932 0 -0.000798648)
(0.166575 0 -0.000868498)
(0.166934 0 -0.000796791)
(0.166573 0 -0.000870376)
(0.166935 0 -0.000795092)
(0.166574 0 -0.000872017)
(0.166933 5.34399e-28 -0.000793668)
(0.166576 0 -0.000873393)
(0.16693 0 -0.000792533)
(0.16658 0 -0.000874485)
(0.166925 -5.88575e-28 -0.000791707)
(0.166585 0 -0.000875269)
(0.166919 0 -0.000791209)
(0.166592 6.12608e-28 -0.00087573)
(0.166911 -6.21546e-28 -0.000791033)
(0.1666 -6.2728e-28 -0.000875669)
(0.166905 0 -0.000791135)
(0.166611 0 -0.000875478)
(0.166895 0 -0.000791683)
(0.166621 -6.38348e-28 -0.000874992)
(0.166884 0 -0.000792569)
(0.166633 0 -0.000874157)
(0.166873 6.33567e-28 -0.000793792)
(0.166644 6.33898e-28 -0.000872967)
(0.166862 -6.18374e-28 -0.000795262)
(0.166656 -6.16287e-28 -0.000871508)
(0.166851 -3.33222e-30 -0.000796938)
(0.166668 0 -0.000869633)
(0.166844 0 -0.000798748)
(0.166681 0 -0.000867787)
(0.166834 -5.54326e-28 -0.000800823)
(0.166692 5.50205e-28 -0.000865823)
(0.166825 1.05785e-27 -0.000803033)
(0.166703 0 -0.000863743)
(0.166816 0 -0.000805322)
(0.166713 0 -0.00086158)
(0.166808 4.59766e-28 -0.000807626)
(0.166723 0 -0.000859203)
(0.166803 -4.22376e-28 -0.000809845)
(0.166732 0 -0.000857012)
(0.166797 -3.90349e-28 -0.000812148)
(0.16674 0 -0.000854868)
(0.166792 -3.44842e-28 -0.000814465)
(0.166747 3.17524e-28 -0.000852724)
(0.166787 0 -0.000816708)
(0.166753 2.76983e-28 -0.000850463)
(0.166784 0 -0.000818775)
(0.166758 2.19364e-28 -0.000848406)
(0.166781 -1.96458e-28 -0.000820821)
(0.166763 -1.63428e-28 -0.000846567)
(0.166779 0 -0.00082268)
(0.166766 0 -0.000844955)
(0.166777 -1.04287e-28 -0.000824203)
(0.16677 0 -0.000843365)
(0.166774 -9.48855e-29 -0.000825621)
(0.166771 0 -0.000842063)
(0.166774 0 -0.000827064)
(0.166773 -2.74171e-28 -0.000840762)
(0.166773 4.11124e-28 -0.000828239)
(0.166776 3.50058e-28 -0.000839554)
(0.166773 0 -0.000829191)
(0.166775 0 -0.000838721)
(0.166771 0 -0.000830077)
(0.166774 0 -0.000837898)
(0.166771 2.36052e-28 -0.000830904)
(0.166775 -1.8679e-28 -0.000837142)
(0.166773 -2.28037e-31 -0.000831434)
(0.166777 2.92875e-28 -0.000836453)
(0.166773 -1.19774e-28 -0.000832084)
(0.166774 0 -0.000835982)
(0.16677 -1.95208e-28 -0.000832529)
(0.166772 0 -0.000835543)
(0.166771 0 -0.000832688)
(0.166775 -8.47848e-32 -0.00083508)
(0.166774 0 -0.000833107)
(0.166775 2.31941e-29 -0.000834898)
(0.166772 0 -0.000833375)
(0.166771 0 -0.000834577)
(0.16677 2.74156e-29 -0.000833362)
(0.16677 -5.98073e-32 -0.000834465)
(0.16677 0 -0.000833411)
(0.166772 -1.66837e-30 -0.000834411)
(0.166772 2.81166e-29 -0.000833618)
(0.166773 1.2396e-29 -0.000834257)
(0.166773 0 -0.000833594)
(0.166769 2.90128e-29 -0.000834299)
(0.16677 0 -0.000833553)
(0.166766 -2.32008e-29 -0.000834243)
(0.166771 3.83978e-32 -0.000833409)
(0.166771 1.78201e-29 -0.000834157)
(0.166774 0 -0.000833465)
(0.166773 0 -0.000834379)
(0.16677 2.17907e-32 -0.000833676)
(0.166769 3.64268e-29 -0.00083402)
(0.166769 -4.44582e-30 -0.00083367)
(0.166763 2.67718e-29 -0.000834049)
(0.166775 0 -0.000833289)
(0.166767 2.38713e-29 -0.000834225)
(0.166779 -1.74543e-29 -0.000833074)
(0.166773 6.07968e-30 -0.000834591)
(0.166773 4.75342e-29 -0.000832637)
(0.166775 0 -0.00083445)
(0.166764 0 -0.000833759)
(0.166774 1.40601e-29 -0.000833592)
(0.166765 0 -0.000834056)
(0.166793 0 -0.000832835)
(0.166759 -9.32781e-29 -0.000836168)
(0.166775 2.20312e-28 -0.000825021)
(0.166865 0 -0.000839659)
(0.166628 0 -0.000839761)
(0.166982 -9.77092e-28 -0.000821025)
(0.166099 -8.02728e-28 -0.000862241)
(0.167854 0 -0.000773237)
(0.165978 0 -0.000994162)
(0.166307 -7.40578e-27 -0.000612517)
(0.168266 0 -0.00100868)
(0.16389 0 -0.00082402)
(0.176522 1.59617e-28 -0.000970911)
(0.149219 -1.29359e-24 -0.00371147)
(0.141293 -6.31441e-26 -0.00118179)
(0.153812 0 -0.000988828)
(0.153971 8.18082e-27 -0.000712781)
(0.2955 0 0.00428677)
(0.288697 0 0.00249829)
(0.270782 0 0.00146776)
(0.25778 0 0.000186152)
(0.247743 0 -0.000573324)
(0.242165 5.13395e-26 -0.00091495)
(0.237988 1.81222e-26 -0.00107016)
(0.235608 1.49718e-26 -0.00114414)
(0.233775 1.23563e-26 -0.00117892)
(0.232602 1.84793e-26 -0.00119993)
(0.231974 6.52448e-27 -0.00121034)
(0.231622 -4.88976e-27 -0.00121016)
(0.231581 3.40454e-27 -0.00121586)
(0.231677 -2.24605e-27 -0.00121634)
(0.231913 3.06461e-27 -0.00121509)
(0.232275 -1.24288e-27 -0.00122543)
(0.232775 -4.34336e-28 -0.0012299)
(0.233354 0 -0.00123431)
(0.234033 5.55071e-28 -0.0012395)
(0.234762 0 -0.00124409)
(0.235545 0 -0.00124877)
(0.236355 0 -0.00125628)
(0.237201 2.72222e-27 -0.00126543)
(0.238074 0 -0.00127063)
(0.238912 0 -0.00126963)
(0.23968 0 -0.0012669)
(0.240381 1.68472e-27 -0.00126301)
(0.241005 0 -0.00125869)
(0.241559 1.4638e-27 -0.00125426)
(0.242042 2.64551e-27 -0.00125029)
(0.242465 -1.20644e-27 -0.00124706)
(0.242838 1.09697e-27 -0.00124366)
(0.243155 -9.73069e-28 -0.00124017)
(0.243422 0 -0.00123686)
(0.243638 0 -0.00123435)
(0.243824 0 -0.00123274)
(0.243981 -5.05349e-28 -0.0012314)
(0.244118 4.34685e-28 -0.00123035)
(0.244231 0 -0.00122945)
(0.244333 0 -0.00122874)
(0.244415 -2.75927e-28 -0.00122811)
(0.244491 -4.71538e-28 -0.00122761)
(0.24455 0 -0.00122715)
(0.244607 -3.45524e-28 -0.00122677)
(0.244647 -1.48505e-28 -0.00122644)
(0.244692 0 -0.0012262)
(0.244718 -2.15791e-28 -0.0012259)
(0.244755 0 -0.00122584)
(0.24477 -1.58672e-28 -0.00122558)
(0.244803 0 -0.0012255)
(0.244807 0 -0.0012254)
(0.244847 -1.15998e-28 -0.00122515)
(0.244812 1.49292e-29 -0.00122497)
(0.244917 -1.27134e-28 -0.00122514)
(0.244726 0 -0.00122441)
(0.245151 0 -0.001224)
(0.244241 2.70543e-28 -0.00121099)
(0.245909 0 -0.00107516)
(0.239721 0 -0.00141218)
(0.252498 4.70547e-25 0.00293237)
(0.27754 -2.52548e-26 0.00221133)
(0.271332 0 -0.00219211)
(0.263226 -8.57076e-26 -0.00102625)
(0.265388 -1.16584e-26 -0.00128767)
(0.263994 -7.2033e-27 -0.00135856)
(0.263231 0 -0.00144338)
(0.262192 -3.8442e-27 -0.00145662)
(0.26156 0 -0.00144348)
(0.261119 1.36775e-27 -0.00142587)
(0.260825 -1.81108e-27 -0.0014051)
(0.26062 0 -0.00139279)
(0.260462 0 -0.00137791)
(0.260362 1.7607e-28 -0.00136676)
(0.260291 -1.80104e-29 -0.00135474)
(0.26025 -2.57411e-29 -0.00134543)
(0.260229 1.71133e-28 -0.00133647)
(0.260225 0 -0.00132913)
(0.260227 0 -0.00132268)
(0.260238 0 -0.00131791)
(0.260249 -1.48636e-28 -0.00131392)
(0.260262 -1.30988e-28 -0.00131106)
(0.260274 0 -0.00130857)
(0.260285 1.02116e-28 -0.00130694)
(0.260295 3.13903e-32 -0.00130512)
(0.260307 3.92607e-32 -0.00130422)
(0.260312 -7.44228e-29 -0.0013032)
(0.260324 0 -0.00130229)
(0.260329 0 -0.00130185)
(0.260339 8.82443e-29 -0.00130121)
(0.260344 3.17282e-29 -0.0013013)
(0.26035 0 -0.00130083)
(0.260355 0 -0.00130116)
(0.260358 0 -0.00130088)
(0.260362 -1.60777e-29 -0.00130095)
(0.260366 -7.08209e-30 -0.00130084)
(0.260368 4.94488e-31 -0.00130133)
(0.260369 -1.84651e-29 -0.00130117)
(0.260371 0 -0.00130135)
(0.260372 1.22573e-29 -0.00130128)
(0.260374 0 -0.00130138)
(0.260375 1.00717e-32 -0.00130141)
(0.260377 0 -0.00130141)
(0.260377 1.01742e-29 -0.00130174)
(0.260376 5.66731e-32 -0.00130175)
(0.260377 0 -0.00130177)
(0.260377 -2.74069e-31 -0.00130178)
(0.260377 0 -0.00130175)
(0.260377 -4.55712e-31 -0.00130178)
(0.260378 0 -0.00130174)
(0.260378 -1.10561e-30 -0.0013018)
(0.260379 2.15728e-30 -0.00130173)
(0.260378 0 -0.00130208)
(0.260377 0 -0.00130193)
(0.260377 0 -0.00130202)
(0.260377 -2.6639e-30 -0.00130192)
(0.260377 0 -0.00130196)
(0.260377 0 -0.00130187)
(0.260377 0 -0.0013019)
(0.260377 -2.37001e-30 -0.00130182)
(0.260377 1.9794e-31 -0.00130188)
(0.260378 6.48162e-30 -0.00130178)
(0.260378 2.30589e-30 -0.00130185)
(0.260378 -1.50545e-30 -0.00130182)
(0.260379 0 -0.00130179)
(0.260378 0 -0.00130208)
(0.260378 2.29265e-30 -0.00130192)
(0.260377 0 -0.00130212)
(0.260377 -5.70801e-30 -0.00130185)
(0.260376 4.30872e-30 -0.00130208)
(0.260377 6.62178e-30 -0.00130176)
(0.260376 8.85288e-30 -0.00130208)
(0.260377 0 -0.00130165)
(0.260376 4.96659e-30 -0.00130211)
(0.260378 0 -0.00130155)
(0.260376 -4.14655e-30 -0.00130217)
(0.260378 2.08993e-29 -0.00130138)
(0.260378 0 -0.00130226)
(0.260376 0 -0.00130153)
(0.260381 0 -0.00130159)
(0.260375 0 -0.0013025)
(0.260383 -4.3695e-29 -0.00130093)
(0.260373 4.69285e-29 -0.00130299)
(0.260386 9.73616e-29 -0.00130041)
(0.26037 1.96352e-31 -0.0013039)
(0.260386 0 -0.00129977)
(0.260365 1.67681e-28 -0.00130461)
(0.260389 1.02187e-28 -0.00129879)
(0.260361 0 -0.00130554)
(0.260393 -1.32433e-28 -0.00129758)
(0.260356 0 -0.00130673)
(0.260399 -1.68198e-28 -0.0012961)
(0.260351 1.79451e-28 -0.00130819)
(0.260406 0 -0.00129435)
(0.260345 -2.21618e-28 -0.00130996)
(0.260414 0 -0.0012923)
(0.260338 -5.39299e-28 -0.00131204)
(0.260423 0 -0.00128992)
(0.26033 -3.2254e-28 -0.00131445)
(0.260433 -3.63002e-28 -0.00128724)
(0.260322 7.55639e-28 -0.00131716)
(0.260445 0 -0.00128423)
(0.260312 0 -0.00132018)
(0.260457 0 -0.00128094)
(0.260302 -4.98274e-28 -0.00132349)
(0.26047 0 -0.0012774)
(0.260292 0 -0.00132702)
(0.260484 0 -0.00127365)
(0.260282 0 -0.00133075)
(0.260498 0 -0.00126976)
(0.260271 -6.72853e-28 -0.00133458)
(0.260513 0 -0.0012658)
(0.260261 -1.43549e-27 -0.00133847)
(0.260526 7.64223e-28 -0.00126182)
(0.260252 -4.3718e-30 -0.00134205)
(0.260542 0 -0.00125787)
(0.260245 0 -0.0013458)
(0.260556 -8.32444e-28 -0.00125429)
(0.260239 0 -0.00134934)
(0.260568 0 -0.00125103)
(0.260233 0 -0.00135253)
(0.260578 0 -0.00124816)
(0.26023 0 -0.00135527)
(0.260584 0 -0.00124585)
(0.26023 0 -0.00135752)
(0.260587 9.10203e-28 -0.00124398)
(0.260231 0 -0.00135935)
(0.260589 0 -0.00124253)
(0.260233 0 -0.00136076)
(0.260588 -9.3886e-28 -0.00124154)
(0.260237 0 -0.00136171)
(0.260586 0 -0.00124102)
(0.260243 -9.50604e-28 -0.00136219)
(0.260582 0 -0.00124096)
(0.260249 6.58186e-30 -0.00136194)
(0.260579 0 -0.00124129)
(0.260258 9.33486e-28 -0.00136148)
(0.260573 9.18959e-28 -0.00124228)
(0.260267 0 -0.0013606)
(0.260565 0 -0.00124374)
(0.260276 0 -0.00135922)
(0.260555 8.5254e-28 -0.00124565)
(0.260286 8.46794e-28 -0.00135738)
(0.260545 0 -0.00124788)
(0.260296 -8.15434e-28 -0.00135517)
(0.260535 5.68309e-30 -0.00125036)
(0.260307 0 -0.0013524)
(0.260526 0 -0.00125302)
(0.260318 -7.31284e-28 -0.00134971)
(0.260517 -6.93456e-28 -0.00125606)
(0.260329 -4.94007e-30 -0.00134685)
(0.260507 -4.74131e-30 -0.00125924)
(0.260339 0 -0.00134384)
(0.260496 0 -0.00126251)
(0.260349 0 -0.00134075)
(0.260486 -5.54571e-28 -0.00126575)
(0.260358 0 -0.00133737)
(0.260477 -5.06562e-28 -0.00126886)
(0.260368 0 -0.00133435)
(0.260468 4.72289e-28 -0.00127204)
(0.260377 0 -0.00133145)
(0.260459 4.41861e-28 -0.0012751)
(0.260385 4.41735e-28 -0.00132869)
(0.26045 -4.22425e-28 -0.00127791)
(0.260391 -4.26535e-28 -0.00132576)
(0.260444 -4.10422e-28 -0.00128043)
(0.260397 8.88006e-28 -0.00132336)
(0.260438 2.06987e-30 -0.00128302)
(0.260401 -4.08774e-28 -0.00132099)
(0.260433 3.88431e-28 -0.00128548)
(0.260403 3.39582e-28 -0.00131856)
(0.260428 -3.5321e-28 -0.0012874)
(0.260406 -3.62728e-28 -0.00131648)
(0.260424 -3.00861e-28 -0.00128961)
(0.260408 0 -0.00131451)
(0.260421 2.98359e-28 -0.00129152)
(0.260411 0 -0.00131222)
(0.260415 7.23076e-28 -0.00129422)
(0.260412 0 -0.00131025)
(0.260414 0 -0.00129543)
(0.260412 5.68795e-28 -0.00130904)
(0.260411 -4.73378e-28 -0.00129667)
(0.26041 0 -0.00130784)
(0.26041 8.4644e-28 -0.00129779)
(0.260409 3.78309e-31 -0.00130672)
(0.260409 -3.40838e-28 -0.00129859)
(0.260409 -2.77842e-31 -0.00130574)
(0.260408 -2.12923e-28 -0.00129953)
(0.260407 0 -0.0013051)
(0.260406 -3.45626e-28 -0.00130012)
(0.260405 -2.06063e-28 -0.00130448)
(0.260405 1.98684e-28 -0.00130035)
(0.260407 -2.04479e-28 -0.00130374)
(0.260406 9.87671e-29 -0.00130094)
(0.260405 3.03811e-29 -0.00130348)
(0.260404 0 -0.00130136)
(0.260403 -7.93735e-29 -0.00130309)
(0.260403 1.60718e-29 -0.0013013)
(0.260403 -7.64849e-29 -0.00130294)
(0.260404 0 -0.00130134)
(0.260403 0 -0.00130276)
(0.260404 0 -0.00130162)
(0.260402 3.00941e-29 -0.00130261)
(0.260404 0 -0.00130166)
(0.2604 -4.86716e-29 -0.00130271)
(0.260402 -1.48247e-29 -0.00130157)
(0.260399 0 -0.00130261)
(0.260404 6.72573e-29 -0.00130136)
(0.260402 3.27352e-29 -0.0013024)
(0.260405 0 -0.00130144)
(0.260402 0 -0.00130272)
(0.260401 -1.67077e-29 -0.0013018)
(0.2604 0 -0.00130232)
(0.260401 2.83206e-31 -0.00130175)
(0.260398 0 -0.00130234)
(0.260405 -8.11192e-29 -0.00130124)
(0.260401 -2.45599e-29 -0.00130243)
(0.260409 5.16903e-31 -0.00130092)
(0.260402 0 -0.0013031)
(0.260404 3.89407e-29 -0.00130027)
(0.260407 0 -0.00130288)
(0.2604 0 -0.00130191)
(0.260408 0 -0.0013017)
(0.260404 0 -0.00130234)
(0.260419 -7.6677e-29 -0.0013004)
(0.260393 -1.98383e-28 -0.00130497)
(0.260412 3.67559e-28 -0.00129024)
(0.260488 -7.57114e-28 -0.00130951)
(0.260294 0 -0.00131061)
(0.260539 1.31934e-30 -0.00128197)
(0.260082 0 -0.00134831)
(0.261128 0 -0.001213)
(0.259681 0 -0.00153219)
(0.260044 -1.46938e-26 -0.000985561)
(0.261636 0 -0.00154205)
(0.258253 0 -0.00142949)
(0.268452 -1.12693e-25 -0.00120347)
(0.243788 -2.28275e-24 -0.00524002)
(0.234858 -1.03506e-25 -0.00192091)
(0.242321 0 -0.00159715)
(0.241907 -2.50403e-27 -0.00135947)
(0.302964 0 0.00427902)
(0.315689 0 0.00263992)
(0.313757 5.76249e-26 0.00178442)
(0.309952 0 0.000679588)
(0.302065 4.28873e-26 -0.000261115)
(0.295553 5.69273e-26 -0.000748542)
(0.289857 4.24651e-26 -0.00102515)
(0.285918 0 -0.00116707)
(0.2826 1.262e-26 -0.00124315)
(0.280217 1.10639e-26 -0.00131404)
(0.278609 0 -0.00136265)
(0.277462 -1.59888e-26 -0.00139082)
(0.276751 6.80637e-27 -0.0014194)
(0.276353 -1.04015e-26 -0.00143776)
(0.276323 0 -0.00145458)
(0.276443 3.08715e-27 -0.00147194)
(0.27678 -5.46574e-27 -0.00148873)
(0.277276 0 -0.00150417)
(0.277913 -2.95995e-27 -0.00151585)
(0.278635 9.95877e-28 -0.00152601)
(0.279441 0 -0.0015343)
(0.280272 0 -0.00154386)
(0.281116 -2.52984e-28 -0.00155491)
(0.281964 -1.55815e-28 -0.0015594)
(0.282772 0 -0.0015539)
(0.283513 0 -0.00154571)
(0.284188 7.35708e-28 -0.00153592)
(0.284792 -7.60438e-28 -0.00152571)
(0.285327 7.37813e-28 -0.00151555)
(0.285796 1.35187e-27 -0.00150636)
(0.286208 -6.32312e-28 -0.00149869)
(0.286573 6.09478e-28 -0.00149093)
(0.286883 0 -0.00148317)
(0.287146 0 -0.00147579)
(0.28736 0 -0.00146993)
(0.287545 0 -0.00146581)
(0.2877 0 -0.0014624)
(0.287836 4.59695e-28 -0.00145958)
(0.287949 0 -0.00145718)
(0.288051 0 -0.00145516)
(0.288133 1.44073e-28 -0.00145342)
(0.288209 -1.03414e-42 -0.00145193)
(0.288267 0 -0.00145066)
(0.288324 -1.03589e-42 -0.00144954)
(0.288364 1.5531e-28 -0.00144863)
(0.288409 -1.30708e-28 -0.00144783)
(0.288435 1.66011e-42 -0.00144712)
(0.288471 0 -0.00144667)
(0.288486 -3.65733e-29 -0.0014461)
(0.288519 0 -0.0014459)
(0.288524 -2.46299e-29 -0.00144539)
(0.288561 -5.34535e-29 -0.00144495)
(0.288531 2.59444e-29 -0.00144439)
(0.288627 -6.15478e-30 -0.00144466)
(0.288454 0 -0.00144323)
(0.288844 0 -0.0014428)
(0.28802 -3.93142e-31 -0.00142021)
(0.28964 -8.52819e-27 -0.00122026)
(0.284794 0 -0.00170117)
(0.294167 -2.12332e-27 0.00223866)
(0.318999 1.8392e-26 0.00192438)
(0.316691 0 -0.00233686)
(0.31013 -3.7525e-26 -0.0012525)
(0.312041 0 -0.0014782)
(0.310861 0 -0.00155664)
(0.310112 0 -0.00163138)
(0.309047 -2.43515e-27 -0.00165254)
(0.308309 -1.50865e-27 -0.0016534)
(0.307749 0 -0.00164516)
(0.307341 -1.17765e-27 -0.00162995)
(0.307042 0 -0.00162096)
(0.306803 -2.29151e-28 -0.00160855)
(0.306636 2.16855e-28 -0.00159886)
(0.306507 -2.02453e-30 -0.00158768)
(0.306422 -4.57791e-29 -0.00157903)
(0.30636 0 -0.00156987)
(0.306325 1.30103e-28 -0.0015625)
(0.306303 0 -0.00155586)
(0.306295 0 -0.00155076)
(0.306292 0 -0.00154643)
(0.306294 -9.6972e-29 -0.00154321)
(0.306298 0 -0.00154039)
(0.306304 7.70944e-29 -0.00153843)
(0.306309 -1.25559e-28 -0.00153645)
(0.306318 -6.08573e-29 -0.0015352)
(0.306322 -3.8933e-32 -0.00153407)
(0.306332 0 -0.00153299)
(0.306337 0 -0.00153242)
(0.306346 2.9761e-29 -0.00153171)
(0.306352 0 -0.00153166)
(0.306358 0 -0.00153117)
(0.306363 0 -0.00153138)
(0.306367 0 -0.00153109)
(0.306371 1.11792e-29 -0.00153113)
(0.306376 0 -0.00153099)
(0.306379 0 -0.00153143)
(0.30638 -5.65708e-30 -0.00153127)
(0.306383 0 -0.00153143)
(0.306384 3.60042e-30 -0.00153137)
(0.306386 0 -0.00153146)
(0.306387 -2.46865e-32 -0.00153149)
(0.306389 0 -0.00153145)
(0.30639 -7.63483e-30 -0.00153181)
(0.30639 0 -0.00153182)
(0.30639 0 -0.00153183)
(0.30639 0 -0.00153185)
(0.306391 0 -0.00153182)
(0.306391 2.95851e-31 -0.00153186)
(0.306392 0 -0.00153181)
(0.306392 0 -0.00153188)
(0.306393 0 -0.00153181)
(0.306392 0 -0.00153212)
(0.306392 0 -0.001532)
(0.306391 1.96712e-30 -0.00153208)
(0.306391 -1.75774e-30 -0.00153199)
(0.306391 0 -0.00153202)
(0.306391 0 -0.00153194)
(0.306391 -4.27589e-32 -0.00153198)
(0.306391 0 -0.00153189)
(0.306391 -6.24758e-31 -0.00153196)
(0.306392 2.37543e-30 -0.00153186)
(0.306392 4.19718e-30 -0.00153193)
(0.306392 -1.32932e-30 -0.0015319)
(0.306393 -1.49295e-30 -0.00153187)
(0.306392 0 -0.00153213)
(0.306392 0 -0.001532)
(0.306391 0 -0.00153217)
(0.306391 1.07676e-32 -0.00153192)
(0.30639 0 -0.00153213)
(0.306391 0 -0.00153184)
(0.30639 8.15605e-30 -0.00153214)
(0.306391 0 -0.00153174)
(0.30639 1.01799e-29 -0.00153216)
(0.306391 -1.26121e-29 -0.00153167)
(0.30639 -6.1215e-30 -0.0015322)
(0.306391 1.73258e-29 -0.00153149)
(0.306392 0 -0.0015323)
(0.30639 0 -0.00153161)
(0.306394 -2.03366e-31 -0.00153168)
(0.30639 3.52326e-29 -0.00153253)
(0.306395 0 -0.00153106)
(0.306389 0 -0.00153299)
(0.306397 7.72711e-29 -0.00153058)
(0.306388 2.08528e-28 -0.00153378)
(0.306397 0 -0.00153001)
(0.306385 1.30584e-28 -0.00153443)
(0.306398 1.58819e-28 -0.00152914)
(0.306382 -1.76824e-28 -0.00153528)
(0.3064 0 -0.00152806)
(0.30638 0 -0.00153633)
(0.306403 0 -0.00152673)
(0.306377 -7.98319e-31 -0.00153763)
(0.306407 0 -0.00152517)
(0.306375 0 -0.00153918)
(0.306412 0 -0.00152336)
(0.306372 -4.60236e-28 -0.001541)
(0.306418 -5.21184e-28 -0.00152127)
(0.306369 -5.56869e-28 -0.0015431)
(0.306425 -6.22631e-28 -0.00151891)
(0.306366 1.32777e-27 -0.00154546)
(0.306432 -7.36757e-28 -0.0015163)
(0.306363 -7.79484e-28 -0.00154807)
(0.30644 0 -0.00151344)
(0.306359 2.77224e-30 -0.00155092)
(0.306449 0 -0.00151039)
(0.306356 0 -0.00155396)
(0.306458 -1.10896e-27 -0.00150717)
(0.306353 0 -0.00155714)
(0.306467 -1.23683e-27 -0.00150385)
(0.30635 4.20631e-30 -0.0015604)
(0.306477 0 -0.00150049)
(0.306347 -1.39371e-27 -0.00156367)
(0.306486 0 -0.00149713)
(0.306346 5.18526e-30 -0.00156668)
(0.306497 1.58843e-27 -0.00149384)
(0.306346 -1.61995e-27 -0.00156982)
(0.306508 -1.67475e-27 -0.00149085)
(0.306346 0 -0.00157275)
(0.306516 0 -0.00148819)
(0.306346 0 -0.00157538)
(0.306524 1.81233e-27 -0.00148595)
(0.306347 0 -0.00157765)
(0.30653 0 -0.00148389)
(0.306349 1.87324e-27 -0.00157974)
(0.306535 1.88634e-27 -0.00148213)
(0.306351 0 -0.00158152)
(0.306539 0 -0.0014807)
(0.306353 0 -0.00158296)
(0.306541 1.92065e-27 -0.00147965)
(0.306356 0 -0.00158403)
(0.306543 0 -0.00147899)
(0.306359 -1.89607e-27 -0.0015847)
(0.306542 0 -0.00147869)
(0.306362 1.85401e-27 -0.00158473)
(0.306543 0 -0.00147879)
(0.306368 1.82982e-27 -0.0015846)
(0.306541 -7.89525e-30 -0.00147939)
(0.306373 0 -0.00158411)
(0.306538 0 -0.00148041)
(0.306378 0 -0.0015832)
(0.306534 0 -0.00148184)
(0.306383 0 -0.00158178)
(0.306529 0 -0.00148365)
(0.306387 -1.52019e-27 -0.00157999)
(0.306523 1.46721e-27 -0.00148571)
(0.306392 0 -0.00157772)
(0.306518 0 -0.001488)
(0.306398 -1.32038e-27 -0.00157539)
(0.306513 -1.24923e-27 -0.00149056)
(0.306404 -1.21919e-27 -0.00157293)
(0.306507 -1.14693e-27 -0.00149332)
(0.306409 0 -0.00157031)
(0.306501 1.0522e-27 -0.0014962)
(0.306414 1.01644e-27 -0.00156758)
(0.306493 -9.54612e-28 -0.00149911)
(0.306418 0 -0.00156463)
(0.306487 -1.73159e-27 -0.00150197)
(0.306423 0 -0.00156174)
(0.306481 7.94539e-28 -0.0015049)
(0.306428 0 -0.00155887)
(0.306474 7.62794e-28 -0.00150798)
(0.306432 7.85815e-28 -0.00155591)
(0.306466 -1.56839e-27 -0.00151111)
(0.306435 -1.56662e-27 -0.00155293)
(0.30646 -8.03361e-28 -0.00151402)
(0.306439 8.69674e-28 -0.00154983)
(0.306455 8.30101e-28 -0.0015168)
(0.30644 8.54245e-28 -0.00154722)
(0.306451 8.05878e-28 -0.00151928)
(0.306439 -1.91261e-30 -0.00154534)
(0.306447 -7.76066e-28 -0.00152148)
(0.306439 1.63646e-30 -0.00154318)
(0.306445 0 -0.00152302)
(0.306439 6.44671e-28 -0.00154166)
(0.306442 5.83866e-28 -0.00152453)
(0.306438 0 -0.00154081)
(0.306438 1.28666e-27 -0.00152478)
(0.306437 5.68921e-28 -0.00153988)
(0.306436 5.16123e-28 -0.00152602)
(0.306435 5.18534e-28 -0.00153877)
(0.306434 -4.29931e-28 -0.00152718)
(0.306434 0 -0.00153764)
(0.306432 3.88037e-28 -0.00152822)
(0.306431 3.06181e-28 -0.00153657)
(0.30643 0 -0.00152895)
(0.30643 -2.32035e-28 -0.00153564)
(0.306428 -1.94851e-28 -0.00152984)
(0.306428 0 -0.00153505)
(0.306426 -3.16206e-28 -0.00153041)
(0.306426 3.93682e-31 -0.00153445)
(0.306425 1.81309e-28 -0.00153057)
(0.306426 -9.38414e-29 -0.00153374)
(0.306425 9.30714e-29 -0.00153113)
(0.306424 -2.28872e-29 -0.00153348)
(0.306423 3.80212e-29 -0.00153154)
(0.306422 -1.49645e-28 -0.00153315)
(0.306422 0 -0.0015315)
(0.306422 7.73565e-29 -0.00153299)
(0.306423 0 -0.00153149)
(0.306422 0 -0.00153278)
(0.306422 0 -0.00153175)
(0.30642 0 -0.00153263)
(0.306421 -2.27403e-29 -0.00153183)
(0.306419 2.90733e-31 -0.00153274)
(0.30642 -1.94826e-29 -0.00153176)
(0.306419 0 -0.00153266)
(0.306422 0 -0.00153154)
(0.306421 3.37749e-29 -0.0015324)
(0.306423 0 -0.00153159)
(0.30642 -2.7694e-29 -0.0015327)
(0.306418 -1.74593e-29 -0.00153193)
(0.306418 5.52514e-29 -0.00153239)
(0.30642 3.82995e-29 -0.00153188)
(0.306419 0 -0.00153246)
(0.306424 5.2716e-32 -0.00153137)
(0.306421 -2.39104e-30 -0.00153253)
(0.306426 6.67971e-29 -0.0015311)
(0.30642 0 -0.0015329)
(0.306421 0 -0.00153056)
(0.306425 1.43138e-28 -0.00153294)
(0.30642 0 -0.00153206)
(0.306429 5.001e-29 -0.0015319)
(0.306425 2.98194e-29 -0.00153246)
(0.306434 1.00085e-30 -0.00153037)
(0.306418 0 -0.00153532)
(0.306429 0 -0.00152079)
(0.306503 -7.12855e-28 -0.00153896)
(0.306328 0 -0.00153939)
(0.306551 1.01238e-27 -0.00151488)
(0.30619 0 -0.00158191)
(0.306852 0 -0.00144634)
(0.305982 0 -0.0017135)
(0.306046 -1.6794e-26 -0.00126204)
(0.307593 0 -0.00177408)
(0.304378 -1.96852e-28 -0.00173573)
(0.310997 -2.40687e-26 -0.0013524)
(0.294643 -1.07945e-24 -0.00529746)
(0.28263 0 -0.00224742)
(0.287487 -1.06696e-26 -0.0018731)
(0.28645 -1.18235e-26 -0.00155233)
(0.305036 0 0.00297383)
(0.319973 3.88704e-26 0.00198113)
(0.326219 3.56692e-26 0.00142293)
(0.331648 0 0.000549655)
(0.331179 5.73921e-26 9.01587e-06)
(0.329361 4.26396e-26 -0.000440829)
(0.325503 3.09179e-26 -0.000773478)
(0.32158 0 -0.00101992)
(0.317944 2.43678e-26 -0.00117791)
(0.315027 0 -0.0013076)
(0.312653 0 -0.00140056)
(0.310725 -1.81304e-26 -0.00145631)
(0.309296 0 -0.00151409)
(0.308311 -1.57604e-26 -0.00156109)
(0.307751 0 -0.00159636)
(0.307468 5.50886e-27 -0.00163684)
(0.307509 -9.92803e-27 -0.00166381)
(0.307698 -4.41705e-27 -0.00168824)
(0.30812 -8.23949e-27 -0.00171255)
(0.308656 3.45251e-27 -0.00172986)
(0.309305 0 -0.00174311)
(0.309995 0 -0.0017539)
(0.310663 0 -0.00176225)
(0.311303 1.22387e-27 -0.00176278)
(0.311903 0 -0.001752)
(0.312444 0 -0.00173825)
(0.312933 0 -0.00172275)
(0.313366 1.24643e-28 -0.00170696)
(0.313745 0 -0.00169141)
(0.314076 0 -0.00167738)
(0.314365 -4.55232e-30 -0.00166558)
(0.31462 0 -0.0016538)
(0.314834 0 -0.00164213)
(0.315014 0 -0.00163106)
(0.315159 -5.76647e-29 -0.00162224)
(0.315286 0 -0.0016159)
(0.315391 0 -0.00161063)
(0.315486 1.34567e-29 -0.00160621)
(0.315563 -1.08797e-29 -0.00160244)
(0.315633 0 -0.00159922)
(0.315688 7.89738e-30 -0.00159646)
(0.315741 -9.62765e-43 -0.00159409)
(0.315779 -5.64207e-30 -0.00159208)
(0.315819 -9.64087e-43 -0.00159029)
(0.315846 2.43279e-31 -0.00158887)
(0.315877 -1.54399e-29 -0.00158754)
(0.315894 -6.17816e-42 -0.00158649)
(0.315919 0 -0.00158568)
(0.315929 -3.11624e-30 -0.00158481)
(0.315952 0 -0.00158447)
(0.315953 -1.84833e-30 -0.0015836)
(0.315982 1.72182e-36 -0.00158294)
(0.315951 0 -0.00158224)
(0.31604 -3.63526e-31 -0.00158231)
(0.315875 0 -0.00158093)
(0.31624 0 -0.00157961)
(0.315479 1.90709e-27 -0.00155545)
(0.317105 -9.97685e-27 -0.00133809)
(0.313888 0 -0.0017989)
(0.320153 -3.86917e-25 0.00141972)
(0.342849 0 0.00119391)
(0.343001 0 -0.00222416)
(0.337801 3.47475e-26 -0.00136131)
(0.339981 0 -0.00157828)
(0.339126 0 -0.00166534)
(0.338631 0 -0.0017292)
(0.337786 1.62847e-27 -0.00175489)
(0.337128 -1.21189e-27 -0.0017669)
(0.336586 0 -0.00176608)
(0.336161 -5.53517e-28 -0.00175752)
(0.335831 0 -0.00175266)
(0.335553 -3.02337e-28 -0.00174366)
(0.335345 2.05494e-28 -0.00173626)
(0.335174 -3.82961e-30 -0.001727)
(0.335051 -5.43368e-29 -0.00171944)
(0.334952 3.22561e-30 -0.00171147)
(0.334885 2.83022e-29 -0.00170467)
(0.334835 0 -0.00169846)
(0.334803 0 -0.00169357)
(0.33478 0 -0.00168934)
(0.334766 -8.41988e-29 -0.0016861)
(0.334756 3.9226e-29 -0.00168326)
(0.334752 0 -0.00168122)
(0.334749 -1.97505e-29 -0.0016791)
(0.33475 -4.1959e-29 -0.00167794)
(0.33475 2.73249e-29 -0.00167665)
(0.334755 -3.45706e-29 -0.00167557)
(0.334758 0 -0.00167495)
(0.334764 0 -0.00167419)
(0.334768 -1.64394e-29 -0.00167404)
(0.334774 0 -0.00167356)
(0.334778 -7.63782e-30 -0.00167368)
(0.334782 0 -0.00167338)
(0.334786 -7.9212e-32 -0.00167339)
(0.33479 -1.72386e-30 -0.00167324)
(0.334793 8.13195e-31 -0.00167359)
(0.334795 4.46811e-30 -0.00167344)
(0.334798 -1.41699e-30 -0.00167358)
(0.334799 0 -0.00167352)
(0.334801 -4.75882e-31 -0.0016736)
(0.334802 -2.44602e-30 -0.00167362)
(0.334804 0 -0.00167359)
(0.334805 -4.51341e-30 -0.00167389)
(0.334805 0 -0.0016739)
(0.334806 0 -0.00167392)
(0.334806 0 -0.00167393)
(0.334807 4.72247e-31 -0.00167391)
(0.334807 -8.55183e-33 -0.00167395)
(0.334807 0 -0.00167391)
(0.334808 0 -0.00167397)
(0.334808 0 -0.0016739)
(0.334808 0 -0.00167418)
(0.334808 0 -0.00167407)
(0.334807 1.11108e-30 -0.00167414)
(0.334807 0 -0.00167407)
(0.334807 0 -0.0016741)
(0.334807 2.58114e-30 -0.00167402)
(0.334807 -5.72365e-31 -0.00167406)
(0.334807 0 -0.00167398)
(0.334807 0 -0.00167404)
(0.334807 0 -0.00167395)
(0.334808 1.69475e-30 -0.00167401)
(0.334808 0 -0.00167398)
(0.334808 8.96689e-33 -0.00167395)
(0.334808 0 -0.0016742)
(0.334808 0 -0.00167407)
(0.334807 0 -0.00167422)
(0.334807 6.91713e-30 -0.001674)
(0.334806 0 -0.00167419)
(0.334806 -9.98596e-30 -0.00167393)
(0.334806 1.00997e-29 -0.00167419)
(0.334806 0 -0.00167385)
(0.334806 0 -0.00167422)
(0.334807 -1.65127e-29 -0.00167377)
(0.334806 0 -0.00167425)
(0.334807 -1.84676e-29 -0.00167365)
(0.334808 0 -0.00167433)
(0.334806 0 -0.00167373)
(0.33481 1.85758e-32 -0.0016738)
(0.334806 6.02025e-29 -0.00167453)
(0.33481 0 -0.00167322)
(0.334806 -6.95519e-29 -0.00167496)
(0.334811 0 -0.00167283)
(0.334805 1.11737e-28 -0.00167565)
(0.334811 -1.29777e-28 -0.00167233)
(0.334803 1.50114e-28 -0.00167618)
(0.334811 1.80701e-28 -0.00167157)
(0.334802 -2.06784e-28 -0.00167692)
(0.334813 2.45188e-28 -0.00167064)
(0.3348 0 -0.00167783)
(0.334815 -3.24462e-28 -0.0016695)
(0.334799 -7.26751e-28 -0.00167894)
(0.334818 0 -0.00166816)
(0.334799 0 -0.0016803)
(0.334821 0 -0.00166658)
(0.334798 0 -0.00168188)
(0.334825 1.66385e-30 -0.00166477)
(0.334798 7.09191e-28 -0.0016837)
(0.33483 0 -0.00166273)
(0.334797 8.54419e-28 -0.00168575)
(0.334835 -9.47762e-28 -0.00166047)
(0.334797 -1.01629e-27 -0.00168801)
(0.334841 0 -0.00165801)
(0.334798 1.1919e-27 -0.00169047)
(0.334847 0 -0.00165537)
(0.334798 0 -0.00169309)
(0.334854 -1.49286e-27 -0.00165261)
(0.334799 0 -0.00169584)
(0.334861 -1.69106e-27 -0.00164975)
(0.334801 1.77139e-27 -0.00169865)
(0.334867 -1.89609e-27 -0.00164687)
(0.334803 0 -0.00170144)
(0.334874 0 -0.001644)
(0.334805 -5.72773e-30 -0.00170406)
(0.334883 2.27012e-27 -0.00164115)
(0.33481 -2.34631e-27 -0.00170674)
(0.334891 -2.45871e-27 -0.00163866)
(0.334814 0 -0.00170921)
(0.334898 2.61983e-27 -0.0016364)
(0.334819 2.68237e-27 -0.00171142)
(0.334904 2.74705e-27 -0.0016345)
(0.334823 -2.8025e-27 -0.00171329)
(0.334909 -2.86179e-27 -0.00163292)
(0.334827 2.89538e-27 -0.00171488)
(0.334914 0 -0.00163165)
(0.334831 -2.98328e-27 -0.00171617)
(0.334917 0 -0.0016307)
(0.334835 0 -0.00171714)
(0.33492 -8.55909e-30 -0.00163009)
(0.334839 0 -0.00171776)
(0.334922 0 -0.00162985)
(0.334843 0 -0.001718)
(0.334922 0 -0.00162996)
(0.334847 -3.07744e-27 -0.00171777)
(0.334923 0 -0.00163036)
(0.334852 0 -0.00171727)
(0.334924 -6.06847e-27 -0.00163124)
(0.334856 0 -0.00171647)
(0.334923 0 -0.00163249)
(0.33486 0 -0.0017153)
(0.33492 0 -0.00163406)
(0.334862 0 -0.00171392)
(0.334918 0 -0.00163577)
(0.334864 0 -0.0017123)
(0.334914 0 -0.0016376)
(0.334866 2.57499e-27 -0.00171027)
(0.334912 0 -0.00163959)
(0.334869 0 -0.00170833)
(0.33491 0 -0.00164181)
(0.334871 0 -0.00170625)
(0.334907 0 -0.00164413)
(0.334872 0 -0.00170408)
(0.334903 2.00366e-27 -0.00164651)
(0.334873 3.86137e-27 -0.00170184)
(0.334898 1.84289e-27 -0.00164882)
(0.334873 0 -0.00169941)
(0.334895 -1.67101e-27 -0.00165109)
(0.334874 0 -0.00169727)
(0.334892 1.52764e-27 -0.00165336)
(0.334874 0 -0.00169521)
(0.334888 0 -0.00165551)
(0.334874 0 -0.0016933)
(0.334883 -2.57711e-27 -0.00165736)
(0.334873 3.3067e-30 -0.00169131)
(0.334879 0 -0.00165907)
(0.334873 0 -0.00168981)
(0.334876 0 -0.00166072)
(0.334871 1.0894e-27 -0.00168823)
(0.334873 -1.02745e-27 -0.00166236)
(0.334869 2.18558e-30 -0.00168646)
(0.334869 -9.26259e-28 -0.00166369)
(0.334867 -1.94181e-30 -0.00168508)
(0.334866 -7.99893e-28 -0.00166528)
(0.334865 7.69472e-28 -0.00168359)
(0.334864 -7.02544e-28 -0.00166675)
(0.334863 -6.05363e-28 -0.00168219)
(0.33486 5.56249e-28 -0.00166796)
(0.33486 4.91637e-28 -0.00168104)
(0.334858 4.45355e-28 -0.00166898)
(0.334858 4.48899e-28 -0.00168005)
(0.334855 0 -0.00166997)
(0.334856 -3.76874e-28 -0.00167906)
(0.334852 3.35184e-28 -0.00167087)
(0.334853 0 -0.00167813)
(0.33485 0 -0.0016715)
(0.334851 0 -0.00167731)
(0.334848 -1.68448e-28 -0.00167227)
(0.334848 0 -0.0016768)
(0.334846 -1.35844e-28 -0.00167275)
(0.334846 3.34005e-28 -0.00167628)
(0.334845 0 -0.0016729)
(0.334846 0 -0.00167565)
(0.334844 0 -0.0016734)
(0.334843 -5.56032e-29 -0.00167539)
(0.334841 6.57866e-29 -0.00167372)
(0.334841 -7.41965e-29 -0.00167508)
(0.334841 2.62895e-29 -0.00167372)
(0.334841 -4.00219e-31 -0.00167496)
(0.334842 0 -0.0016737)
(0.334841 6.54148e-30 -0.0016748)
(0.334841 0 -0.00167389)
(0.334838 -1.50042e-29 -0.00167465)
(0.334839 2.03349e-32 -0.00167397)
(0.334838 4.27866e-29 -0.00167475)
(0.334839 4.4036e-31 -0.00167389)
(0.334839 0 -0.00167471)
(0.33484 0 -0.0016737)
(0.33484 6.05744e-30 -0.00167448)
(0.33484 0 -0.00167373)
(0.334838 -2.36713e-29 -0.0016747)
(0.334836 -1.6603e-29 -0.00167404)
(0.334836 4.67061e-29 -0.00167445)
(0.334838 -8.18845e-31 -0.001674)
(0.334838 0 -0.00167451)
(0.334842 6.91557e-29 -0.00167356)
(0.33484 0 -0.00167461)
(0.334843 7.12492e-29 -0.00167327)
(0.334838 0 -0.0016749)
(0.334838 4.78331e-29 -0.00167284)
(0.334843 1.21571e-28 -0.00167491)
(0.334839 0 -0.00167416)
(0.334848 8.40401e-29 -0.00167402)
(0.334844 2.45206e-29 -0.0016745)
(0.334851 1.25778e-28 -0.00167262)
(0.33484 9.6531e-29 -0.00167656)
(0.334843 0 -0.00166483)
(0.334918 0 -0.0016801)
(0.334757 0 -0.0016803)
(0.334966 0 -0.00166032)
(0.334631 -2.45825e-27 -0.00171869)
(0.335127 0 -0.00159478)
(0.334547 -1.07739e-26 -0.00184871)
(0.334464 -1.69846e-26 -0.00142888)
(0.335969 0 -0.00188788)
(0.332805 -1.05985e-27 -0.00186695)
(0.337431 3.16265e-26 -0.00140879)
(0.32637 0 -0.00497822)
(0.31343 0 -0.0023566)
(0.316816 -1.08942e-26 -0.00198644)
(0.31525 -8.5968e-27 -0.0017011)
(0.305179 0 0.00204986)
(0.320464 7.97434e-27 0.00116379)
(0.328239 0 0.000762891)
(0.336999 0 0.000253256)
(0.34115 3.74034e-26 -0.000275634)
(0.344432 2.1152e-26 -0.000551868)
(0.345201 6.1829e-27 -0.00075704)
(0.344785 0 -0.000898952)
(0.343544 1.75526e-26 -0.00105279)
(0.341617 8.88718e-27 -0.00122153)
(0.339545 0 -0.00134622)
(0.337652 -1.64859e-26 -0.00144898)
(0.336059 0 -0.00154179)
(0.334756 -1.59465e-26 -0.00161406)
(0.333706 0 -0.00167431)
(0.332915 0 -0.00173265)
(0.332506 -1.43393e-26 -0.00178188)
(0.332304 -5.78951e-27 -0.00182584)
(0.332329 -1.19801e-26 -0.00185646)
(0.332438 0 -0.00188144)
(0.332677 0 -0.0018971)
(0.332885 0 -0.00190411)
(0.3331 0 -0.0019102)
(0.333329 0 -0.00190764)
(0.333536 0 -0.00189179)
(0.333708 0 -0.00187279)
(0.33385 0 -0.00185215)
(0.333967 0 -0.00183155)
(0.334059 0 -0.00181154)
(0.334135 0 -0.00179372)
(0.334198 7.01031e-28 -0.00177876)
(0.334253 0 -0.00176389)
(0.334293 0 -0.00174927)
(0.334323 0 -0.00173556)
(0.334344 3.23477e-28 -0.00172478)
(0.334365 0 -0.001717)
(0.334382 0 -0.00171051)
(0.3344 0 -0.001705)
(0.334411 1.96827e-28 -0.0017003)
(0.334425 0 -0.00169627)
(0.334432 0 -0.00169281)
(0.334443 2.48986e-28 -0.00168984)
(0.334447 1.07005e-28 -0.00168732)
(0.334456 1.80157e-28 -0.00168512)
(0.334458 0 -0.00168327)
(0.334465 5.74337e-29 -0.00168172)
(0.334466 1.32e-28 -0.00168028)
(0.334472 0 -0.00167929)
(0.33447 1.0695e-40 -0.00167828)
(0.334478 0 -0.00167773)
(0.33447 0 -0.00167681)
(0.33449 -4.7854e-37 -0.00167589)
(0.334454 0 -0.00167516)
(0.334533 2.73673e-29 -0.00167507)
(0.334372 6.29028e-30 -0.00167378)
(0.334716 -1.1285e-28 -0.00167216)
(0.334003 1.59953e-27 -0.00165026)
(0.335619 0 -0.00146054)
(0.333506 -8.19612e-27 -0.00186117)
(0.337682 -3.64843e-25 0.000640137)
(0.357721 0 0.000603614)
(0.359762 1.25268e-25 -0.00225562)
(0.355368 -5.13292e-30 -0.00151066)
(0.357822 4.64316e-27 -0.00166934)
(0.357275 3.45016e-27 -0.00174293)
(0.35706 0 -0.00179226)
(0.356542 8.68128e-28 -0.00181564)
(0.356037 -7.44299e-28 -0.00183162)
(0.355584 -4.44243e-28 -0.00183572)
(0.355199 0 -0.00183251)
(0.354881 0 -0.00183103)
(0.354596 0 -0.00182537)
(0.354368 1.89892e-28 -0.00182038)
(0.35417 -2.4481e-28 -0.0018134)
(0.354017 -8.648e-29 -0.00180751)
(0.353888 4.2861e-29 -0.00180102)
(0.353792 2.48795e-29 -0.00179538)
(0.353715 -1.0243e-29 -0.0017901)
(0.353659 0 -0.00178586)
(0.353615 3.1764e-31 -0.00178213)
(0.353583 -4.32732e-30 -0.00177921)
(0.353558 1.20683e-29 -0.00177664)
(0.353542 0 -0.00177474)
(0.353528 -6.09946e-30 -0.00177289)
(0.353522 -1.4908e-29 -0.00177161)
(0.353515 0 -0.0017705)
(0.353514 -1.58972e-29 -0.00176946)
(0.353513 0 -0.00176883)
(0.353515 0 -0.00176821)
(0.353517 -5.23702e-30 -0.001768)
(0.35352 -6.82312e-30 -0.00176754)
(0.353524 8.74485e-32 -0.00176758)
(0.353526 0 -0.00176731)
(0.35353 -3.75235e-30 -0.0017673)
(0.353533 5.4336e-31 -0.00176716)
(0.353536 1.64398e-30 -0.00176741)
(0.353537 2.41755e-30 -0.00176729)
(0.35354 -2.21488e-31 -0.00176739)
(0.353541 0 -0.00176734)
(0.353544 1.95332e-31 -0.0017674)
(0.353545 0 -0.00176742)
(0.353547 0 -0.0017674)
(0.353548 0 -0.00176763)
(0.353548 2.07597e-31 -0.00176763)
(0.353549 0 -0.00176765)
(0.353549 -2.45059e-31 -0.00176767)
(0.353549 1.89575e-31 -0.00176765)
(0.35355 1.38954e-32 -0.00176768)
(0.35355 0 -0.00176765)
(0.35355 0 -0.00176769)
(0.353551 0 -0.00176764)
(0.353551 0 -0.00176787)
(0.35355 0 -0.00176778)
(0.35355 -6.66991e-31 -0.00176783)
(0.35355 0 -0.00176778)
(0.35355 0 -0.0017678)
(0.35355 2.63013e-30 -0.00176774)
(0.35355 0 -0.00176777)
(0.35355 1.39199e-30 -0.00176771)
(0.35355 0 -0.00176775)
(0.35355 1.23454e-30 -0.00176769)
(0.353551 0 -0.00176773)
(0.35355 9.72282e-31 -0.00176771)
(0.353551 1.46499e-30 -0.00176768)
(0.353551 6.22349e-30 -0.00176788)
(0.35355 0 -0.00176777)
(0.35355 0 -0.0017679)
(0.35355 0 -0.00176772)
(0.353549 0 -0.00176788)
(0.353549 -7.99058e-30 -0.00176767)
(0.353549 8.59961e-30 -0.00176788)
(0.353549 0 -0.0017676)
(0.353549 0 -0.0017679)
(0.353549 0 -0.00176754)
(0.353549 0 -0.00176793)
(0.35355 8.28619e-32 -0.00176744)
(0.35355 0 -0.00176799)
(0.353549 0 -0.00176751)
(0.353553 -4.00544e-31 -0.00176756)
(0.353549 4.64343e-29 -0.00176814)
(0.353553 0 -0.0017671)
(0.353549 -5.44696e-29 -0.0017685)
(0.353553 -6.92005e-29 -0.00176676)
(0.353549 0 -0.00176906)
(0.353553 -1.06708e-28 -0.00176635)
(0.353547 2.49212e-28 -0.00176951)
(0.353553 1.48842e-28 -0.00176573)
(0.353546 0 -0.00177013)
(0.353554 -6.90015e-31 -0.00176495)
(0.353545 2.33711e-28 -0.00177089)
(0.353556 9.27283e-31 -0.00176401)
(0.353545 -3.06484e-28 -0.00177182)
(0.353558 -3.53576e-28 -0.00176289)
(0.353545 0 -0.00177293)
(0.353561 0 -0.0017616)
(0.353545 0 -0.00177423)
(0.353565 5.55362e-28 -0.00176011)
(0.353546 -2.04919e-30 -0.00177573)
(0.353568 6.81592e-28 -0.00175843)
(0.353547 7.41199e-28 -0.00177742)
(0.353573 0 -0.00175656)
(0.353548 0 -0.00177929)
(0.353578 0 -0.00175453)
(0.35355 -1.04353e-27 -0.00178132)
(0.353583 -1.13693e-27 -0.00175236)
(0.353552 -1.21189e-27 -0.00178349)
(0.353589 0 -0.00175008)
(0.353555 0 -0.00178577)
(0.353595 0 -0.00174772)
(0.353558 0 -0.0017881)
(0.353601 5.81386e-30 -0.00174534)
(0.353562 0 -0.00179043)
(0.353607 0 -0.00174296)
(0.353567 -1.9187e-27 -0.00179256)
(0.353614 2.02804e-27 -0.00174066)
(0.353573 -2.1039e-27 -0.00179482)
(0.353621 -4.39322e-27 -0.00173855)
(0.353579 2.26874e-27 -0.00179692)
(0.353628 -8.17586e-30 -0.00173667)
(0.353585 2.4077e-27 -0.00179879)
(0.353634 0 -0.0017351)
(0.353591 -5.06814e-27 -0.00180036)
(0.353639 -2.59428e-27 -0.00173374)
(0.353597 2.64834e-27 -0.00180176)
(0.353644 0 -0.00173261)
(0.353602 -2.73203e-27 -0.00180292)
(0.353648 0 -0.00173174)
(0.353607 0 -0.00180384)
(0.353652 -2.84128e-27 -0.00173113)
(0.353612 0 -0.00180448)
(0.353654 0 -0.0017308)
(0.353616 2.90784e-27 -0.00180485)
(0.353656 0 -0.00173069)
(0.35362 9.79017e-30 -0.00180476)
(0.353658 0 -0.0017309)
(0.353625 2.9151e-27 -0.00180462)
(0.353659 -2.89174e-27 -0.00173144)
(0.353628 0 -0.00180419)
(0.353659 0 -0.00173225)
(0.353631 0 -0.00180347)
(0.353658 0 -0.00173333)
(0.353633 0 -0.00180238)
(0.353656 0 -0.00173469)
(0.353634 0 -0.00180104)
(0.353654 0 -0.00173622)
(0.353635 2.52487e-27 -0.00179938)
(0.353653 0 -0.0017379)
(0.353637 0 -0.00179772)
(0.353651 0 -0.00173976)
(0.353637 0 -0.00179595)
(0.353649 0 -0.00174172)
(0.353637 -2.10537e-27 -0.00179409)
(0.353646 0 -0.00174375)
(0.353636 3.88693e-27 -0.00179217)
(0.353643 3.71659e-27 -0.00174576)
(0.353635 0 -0.0017901)
(0.35364 0 -0.00174774)
(0.353635 0 -0.00178818)
(0.353637 1.53984e-27 -0.00174973)
(0.353633 -1.46516e-27 -0.00178629)
(0.353634 0 -0.00175169)
(0.353631 0 -0.00178446)
(0.35363 -1.21512e-27 -0.00175353)
(0.353629 1.15489e-27 -0.00178261)
(0.353627 0 -0.00175524)
(0.353627 0 -0.00178094)
(0.353624 -9.37108e-28 -0.00175685)
(0.353624 0 -0.00177939)
(0.35362 -8.05655e-28 -0.00175837)
(0.353621 -2.53802e-30 -0.00177797)
(0.353617 0 -0.00175969)
(0.353618 2.23865e-30 -0.00177666)
(0.353614 -5.80939e-28 -0.00176091)
(0.353615 -5.64095e-28 -0.00177545)
(0.353611 -5.10829e-28 -0.00176207)
(0.353612 -4.60128e-28 -0.00177439)
(0.353607 4.43317e-28 -0.00176295)
(0.353609 0 -0.00177346)
(0.353604 0 -0.00176378)
(0.353606 3.52206e-28 -0.00177267)
(0.353601 0 -0.00176458)
(0.353603 -2.95086e-28 -0.00177186)
(0.353599 2.6204e-28 -0.00176529)
(0.3536 0 -0.00177111)
(0.353596 0 -0.00176579)
(0.353597 0 -0.00177045)
(0.353593 -1.3234e-28 -0.0017664)
(0.353594 0 -0.00177003)
(0.353591 0 -0.00176679)
(0.353592 1.2984e-28 -0.00176961)
(0.35359 0 -0.0017669)
(0.353591 -6.41438e-29 -0.0017691)
(0.353588 0 -0.00176729)
(0.353588 -2.44674e-29 -0.00176891)
(0.353586 5.15087e-29 -0.00176755)
(0.353586 0 -0.00176866)
(0.353585 1.33086e-31 -0.00176753)
(0.353586 -1.2359e-28 -0.00176855)
(0.353586 0 -0.00176752)
(0.353585 6.60295e-30 -0.0017684)
(0.353584 -3.55127e-29 -0.00176768)
(0.353582 2.56204e-31 -0.00176829)
(0.353582 3.17401e-30 -0.00176773)
(0.353582 0 -0.00176837)
(0.353582 1.03241e-29 -0.00176767)
(0.353583 0 -0.00176832)
(0.353584 0 -0.00176753)
(0.353583 -7.04587e-30 -0.00176815)
(0.353584 3.29659e-29 -0.00176754)
(0.353581 0 -0.00176832)
(0.35358 0 -0.00176779)
(0.35358 0 -0.00176812)
(0.353582 6.6497e-31 -0.00176778)
(0.353582 4.27433e-29 -0.00176815)
(0.353586 0 -0.00176741)
(0.353584 -4.36809e-31 -0.00176827)
(0.353585 1.17533e-28 -0.00176716)
(0.353581 -3.91836e-30 -0.00176849)
(0.353581 3.45001e-29 -0.00176684)
(0.353586 9.83516e-29 -0.00176849)
(0.353583 0 -0.00176788)
(0.353592 3.21176e-29 -0.00176775)
(0.353588 0 -0.00176816)
(0.353594 0 -0.00176664)
(0.353586 1.39281e-28 -0.0017702)
(0.353584 0 -0.00176014)
(0.353657 0 -0.00177259)
(0.353508 0 -0.00177265)
(0.353707 0 -0.00175732)
(0.35339 -1.89179e-27 -0.00180351)
(0.353804 0 -0.00170175)
(0.353362 -1.66039e-26 -0.0019097)
(0.353199 -1.30124e-26 -0.0015717)
(0.354664 1.40205e-26 -0.00194387)
(0.351557 0 -0.00192089)
(0.355249 3.87609e-26 -0.00150695)
(0.347311 0 -0.00447811)
(0.334209 0 -0.00232291)
(0.336888 0 -0.00200849)
(0.335057 4.85875e-32 -0.00177745)
(0.305173 0 0.00102954)
(0.320511 0 0.000393361)
(0.32855 0 5.09525e-05)
(0.337815 0 -0.000356237)
(0.343208 6.48159e-28 -0.000662547)
(0.348212 -2.75287e-27 -0.000844415)
(0.351804 -3.02913e-27 -0.000939316)
(0.354765 0 -0.00105134)
(0.356678 3.77163e-27 -0.00114038)
(0.357807 5.64809e-27 -0.00122455)
(0.357828 0 -0.00133663)
(0.357558 -1.16578e-26 -0.0014219)
(0.356907 0 -0.00152949)
(0.356038 -1.22672e-26 -0.00162563)
(0.355175 0 -0.00169634)
(0.354352 0 -0.00178589)
(0.353728 -1.46178e-26 -0.00185129)
(0.353148 0 -0.00190187)
(0.352651 -1.44154e-26 -0.00194332)
(0.352156 0 -0.0019701)
(0.351675 0 -0.00198568)
(0.351183 0 -0.00199165)
(0.350773 0 -0.0019969)
(0.350407 0 -0.00199172)
(0.350048 0 -0.00197129)
(0.349691 0 -0.00194816)
(0.349347 0 -0.00192408)
(0.349028 0 -0.00190076)
(0.348732 0 -0.00187871)
(0.348471 0 -0.00185957)
(0.348238 0 -0.00184359)
(0.348033 0 -0.00182776)
(0.34785 0 -0.0018123)
(0.347693 0 -0.00179809)
(0.347561 0 -0.00178726)
(0.347454 0 -0.00177952)
(0.347361 0 -0.00177297)
(0.347284 0 -0.00176735)
(0.347216 0 -0.00176253)
(0.34716 0 -0.00175839)
(0.347109 0 -0.00175485)
(0.347069 3.96396e-28 -0.00175181)
(0.347031 0 -0.00174923)
(0.347002 2.9127e-28 -0.001747)
(0.346973 0 -0.00174513)
(0.346953 1.04106e-28 -0.0017435)
(0.346931 1.92139e-28 -0.00174212)
(0.346919 0 -0.00174106)
(0.346898 -9.40395e-40 -0.00173995)
(0.346893 0 -0.00173941)
(0.34687 0 -0.00173852)
(0.346881 3.16427e-29 -0.0017376)
(0.346838 0 -0.00173692)
(0.346907 4.52975e-29 -0.00173675)
(0.346746 1.83193e-29 -0.00173565)
(0.347073 -1.65782e-32 -0.00173425)
(0.346392 1.18727e-27 -0.00171689)
(0.347995 0 -0.00157679)
(0.346424 -2.59052e-26 -0.00188261)
(0.34937 -2.81027e-25 -8.84697e-05)
(0.367234 0 -0.000204572)
(0.37034 -8.43378e-28 -0.00211587)
(0.366403 -1.85835e-26 -0.00162506)
(0.369055 5.39927e-27 -0.00174436)
(0.368746 1.68428e-27 -0.00180309)
(0.368756 0 -0.00183736)
(0.368534 -1.13905e-27 -0.00185524)
(0.368198 -2.96315e-28 -0.00186911)
(0.367861 -4.16035e-28 -0.00187508)
(0.367546 -2.04314e-28 -0.00187496)
(0.367264 -2.11567e-28 -0.0018753)
(0.366993 -1.68514e-28 -0.00187208)
(0.366764 1.3359e-28 -0.00186898)
(0.366555 -9.84933e-29 -0.00186413)
(0.366385 8.63617e-29 -0.00185989)
(0.366235 0 -0.00185507)
(0.366117 3.87739e-29 -0.00185082)
(0.36602 2.89768e-30 -0.00184677)
(0.365944 0 -0.00184346)
(0.365882 -1.74827e-29 -0.00184051)
(0.365835 -1.47463e-29 -0.00183817)
(0.365797 8.97119e-31 -0.00183609)
(0.365769 0 -0.00183453)
(0.365746 2.49297e-31 -0.00183301)
(0.365732 0 -0.001832)
(0.365718 0 -0.00183104)
(0.365712 -1.10056e-30 -0.00183023)
(0.365707 0 -0.00182972)
(0.365706 0 -0.00182914)
(0.365705 0 -0.00182895)
(0.365706 -3.91198e-30 -0.00182863)
(0.365707 -1.21464e-31 -0.0018286)
(0.365709 0 -0.00182838)
(0.365711 0 -0.00182836)
(0.365714 1.59545e-30 -0.00182825)
(0.365716 1.89675e-30 -0.00182842)
(0.365717 0 -0.00182832)
(0.36572 -4.63154e-31 -0.00182839)
(0.365721 7.1501e-31 -0.00182835)
(0.365723 4.87216e-31 -0.00182839)
(0.365724 0 -0.0018284)
(0.365726 0 -0.00182839)
(0.365727 0 -0.00182856)
(0.365727 1.76292e-31 -0.00182856)
(0.365728 0 -0.00182857)
(0.365728 -4.69483e-32 -0.00182858)
(0.365729 4.18953e-32 -0.00182857)
(0.365729 -1.71971e-31 -0.00182859)
(0.365729 0 -0.00182858)
(0.36573 0 -0.00182861)
(0.36573 0 -0.00182857)
(0.36573 0 -0.00182873)
(0.36573 0 -0.00182867)
(0.36573 -4.38832e-31 -0.00182871)
(0.365729 0 -0.00182866)
(0.365729 0 -0.00182868)
(0.365729 4.01913e-31 -0.00182864)
(0.365729 0 -0.00182866)
(0.365729 -1.56937e-32 -0.00182862)
(0.365729 5.97867e-32 -0.00182865)
(0.365729 7.97775e-31 -0.0018286)
(0.36573 0 -0.00182864)
(0.36573 7.11297e-31 -0.00182862)
(0.36573 -1.02421e-30 -0.0018286)
(0.36573 4.27349e-30 -0.00182874)
(0.36573 0 -0.00182866)
(0.365729 0 -0.00182875)
(0.365729 0 -0.00182863)
(0.365728 0 -0.00182874)
(0.365729 0 -0.00182858)
(0.365728 0 -0.00182874)
(0.365728 0 -0.00182853)
(0.365728 0 -0.00182876)
(0.365729 0 -0.00182849)
(0.365728 0 -0.00182878)
(0.365729 1.3712e-29 -0.00182842)
(0.36573 0 -0.00182882)
(0.365728 0 -0.00182847)
(0.365732 -2.8706e-32 -0.00182851)
(0.365728 3.27396e-29 -0.00182893)
(0.365731 0 -0.00182818)
(0.365729 0 -0.00182919)
(0.365732 -9.59374e-29 -0.00182793)
(0.365728 0 -0.0018296)
(0.365732 0 -0.00182763)
(0.365727 8.61362e-29 -0.00182992)
(0.365732 -1.03815e-28 -0.00182718)
(0.365726 0 -0.00183037)
(0.365733 7.94845e-31 -0.00182662)
(0.365725 1.60942e-28 -0.00183092)
(0.365734 1.87291e-28 -0.00182593)
(0.365725 2.12717e-28 -0.0018316)
(0.365736 -2.42971e-28 -0.00182512)
(0.365726 0 -0.00183241)
(0.365739 3.10831e-28 -0.00182418)
(0.365726 0 -0.00183337)
(0.365742 0 -0.0018231)
(0.365727 -4.24474e-28 -0.00183447)
(0.365745 4.72619e-28 -0.00182187)
(0.365729 1.03542e-27 -0.0018357)
(0.365749 -5.73235e-28 -0.00182052)
(0.365731 0 -0.00183707)
(0.365754 -6.8069e-28 -0.00181904)
(0.365733 -7.28903e-28 -0.00183857)
(0.365759 -7.91963e-28 -0.00181745)
(0.365736 -1.69924e-27 -0.00184016)
(0.365764 9.19189e-28 -0.00181579)
(0.36574 0 -0.00184183)
(0.365769 -1.04664e-27 -0.00181407)
(0.365744 0 -0.00184355)
(0.365775 1.16955e-27 -0.00181233)
(0.365749 0 -0.00184526)
(0.365781 0 -0.0018106)
(0.365755 0 -0.00184685)
(0.365788 1.42178e-27 -0.00180891)
(0.365761 -1.47626e-27 -0.00184851)
(0.365795 -1.53979e-27 -0.00180738)
(0.365768 1.58989e-27 -0.00185005)
(0.365801 9.43793e-30 -0.00180601)
(0.365775 0 -0.00185143)
(0.365807 0 -0.00180485)
(0.365782 -1.7785e-27 -0.0018526)
(0.365813 0 -0.00180387)
(0.365788 1.85313e-27 -0.00185362)
(0.365818 0 -0.00180305)
(0.365794 0 -0.00185448)
(0.365822 0 -0.00180243)
(0.3658 0 -0.00185515)
(0.365826 0 -0.001802)
(0.365805 -2.00527e-27 -0.00185561)
(0.365829 -2.01703e-27 -0.00180179)
(0.36581 4.02997e-27 -0.00185586)
(0.365831 2.02395e-27 -0.00180175)
(0.365814 2.00769e-27 -0.0018558)
(0.365834 0 -0.00180194)
(0.365819 1.99062e-27 -0.00185564)
(0.365835 -1.98739e-27 -0.00180237)
(0.365822 1.96852e-27 -0.00185528)
(0.365836 0 -0.00180301)
(0.365825 0 -0.0018547)
(0.365836 0 -0.00180385)
(0.365827 0 -0.00185391)
(0.365835 0 -0.00180485)
(0.365828 0 -0.00185294)
(0.365833 -1.74176e-27 -0.00180597)
(0.365829 -1.69761e-27 -0.00185173)
(0.365833 0 -0.00180718)
(0.36583 0 -0.00185053)
(0.365831 0 -0.00180854)
(0.36583 0 -0.00184925)
(0.36583 0 -0.00180996)
(0.365829 -1.39849e-27 -0.00184789)
(0.365827 1.34964e-27 -0.00181143)
(0.365827 2.59029e-27 -0.0018465)
(0.365824 1.23375e-27 -0.00181288)
(0.365826 0 -0.00184499)
(0.365822 1.13102e-27 -0.00181431)
(0.365824 -1.08865e-27 -0.0018436)
(0.365819 0 -0.00181575)
(0.365822 5.53952e-30 -0.00184223)
(0.365816 0 -0.00181716)
(0.365819 0 -0.00184091)
(0.365812 0 -0.00181848)
(0.365816 -7.859e-28 -0.00183956)
(0.365809 7.28423e-28 -0.0018197)
(0.365813 0 -0.00183837)
(0.365806 3.50778e-30 -0.00182086)
(0.36581 0 -0.00183725)
(0.365802 0 -0.00182196)
(0.365806 -1.04198e-27 -0.0018362)
(0.365799 0 -0.00182289)
(0.365802 4.63229e-28 -0.00183525)
(0.365796 0 -0.00182378)
(0.365799 2.21077e-30 -0.00183436)
(0.365793 -3.65027e-28 -0.00182463)
(0.365795 -3.26625e-28 -0.00183358)
(0.365789 3.11748e-28 -0.00182526)
(0.365791 0 -0.0018329)
(0.365786 2.48004e-28 -0.00182586)
(0.365788 0 -0.00183232)
(0.365782 0 -0.00182643)
(0.365785 -2.10076e-28 -0.00183172)
(0.36578 1.86101e-28 -0.00182694)
(0.365781 0 -0.00183117)
(0.365776 -1.51319e-28 -0.0018273)
(0.365778 0 -0.00183069)
(0.365774 -9.29192e-29 -0.00182774)
(0.365775 1.12658e-28 -0.00183038)
(0.365771 0 -0.00182801)
(0.365772 -9.26745e-29 -0.00183006)
(0.36577 0 -0.0018281)
(0.365771 3.01666e-31 -0.00182969)
(0.365768 4.84613e-29 -0.00182837)
(0.365768 1.53005e-29 -0.00182956)
(0.365765 1.78871e-29 -0.00182856)
(0.365765 0 -0.00182937)
(0.365765 -1.76801e-29 -0.00182854)
(0.365765 -4.39244e-29 -0.00182928)
(0.365765 0 -0.00182853)
(0.365765 0 -0.00182918)
(0.365764 -2.45289e-29 -0.00182864)
(0.365762 5.13954e-34 -0.00182909)
(0.365762 0 -0.00182868)
(0.365761 0 -0.00182915)
(0.365762 8.58831e-30 -0.00182864)
(0.365762 0 -0.00182909)
(0.365763 0 -0.00182853)
(0.365763 -8.15237e-30 -0.001829)
(0.365763 2.22094e-29 -0.00182853)
(0.365761 0 -0.0018291)
(0.365759 0 -0.00182871)
(0.365759 0 -0.00182896)
(0.365761 1.71085e-29 -0.00182873)
(0.365761 -2.50709e-31 -0.00182895)
(0.365765 0 -0.00182844)
(0.365763 -9.99593e-31 -0.00182908)
(0.365764 9.29477e-29 -0.00182827)
(0.365761 -4.77664e-30 -0.00182924)
(0.36576 -2.27196e-29 -0.00182804)
(0.365765 -2.11055e-31 -0.00182924)
(0.365762 0 -0.00182877)
(0.36577 2.27446e-29 -0.00182866)
(0.365767 0 -0.00182899)
(0.365772 0 -0.00182791)
(0.365766 8.04102e-29 -0.00183049)
(0.365762 -2.74013e-28 -0.00182317)
(0.365834 -3.37952e-28 -0.00183227)
(0.365691 0 -0.00183213)
(0.365883 0 -0.00182149)
(0.365578 0 -0.0018544)
(0.365947 -2.9625e-27 -0.00178007)
(0.36559 4.26363e-29 -0.00193163)
(0.365359 0 -0.00168745)
(0.366803 9.82716e-27 -0.00195933)
(0.363738 1.9236e-28 -0.00193237)
(0.367091 2.44479e-28 -0.00161218)
(0.361058 3.07198e-25 -0.0038396)
(0.347895 0 -0.00222074)
(0.350312 -8.27806e-27 -0.00198383)
(0.348413 1.09691e-26 -0.00181484)
(0.305162 0 -1.10301e-05)
(0.320535 0 -0.000387955)
(0.328662 0 -0.000618177)
(0.337952 -1.3317e-26 -0.000881588)
(0.343598 -1.47903e-26 -0.00108964)
(0.348944 -1.28531e-26 -0.00120654)
(0.353228 -9.36755e-27 -0.00128306)
(0.357305 0 -0.00133407)
(0.360838 -6.43208e-27 -0.0013798)
(0.363962 -3.92075e-27 -0.00142433)
(0.36654 0 -0.00146698)
(0.368412 -3.26271e-27 -0.00153378)
(0.369747 0 -0.00160084)
(0.370384 -5.39332e-27 -0.00166146)
(0.370621 0 -0.00173473)
(0.370504 0 -0.00180864)
(0.370153 -1.03629e-26 -0.00187535)
(0.36946 0 -0.00192702)
(0.368593 -9.2325e-27 -0.00196379)
(0.367568 0 -0.00198517)
(0.366424 0 -0.00199429)
(0.365278 0 -0.00199957)
(0.364176 0 -0.00200669)
(0.363046 0 -0.00200049)
(0.36197 0 -0.00197876)
(0.360973 0 -0.00195559)
(0.360071 0 -0.00193266)
(0.359273 0 -0.00191128)
(0.358566 0 -0.0018917)
(0.35796 0 -0.00187534)
(0.357426 0 -0.00186176)
(0.356963 0 -0.00184812)
(0.356566 0 -0.00183494)
(0.356236 0 -0.00182319)
(0.355967 0 -0.00181469)
(0.355742 0 -0.0018087)
(0.355548 0 -0.00180345)
(0.355384 0 -0.00179889)
(0.355242 0 -0.001795)
(0.355123 0 -0.00179164)
(0.355019 0 -0.00178879)
(0.354932 3.30882e-28 -0.00178634)
(0.354855 0 -0.00178425)
(0.354793 2.41212e-28 -0.00178246)
(0.354736 0 -0.00178094)
(0.354691 0 -0.00177964)
(0.354649 -1.37942e-41 -0.00177852)
(0.354619 0 -0.00177764)
(0.354583 -1.14491e-28 -0.00177677)
(0.354567 0 -0.00177632)
(0.35453 0 -0.00177555)
(0.354532 4.36154e-29 -0.00177496)
(0.354482 0 -0.00177441)
(0.354543 1.66796e-29 -0.00177421)
(0.35438 0 -0.00177346)
(0.354695 1.95698e-28 -0.00177247)
(0.354032 -3.7207e-31 -0.00176153)
(0.355626 0 -0.00167755)
(0.354254 -1.6662e-26 -0.00186835)
(0.35657 -2.1663e-26 -0.000796934)
(0.372713 0 -0.000896198)
(0.37646 -3.8791e-26 -0.0020364)
(0.37279 1.05158e-26 -0.00173682)
(0.375566 5.17406e-30 -0.00181352)
(0.375429 0 -0.00184772)
(0.375597 -5.1438e-28 -0.00187111)
(0.375519 3.27574e-29 -0.00188194)
(0.375349 -5.6027e-29 -0.00188948)
(0.375115 2.47237e-29 -0.00189413)
(0.374869 2.00159e-29 -0.00189488)
(0.374626 -1.89024e-28 -0.00189541)
(0.374378 1.45631e-29 -0.00189358)
(0.374156 0 -0.00189169)
(0.373947 -6.3515e-29 -0.00188861)
(0.373768 4.78275e-29 -0.00188586)
(0.373609 0 -0.00188271)
(0.373478 0 -0.00187993)
(0.373367 1.79319e-29 -0.00187725)
(0.373278 0 -0.00187503)
(0.373205 1.52976e-29 -0.00187305)
(0.373146 -1.13615e-29 -0.00187145)
(0.373099 9.14758e-30 -0.00187005)
(0.373062 7.00595e-30 -0.00186896)
(0.373033 -5.18025e-30 -0.00186795)
(0.373012 4.67568e-30 -0.00186724)
(0.372995 0 -0.00186659)
(0.372984 1.45479e-30 -0.00186605)
(0.372976 0 -0.00186567)
(0.372971 0 -0.00186532)
(0.372969 0 -0.00186518)
(0.372968 0 -0.00186493)
(0.372968 1.9365e-30 -0.00186491)
(0.372968 -1.16728e-30 -0.00186477)
(0.372969 -3.4535e-31 -0.00186476)
(0.372971 1.88688e-30 -0.00186469)
(0.372973 1.64375e-30 -0.00186478)
(0.372974 0 -0.00186472)
(0.372976 -6.91549e-31 -0.00186476)
(0.372977 -1.34659e-31 -0.00186474)
(0.372979 5.79789e-31 -0.00186477)
(0.37298 0 -0.00186477)
(0.372982 0 -0.00186477)
(0.372983 -1.85635e-30 -0.00186487)
(0.372983 0 -0.00186486)
(0.372984 1.96733e-31 -0.00186487)
(0.372984 0 -0.00186489)
(0.372985 -3.04853e-32 -0.00186488)
(0.372985 -2.403e-31 -0.00186489)
(0.372985 -3.61714e-32 -0.00186489)
(0.372986 0 -0.0018649)
(0.372986 8.47313e-31 -0.00186488)
(0.372986 0 -0.00186498)
(0.372986 0 -0.00186494)
(0.372986 2.75065e-31 -0.00186496)
(0.372985 3.71206e-31 -0.00186494)
(0.372985 0 -0.00186495)
(0.372985 -1.98067e-31 -0.00186492)
(0.372985 -3.14625e-31 -0.00186493)
(0.372985 -7.52598e-31 -0.00186491)
(0.372985 1.4469e-31 -0.00186493)
(0.372985 0 -0.0018649)
(0.372985 0 -0.00186492)
(0.372985 4.48214e-31 -0.00186491)
(0.372986 -5.45535e-31 -0.0018649)
(0.372986 0 -0.00186499)
(0.372985 0 -0.00186493)
(0.372985 0 -0.00186499)
(0.372985 1.61949e-30 -0.00186491)
(0.372984 0 -0.00186498)
(0.372984 -3.38665e-30 -0.00186489)
(0.372984 0 -0.00186498)
(0.372984 0 -0.00186486)
(0.372984 0 -0.00186499)
(0.372984 0 -0.00186483)
(0.372984 0 -0.00186501)
(0.372984 0 -0.00186479)
(0.372985 0 -0.00186503)
(0.372984 7.46844e-30 -0.00186482)
(0.372987 -5.26215e-32 -0.00186485)
(0.372984 9.90003e-30 -0.0018651)
(0.372987 0 -0.00186464)
(0.372984 0 -0.00186526)
(0.372988 -2.92446e-29 -0.00186449)
(0.372984 0 -0.00186551)
(0.372987 4.55445e-29 -0.00186431)
(0.372983 0 -0.0018657)
(0.372988 -6.29407e-29 -0.00186403)
(0.372982 0 -0.00186598)
(0.372988 1.72582e-28 -0.00186369)
(0.372982 9.87575e-29 -0.00186631)
(0.37299 0 -0.00186327)
(0.372982 1.28398e-28 -0.00186673)
(0.372991 0 -0.00186278)
(0.372982 1.66698e-28 -0.00186723)
(0.372994 1.88015e-28 -0.0018622)
(0.372983 2.09778e-28 -0.00186782)
(0.372996 2.36917e-28 -0.00186155)
(0.372984 0 -0.00186849)
(0.373 -2.90173e-28 -0.0018608)
(0.372986 3.11795e-28 -0.00186925)
(0.373003 -3.45882e-28 -0.00185998)
(0.372988 0 -0.0018701)
(0.373008 -4.10459e-28 -0.00185908)
(0.372991 -4.44257e-28 -0.00187102)
(0.373012 4.85333e-28 -0.00185812)
(0.372995 -1.02679e-27 -0.001872)
(0.373017 5.53713e-28 -0.0018571)
(0.372999 0 -0.00187303)
(0.373022 -1.26736e-27 -0.00185606)
(0.373003 0 -0.00187409)
(0.373028 -7.15774e-28 -0.00185501)
(0.373008 -7.46798e-28 -0.00187515)
(0.373033 7.94237e-28 -0.00185395)
(0.373014 8.22241e-28 -0.00187613)
(0.37304 0 -0.00185293)
(0.373022 0 -0.00187716)
(0.373047 -9.40889e-28 -0.00185201)
(0.373029 0 -0.00187811)
(0.373053 2.00194e-27 -0.00185118)
(0.373036 -1.03056e-27 -0.00187897)
(0.373059 1.06338e-27 -0.00185048)
(0.373043 0 -0.00187969)
(0.373064 -1.1118e-27 -0.00184989)
(0.37305 0 -0.00188033)
(0.37307 0 -0.0018494)
(0.373056 -1.16655e-27 -0.00188086)
(0.373074 0 -0.00184903)
(0.373062 0 -0.00188128)
(0.373078 0 -0.00184878)
(0.373068 1.29549e-29 -0.00188158)
(0.373081 -1.21089e-27 -0.00184865)
(0.373073 1.21258e-27 -0.00188173)
(0.373084 1.21625e-27 -0.00184864)
(0.373077 0 -0.0018817)
(0.373087 0 -0.00184876)
(0.373082 0 -0.00188162)
(0.373089 -1.19583e-27 -0.00184903)
(0.373086 -1.28051e-29 -0.0018814)
(0.37309 0 -0.00184943)
(0.373088 0 -0.00188105)
(0.37309 0 -0.00184994)
(0.37309 0 -0.00188057)
(0.37309 1.11048e-27 -0.00185056)
(0.373091 0 -0.00187998)
(0.373089 -1.05136e-27 -0.00185124)
(0.373092 -1.02161e-27 -0.00187924)
(0.373088 1.00693e-27 -0.00185199)
(0.373093 0 -0.00187852)
(0.373087 9.48299e-28 -0.00185282)
(0.373092 0 -0.00187773)
(0.373086 0 -0.00185368)
(0.373091 -8.53765e-28 -0.00187691)
(0.373083 8.14838e-28 -0.00185458)
(0.37309 7.79303e-28 -0.00187605)
(0.373081 0 -0.00185547)
(0.373087 7.22501e-28 -0.00187512)
(0.373079 6.82595e-28 -0.00185634)
(0.373085 -1.31295e-27 -0.00187427)
(0.373076 0 -0.00185721)
(0.373083 5.8783e-28 -0.00187343)
(0.373073 0 -0.00185807)
(0.373079 5.32088e-28 -0.00187262)
(0.373069 5.02547e-28 -0.00185887)
(0.373076 -4.71812e-28 -0.00187179)
(0.373066 4.40048e-28 -0.00185961)
(0.373072 0 -0.00187106)
(0.373063 3.93289e-28 -0.00186031)
(0.373069 0 -0.00187036)
(0.37306 -3.4749e-28 -0.00186097)
(0.373065 3.46822e-30 -0.00186971)
(0.373056 2.96009e-28 -0.00186153)
(0.373061 0 -0.00186913)
(0.373053 0 -0.00186207)
(0.373057 2.42296e-28 -0.00186857)
(0.37305 -2.21613e-28 -0.00186259)
(0.373053 -1.9614e-28 -0.00186808)
(0.373046 -1.90903e-28 -0.00186297)
(0.373049 0 -0.00186766)
(0.373043 1.49581e-28 -0.00186333)
(0.373045 0 -0.00186729)
(0.373039 0 -0.00186367)
(0.373042 -2.52491e-28 -0.00186692)
(0.373036 1.12474e-28 -0.00186398)
(0.373038 8.90899e-29 -0.00186657)
(0.373033 -9.13687e-29 -0.0018642)
(0.373035 0 -0.00186628)
(0.37303 0 -0.00186446)
(0.373031 6.79207e-29 -0.00186608)
(0.373028 0 -0.00186462)
(0.373028 -5.53624e-29 -0.00186587)
(0.373025 5.24662e-29 -0.00186467)
(0.373027 2.59629e-29 -0.00186565)
(0.373024 2.84875e-29 -0.00186484)
(0.373024 8.45413e-30 -0.00186556)
(0.373022 1.0537e-29 -0.00186495)
(0.373022 2.93198e-29 -0.00186544)
(0.373021 0 -0.00186493)
(0.373021 -2.60093e-29 -0.00186538)
(0.37302 0 -0.00186492)
(0.37302 0 -0.00186532)
(0.373019 -1.47975e-29 -0.00186499)
(0.373018 -8.4552e-30 -0.00186526)
(0.373018 -4.7782e-30 -0.00186501)
(0.373017 0 -0.00186529)
(0.373017 2.21712e-30 -0.001865)
(0.373017 0 -0.00186524)
(0.373018 0 -0.00186492)
(0.373018 0 -0.00186521)
(0.373018 1.32759e-29 -0.00186492)
(0.373017 0 -0.00186527)
(0.373016 0 -0.00186503)
(0.373016 0 -0.00186518)
(0.373017 0 -0.00186505)
(0.373016 -1.76127e-29 -0.00186515)
(0.373019 0 -0.00186485)
(0.373018 -6.41895e-31 -0.00186525)
(0.373019 3.1198e-29 -0.00186476)
(0.373018 0 -0.00186536)
(0.373017 -2.61272e-29 -0.00186463)
(0.373021 -4.33579e-29 -0.00186536)
(0.373017 0 -0.00186505)
(0.373024 2.45548e-29 -0.00186498)
(0.37302 6.85971e-30 -0.0018652)
(0.373026 0 -0.00186457)
(0.373021 -1.19774e-30 -0.00186619)
(0.373016 2.69363e-30 -0.00186163)
(0.373087 1.92082e-30 -0.00186726)
(0.372949 2.67587e-29 -0.00186702)
(0.373136 2.74134e-28 -0.00186082)
(0.372839 0 -0.00188037)
(0.373183 -1.77461e-27 -0.00183549)
(0.372891 2.6819e-27 -0.00193222)
(0.372584 -4.82812e-27 -0.00177486)
(0.374028 0 -0.00194563)
(0.370991 1.18306e-28 -0.00192201)
(0.374233 -1.88377e-26 -0.00172593)
(0.369376 1.83404e-25 -0.00309952)
(0.356187 0 -0.00206833)
(0.358538 -9.63796e-27 -0.00193342)
(0.35666 3.52827e-27 -0.00182549)
(0.305162 0 -0.000882575)
(0.320558 0 -0.00118537)
(0.328718 -2.98468e-27 -0.00128548)
(0.337992 -6.46911e-27 -0.00142409)
(0.343683 -8.89464e-27 -0.00151088)
(0.349096 -7.64163e-27 -0.00156725)
(0.353527 -7.3417e-27 -0.00160349)
(0.357831 0 -0.00163641)
(0.361786 -4.23205e-27 -0.001668)
(0.365434 -3.36784e-27 -0.00169186)
(0.368976 0 -0.00172423)
(0.371935 1.45763e-27 -0.0017456)
(0.374737 0 -0.00177393)
(0.376647 -4.40539e-28 -0.00180142)
(0.378429 0 -0.00182563)
(0.379181 0 -0.00187811)
(0.379225 -2.79854e-27 -0.00190608)
(0.378747 0 -0.00192191)
(0.377828 -1.0861e-27 -0.00193269)
(0.376588 0 -0.00193571)
(0.375196 0 -0.00193502)
(0.373659 0 -0.00193436)
(0.371976 0 -0.00193324)
(0.37015 0 -0.00192348)
(0.36849 0 -0.00190746)
(0.367004 0 -0.00189227)
(0.365694 0 -0.00187829)
(0.364559 0 -0.00186581)
(0.363575 0 -0.00185472)
(0.36274 0 -0.00184562)
(0.362 0 -0.00183781)
(0.361366 0 -0.00183025)
(0.360839 0 -0.00182329)
(0.360416 0 -0.00181748)
(0.360075 0 -0.00181327)
(0.35978 0 -0.00181007)
(0.359525 0 -0.00180725)
(0.359308 0 -0.00180479)
(0.359122 0 -0.00180266)
(0.358963 0 -0.00180084)
(0.358827 0 -0.00179928)
(0.358712 1.05222e-28 -0.00179794)
(0.358613 0 -0.00179681)
(0.358529 7.55617e-29 -0.00179584)
(0.358456 0 -0.00179501)
(0.358396 0 -0.0017943)
(0.358342 -1.24604e-41 -0.0017937)
(0.3583 0 -0.0017932)
(0.358258 -5.97848e-40 -0.00179275)
(0.35823 -1.35039e-29 -0.00179244)
(0.358192 0 -0.00179204)
(0.358185 2.45611e-29 -0.00179182)
(0.358131 0 -0.00179144)
(0.358187 -8.61418e-30 -0.00179146)
(0.358022 0 -0.00179077)
(0.358331 6.72874e-29 -0.00179117)
(0.357676 -4.22198e-29 -0.00178584)
(0.359265 0 -0.00176209)
(0.357946 -7.01467e-29 -0.00182191)
(0.360133 -6.68126e-27 -0.00147058)
(0.37495 0 -0.00155536)
(0.379167 0 -0.00194683)
(0.375646 3.95777e-27 -0.0018344)
(0.378486 -7.72767e-30 -0.00187069)
(0.378435 0 -0.0018816)
(0.378683 -1.55873e-28 -0.00189072)
(0.378664 1.19807e-28 -0.00189443)
(0.378573 2.48841e-29 -0.00189653)
(0.378406 -1.75405e-29 -0.00189768)
(0.378204 -2.57655e-30 -0.00189761)
(0.377986 -9.24601e-30 -0.00189719)
(0.377757 3.20378e-29 -0.00189597)
(0.377541 0 -0.00189468)
(0.377336 1.12993e-29 -0.00189304)
(0.377155 0 -0.00189153)
(0.376993 0 -0.00188995)
(0.376856 9.57461e-30 -0.00188856)
(0.376739 0 -0.00188727)
(0.376644 5.4956e-30 -0.0018862)
(0.376564 1.78331e-30 -0.00188525)
(0.3765 0 -0.00188449)
(0.376448 0 -0.00188383)
(0.376407 1.08115e-30 -0.00188331)
(0.376374 -1.05712e-30 -0.00188285)
(0.37635 9.38585e-31 -0.00188252)
(0.37633 0 -0.00188222)
(0.376317 0 -0.00188199)
(0.376307 0 -0.00188182)
(0.376301 0 -0.00188168)
(0.376297 0 -0.00188161)
(0.376295 5.27176e-31 -0.00188152)
(0.376294 0 -0.00188151)
(0.376294 -5.62081e-31 -0.00188146)
(0.376295 -4.38494e-31 -0.00188145)
(0.376296 5.79465e-31 -0.00188144)
(0.376298 0 -0.00188146)
(0.376299 0 -0.00188145)
(0.3763 0 -0.00188146)
(0.376301 2.4283e-32 -0.00188146)
(0.376303 0 -0.00188147)
(0.376304 0 -0.00188148)
(0.376306 0 -0.00188149)
(0.376307 -1.48785e-32 -0.00188152)
(0.376307 0 -0.00188152)
(0.376308 4.48796e-32 -0.00188152)
(0.376308 0 -0.00188153)
(0.376308 3.49783e-32 -0.00188153)
(0.376309 -7.50919e-32 -0.00188153)
(0.376309 -3.34599e-32 -0.00188153)
(0.376309 0 -0.00188154)
(0.37631 2.79806e-31 -0.00188153)
(0.37631 0 -0.00188157)
(0.376309 3.44419e-31 -0.00188155)
(0.376309 -3.31703e-32 -0.00188156)
(0.376309 3.29157e-31 -0.00188155)
(0.376309 -7.75754e-33 -0.00188155)
(0.376309 -9.82882e-32 -0.00188154)
(0.376309 -1.04328e-31 -0.00188155)
(0.376309 0 -0.00188154)
(0.376309 0 -0.00188154)
(0.376309 0 -0.00188154)
(0.376309 0 -0.00188154)
(0.376309 1.412e-31 -0.00188154)
(0.37631 1.84212e-31 -0.00188154)
(0.376309 -1.00209e-30 -0.00188157)
(0.376309 2.57905e-31 -0.00188155)
(0.376309 9.77317e-32 -0.00188156)
(0.376309 6.0964e-31 -0.00188154)
(0.376308 0 -0.00188156)
(0.376308 -1.22781e-30 -0.00188153)
(0.376308 0 -0.00188156)
(0.376308 0 -0.00188152)
(0.376308 0 -0.00188156)
(0.376308 0 -0.00188151)
(0.376308 0 -0.00188157)
(0.376308 0 -0.0018815)
(0.376309 0 -0.00188158)
(0.376307 -1.14184e-31 -0.0018815)
(0.376311 0 -0.00188153)
(0.376308 0 -0.0018816)
(0.376311 0 -0.00188146)
(0.376308 8.86627e-30 -0.00188166)
(0.376311 0 -0.00188141)
(0.376308 0 -0.00188174)
(0.376311 1.68193e-29 -0.00188134)
(0.376307 2.00282e-29 -0.0018818)
(0.376311 0 -0.00188125)
(0.376306 0 -0.0018819)
(0.376312 3.19331e-29 -0.00188114)
(0.376306 7.33541e-29 -0.00188201)
(0.376313 0 -0.001881)
(0.376306 0 -0.00188215)
(0.376315 0 -0.00188084)
(0.376306 6.07385e-29 -0.00188233)
(0.376317 0 -0.00188065)
(0.376307 7.63887e-29 -0.00188253)
(0.376319 8.69844e-29 -0.00188043)
(0.376309 0 -0.00188277)
(0.376323 -1.0649e-28 -0.00188019)
(0.37631 0 -0.00188303)
(0.376326 0 -0.00187992)
(0.376313 0 -0.00188333)
(0.37633 0 -0.00187963)
(0.376316 -1.61452e-28 -0.00188366)
(0.376334 1.77935e-28 -0.00187932)
(0.376319 -1.87492e-28 -0.00188401)
(0.376339 0 -0.00187899)
(0.376323 0 -0.00188437)
(0.376344 -2.33484e-28 -0.00187865)
(0.376328 0 -0.00188475)
(0.376349 -2.62242e-28 -0.00187831)
(0.376333 -2.71027e-28 -0.00188513)
(0.376355 2.90899e-28 -0.00187798)
(0.37634 2.9847e-28 -0.00188549)
(0.376361 0 -0.00187765)
(0.376347 0 -0.00188587)
(0.376368 -3.44343e-28 -0.00187736)
(0.376354 0 -0.00188622)
(0.376374 3.68207e-28 -0.0018771)
(0.376362 -3.74192e-28 -0.00188654)
(0.37638 3.88924e-28 -0.00187688)
(0.376369 0 -0.00188682)
(0.376385 -4.06583e-28 -0.00187669)
(0.376376 0 -0.00188706)
(0.37639 0 -0.00187655)
(0.376382 -4.23649e-28 -0.00188726)
(0.376395 0 -0.00187643)
(0.376388 0 -0.00188743)
(0.376399 0 -0.00187636)
(0.376394 4.41563e-28 -0.00188755)
(0.376402 4.6451e-28 -0.00187633)
(0.376399 0 -0.00188762)
(0.376405 0 -0.00187633)
(0.376404 0 -0.00188763)
(0.376408 0 -0.00187639)
(0.376408 0 -0.00188761)
(0.37641 0 -0.00187648)
(0.376412 -4.35496e-28 -0.00188755)
(0.376411 0 -0.00187662)
(0.376415 0 -0.00188744)
(0.376412 0 -0.0018768)
(0.376417 0 -0.00188728)
(0.376412 4.0752e-28 -0.00187701)
(0.376418 0 -0.00188708)
(0.376411 0 -0.00187724)
(0.376418 -3.89582e-28 -0.00188683)
(0.376411 3.69725e-28 -0.00187749)
(0.376419 0 -0.00188658)
(0.37641 3.48374e-28 -0.00187777)
(0.376419 0 -0.00188631)
(0.376408 0 -0.00187806)
(0.376418 -3.10161e-28 -0.00188602)
(0.376406 0 -0.00187836)
(0.376416 0 -0.00188571)
(0.376404 0 -0.00187865)
(0.376413 2.62385e-28 -0.00188539)
(0.376402 0 -0.00187894)
(0.376411 -2.39564e-28 -0.00188509)
(0.376399 0 -0.00187923)
(0.376408 0 -0.00188479)
(0.376396 0 -0.00187951)
(0.376405 1.92884e-28 -0.0018845)
(0.376393 1.84602e-28 -0.00187977)
(0.376401 0 -0.0018842)
(0.37639 0 -0.00188001)
(0.376398 0 -0.00188394)
(0.376387 0 -0.00188024)
(0.376394 0 -0.00188369)
(0.376384 -1.27219e-28 -0.00188045)
(0.37639 1.14753e-28 -0.00188345)
(0.37638 1.08109e-28 -0.00188063)
(0.376386 0 -0.00188324)
(0.376377 0 -0.0018808)
(0.376382 0 -0.00188303)
(0.376373 0 -0.00188097)
(0.376377 0 -0.00188285)
(0.37637 -6.99785e-29 -0.00188109)
(0.376373 -6.24206e-29 -0.00188269)
(0.376367 0 -0.0018812)
(0.37637 0 -0.00188255)
(0.376363 0 -0.0018813)
(0.376366 -4.56204e-29 -0.00188241)
(0.37636 0 -0.0018814)
(0.376362 3.18656e-29 -0.00188228)
(0.376357 0 -0.00188146)
(0.376359 0 -0.00188217)
(0.376354 0 -0.00188154)
(0.376355 0 -0.00188209)
(0.376351 0 -0.00188158)
(0.376352 0 -0.00188201)
(0.376349 1.92698e-29 -0.00188159)
(0.37635 0 -0.00188193)
(0.376348 0 -0.00188165)
(0.376348 0 -0.00188189)
(0.376345 3.68934e-30 -0.00188167)
(0.376345 1.08516e-29 -0.00188184)
(0.376344 0 -0.00188166)
(0.376344 -9.37743e-30 -0.00188181)
(0.376343 0 -0.00188167)
(0.376344 0 -0.00188178)
(0.376343 -5.53677e-30 -0.00188169)
(0.376342 0 -0.00188176)
(0.376342 -2.29003e-30 -0.00188168)
(0.376341 0 -0.00188177)
(0.376341 0 -0.00188167)
(0.37634 0 -0.00188175)
(0.376341 0 -0.00188165)
(0.376341 0 -0.00188174)
(0.376341 5.26599e-30 -0.00188166)
(0.376341 0 -0.00188176)
(0.37634 0 -0.00188168)
(0.37634 0 -0.00188173)
(0.37634 0 -0.00188169)
(0.376339 0 -0.00188172)
(0.376341 0 -0.00188163)
(0.37634 0 -0.00188176)
(0.376342 0 -0.0018816)
(0.376342 0 -0.00188181)
(0.376341 -4.72709e-30 -0.00188155)
(0.376345 0 -0.00188181)
(0.37634 0 -0.00188169)
(0.376346 5.18905e-30 -0.00188167)
(0.376342 2.64171e-30 -0.00188175)
(0.376349 0 -0.00188156)
(0.376344 -1.11781e-29 -0.00188206)
(0.376338 5.03037e-29 -0.00188057)
(0.376409 6.40915e-29 -0.00188264)
(0.376274 1.5581e-29 -0.00188217)
(0.376458 1.12181e-28 -0.00188063)
(0.376165 0 -0.00188638)
(0.376497 0 -0.00187234)
(0.376212 0 -0.00190107)
(0.375907 -1.44286e-27 -0.00185221)
(0.37734 0 -0.00191213)
(0.37431 0 -0.00189407)
(0.377526 0 -0.00183685)
(0.373165 0 -0.00228911)
(0.360128 0 -0.00189458)
(0.362441 -1.39979e-27 -0.00186043)
(0.360588 0 -0.00181647)
)
;

boundaryField
{
    inlet
    {
        type            fixedValue;
        value           uniform (0.3 0 0);
    }
    outlet
    {
        type            inletOutlet;
        inletValue      uniform (0 0 0);
        value           nonuniform List<vector> 8((0.153971 8.18082e-27 -0.000712781) (0.241907 -2.50403e-27 -0.00135947) (0.28645 -1.18235e-26 -0.00155233) (0.31525 -8.5968e-27 -0.0017011) (0.335057 4.85875e-32 -0.00177745) (0.348413 1.09691e-26 -0.00181484) (0.35666 3.52827e-27 -0.00182549) (0.360588 0 -0.00181647));
    }
    sideWall
    {
        type            empty;
    }
    bed
    {
        type            fixedValue;
        value           uniform (0 0 0);
    }
    topWall
    {
        type            slip;
        value           nonuniform List<vector> 
300
(
(0.305159 0 -0.0015258)
(0.320556 0 -0.00160278)
(0.328716 -1.51665e-22 -0.00164358)
(0.337991 -6.46911e-27 -0.00168995)
(0.343682 -8.78995e-23 -0.00171841)
(0.349095 -7.54875e-23 -0.00174548)
(0.353526 -6.95259e-23 -0.00176763)
(0.35783 0 -0.00178915)
(0.361785 -5.96885e-23 -0.00180893)
(0.365433 -5.73075e-23 -0.00182717)
(0.368975 0 -0.00184488)
(0.371935 4.83136e-23 -0.00185967)
(0.374736 0 -0.00187368)
(0.376647 3.465e-23 -0.00188323)
(0.378429 0 -0.00189214)
(0.379181 0 -0.00189591)
(0.379225 -4.21917e-24 -0.00189613)
(0.378747 0 -0.00189373)
(0.377828 -1.0861e-27 -0.00188914)
(0.376588 0 -0.00188294)
(0.375196 0 -0.00187598)
(0.373659 0 -0.0018683)
(0.371977 0 -0.00185988)
(0.37015 0 -0.00185075)
(0.368491 0 -0.00184245)
(0.367004 0 -0.00183502)
(0.365694 0 -0.00182847)
(0.36456 0 -0.0018228)
(0.363575 0 -0.00181788)
(0.36274 0 -0.0018137)
(0.362 0 -0.00181)
(0.361366 0 -0.00180683)
(0.360839 0 -0.0018042)
(0.360416 0 -0.00180208)
(0.360075 0 -0.00180038)
(0.35978 0 -0.0017989)
(0.359525 0 -0.00179763)
(0.359308 0 -0.00179654)
(0.359122 0 -0.00179561)
(0.358963 0 -0.00179482)
(0.358827 0 -0.00179414)
(0.358712 1.8572e-24 -0.00179356)
(0.358613 0 -0.00179306)
(0.358529 1.35276e-24 -0.00179265)
(0.358456 0 -0.00179228)
(0.358396 0 -0.00179198)
(0.358342 8.42849e-25 -0.00179171)
(0.3583 0 -0.0017915)
(0.358258 6.18007e-25 -0.00179129)
(0.35823 -5.44032e-25 -0.00179115)
(0.358192 0 -0.00179096)
(0.358185 3.76806e-25 -0.00179093)
(0.358131 0 -0.00179066)
(0.358187 2.24263e-25 -0.00179093)
(0.358022 0 -0.00179011)
(0.358331 6.72874e-29 -0.00179166)
(0.357676 -1.0762e-24 -0.00178838)
(0.359265 0 -0.00179632)
(0.357947 1.36294e-23 -0.00178973)
(0.360131 -6.68126e-27 -0.00180065)
(0.374948 0 -0.00187474)
(0.379167 0 -0.00189584)
(0.375646 3.95777e-27 -0.00187823)
(0.378486 -9.20665e-24 -0.00189243)
(0.378435 0 -0.00189218)
(0.378683 -1.55873e-28 -0.00189342)
(0.378664 4.69778e-25 -0.00189332)
(0.378573 2.48841e-29 -0.00189287)
(0.378406 2.39226e-24 -0.00189203)
(0.378204 -2.57655e-30 -0.00189102)
(0.377986 -9.24601e-30 -0.00188993)
(0.377757 3.0439e-24 -0.00188879)
(0.377541 0 -0.00188771)
(0.377336 2.69184e-24 -0.00188668)
(0.377155 0 -0.00188578)
(0.376993 0 -0.00188496)
(0.376856 1.81269e-24 -0.00188428)
(0.376739 0 -0.0018837)
(0.376644 1.26134e-24 -0.00188322)
(0.376564 1.78331e-30 -0.00188282)
(0.3765 0 -0.0018825)
(0.376448 0 -0.00188224)
(0.376407 1.08115e-30 -0.00188204)
(0.376374 -1.05712e-30 -0.00188187)
(0.37635 9.38585e-31 -0.00188175)
(0.37633 0 -0.00188165)
(0.376317 0 -0.00188159)
(0.376307 0 -0.00188154)
(0.376301 0 -0.00188151)
(0.376297 0 -0.00188149)
(0.376295 2.08654e-26 -0.00188148)
(0.376294 0 -0.00188147)
(0.376294 -5.62081e-31 -0.00188147)
(0.376295 -4.38494e-31 -0.00188148)
(0.376296 -1.97952e-26 -0.00188148)
(0.376298 0 -0.00188149)
(0.376299 0 -0.00188149)
(0.3763 0 -0.0018815)
(0.376301 -1.99826e-26 -0.00188151)
(0.376303 0 -0.00188152)
(0.376304 0 -0.00188152)
(0.376306 0 -0.00188153)
(0.376307 -7.05096e-27 -0.00188153)
(0.376307 0 -0.00188154)
(0.376308 4.48796e-32 -0.00188154)
(0.376308 0 -0.00188154)
(0.376308 3.49783e-32 -0.00188154)
(0.376309 -7.50919e-32 -0.00188154)
(0.376309 -3.34599e-32 -0.00188155)
(0.376309 0 -0.00188155)
(0.37631 2.79806e-31 -0.00188155)
(0.37631 0 -0.00188155)
(0.376309 -1.6932e-27 -0.00188155)
(0.376309 -4.35163e-27 -0.00188155)
(0.376309 -1.565e-27 -0.00188155)
(0.376309 -2.75927e-27 -0.00188154)
(0.376309 -9.82882e-32 -0.00188154)
(0.376309 -1.04328e-31 -0.00188154)
(0.376309 0 -0.00188154)
(0.376309 0 -0.00188154)
(0.376309 0 -0.00188154)
(0.376309 0 -0.00188155)
(0.376309 1.412e-31 -0.00188155)
(0.37631 4.31133e-27 -0.00188155)
(0.376309 -7.80324e-27 -0.00188155)
(0.376309 -1.49255e-27 -0.00188155)
(0.376309 -7.32144e-27 -0.00188154)
(0.376309 7.49885e-28 -0.00188154)
(0.376308 0 -0.00188154)
(0.376308 -1.22781e-30 -0.00188154)
(0.376308 0 -0.00188154)
(0.376308 0 -0.00188154)
(0.376308 0 -0.00188154)
(0.376308 0 -0.00188154)
(0.376308 0 -0.00188154)
(0.376308 0 -0.00188154)
(0.376309 0 -0.00188155)
(0.376307 -1.44507e-26 -0.00188154)
(0.376311 0 -0.00188155)
(0.376308 0 -0.00188154)
(0.376311 0 -0.00188155)
(0.376308 4.87342e-26 -0.00188154)
(0.376311 0 -0.00188156)
(0.376308 0 -0.00188154)
(0.376311 1.68193e-29 -0.00188156)
(0.376307 1.14524e-25 -0.00188153)
(0.376311 0 -0.00188156)
(0.376306 0 -0.00188153)
(0.376312 3.19331e-29 -0.00188156)
(0.376306 2.04287e-25 -0.00188153)
(0.376313 0 -0.00188157)
(0.376306 0 -0.00188153)
(0.376315 0 -0.00188157)
(0.376306 6.07385e-29 -0.00188153)
(0.376317 0 -0.00188158)
(0.376307 7.63887e-29 -0.00188154)
(0.376319 8.69844e-29 -0.0018816)
(0.376309 0 -0.00188154)
(0.376323 -1.0649e-28 -0.00188161)
(0.37631 0 -0.00188155)
(0.376326 0 -0.00188163)
(0.376313 0 -0.00188156)
(0.37633 0 -0.00188165)
(0.376316 -1.61452e-28 -0.00188158)
(0.376334 1.77935e-28 -0.00188167)
(0.376319 -1.87492e-28 -0.0018816)
(0.376339 0 -0.0018817)
(0.376323 0 -0.00188162)
(0.376344 -2.33484e-28 -0.00188172)
(0.376328 0 -0.00188164)
(0.376349 -2.62242e-28 -0.00188175)
(0.376333 -2.71027e-28 -0.00188167)
(0.376355 2.90899e-28 -0.00188177)
(0.37634 2.9847e-28 -0.0018817)
(0.376361 0 -0.00188181)
(0.376347 0 -0.00188173)
(0.376368 -3.44343e-28 -0.00188184)
(0.376354 0 -0.00188177)
(0.376374 3.68207e-28 -0.00188187)
(0.376362 -3.74192e-28 -0.00188181)
(0.37638 3.88924e-28 -0.0018819)
(0.376369 0 -0.00188184)
(0.376385 -4.06583e-28 -0.00188193)
(0.376376 0 -0.00188188)
(0.37639 0 -0.00188195)
(0.376382 -4.23649e-28 -0.00188191)
(0.376395 0 -0.00188197)
(0.376388 0 -0.00188194)
(0.376399 0 -0.00188199)
(0.376394 4.41563e-28 -0.00188197)
(0.376402 2.40684e-24 -0.00188201)
(0.376399 0 -0.00188199)
(0.376405 0 -0.00188202)
(0.376404 0 -0.00188202)
(0.376408 0 -0.00188204)
(0.376408 0 -0.00188204)
(0.37641 0 -0.00188205)
(0.376412 -4.35496e-28 -0.00188206)
(0.376411 0 -0.00188206)
(0.376415 0 -0.00188207)
(0.376412 0 -0.00188206)
(0.376417 0 -0.00188208)
(0.376412 4.0752e-28 -0.00188206)
(0.376418 0 -0.00188209)
(0.376411 0 -0.00188205)
(0.376418 -2.00607e-24 -0.00188209)
(0.376411 3.69725e-28 -0.00188205)
(0.376419 0 -0.00188209)
(0.37641 3.48374e-28 -0.00188205)
(0.376419 0 -0.00188209)
(0.376408 0 -0.00188204)
(0.376418 -3.10161e-28 -0.00188209)
(0.376406 0 -0.00188203)
(0.376416 0 -0.00188208)
(0.376404 0 -0.00188202)
(0.376413 2.62385e-28 -0.00188207)
(0.376402 0 -0.00188201)
(0.376411 -2.39564e-28 -0.00188206)
(0.376399 0 -0.001882)
(0.376408 0 -0.00188204)
(0.376396 0 -0.00188198)
(0.376405 1.92884e-28 -0.00188202)
(0.376393 1.84602e-28 -0.00188196)
(0.376401 0 -0.00188201)
(0.37639 0 -0.00188195)
(0.376398 0 -0.00188199)
(0.376387 0 -0.00188193)
(0.376394 0 -0.00188197)
(0.376384 -1.27219e-28 -0.00188192)
(0.37639 1.14753e-28 -0.00188195)
(0.37638 1.08109e-28 -0.0018819)
(0.376386 0 -0.00188193)
(0.376377 0 -0.00188188)
(0.376382 0 -0.00188191)
(0.376373 0 -0.00188187)
(0.376377 0 -0.00188189)
(0.37637 -6.99785e-29 -0.00188185)
(0.376373 -3.50013e-25 -0.00188187)
(0.376367 0 -0.00188183)
(0.37637 0 -0.00188185)
(0.376363 0 -0.00188181)
(0.376366 -4.56204e-29 -0.00188183)
(0.37636 0 -0.0018818)
(0.376362 3.18656e-29 -0.00188181)
(0.376357 0 -0.00188178)
(0.376359 0 -0.00188179)
(0.376354 0 -0.00188177)
(0.376355 0 -0.00188178)
(0.376351 0 -0.00188176)
(0.376352 0 -0.00188176)
(0.376349 1.92698e-29 -0.00188174)
(0.37635 0 -0.00188175)
(0.376348 0 -0.00188174)
(0.376348 0 -0.00188174)
(0.376345 3.68934e-30 -0.00188173)
(0.376345 1.08516e-29 -0.00188173)
(0.376344 0 -0.00188172)
(0.376344 -9.37743e-30 -0.00188172)
(0.376343 0 -0.00188172)
(0.376344 0 -0.00188172)
(0.376343 -5.53677e-30 -0.00188171)
(0.376342 0 -0.00188171)
(0.376342 -2.29003e-30 -0.00188171)
(0.376341 0 -0.00188171)
(0.376341 0 -0.0018817)
(0.37634 0 -0.0018817)
(0.376341 0 -0.0018817)
(0.376341 0 -0.0018817)
(0.376341 5.26599e-30 -0.00188171)
(0.376341 0 -0.0018817)
(0.37634 0 -0.0018817)
(0.37634 0 -0.0018817)
(0.37634 0 -0.0018817)
(0.376339 0 -0.00188169)
(0.376341 0 -0.00188171)
(0.37634 0 -0.0018817)
(0.376342 0 -0.00188171)
(0.376342 0 -0.00188171)
(0.376341 -4.72709e-30 -0.00188171)
(0.376345 0 -0.00188173)
(0.37634 0 -0.0018817)
(0.376346 5.18905e-30 -0.00188173)
(0.376342 2.64171e-30 -0.00188171)
(0.376349 0 -0.00188174)
(0.376344 -1.11781e-29 -0.00188172)
(0.376338 5.03037e-29 -0.00188169)
(0.376409 6.40915e-29 -0.00188205)
(0.376274 1.5581e-29 -0.00188137)
(0.376458 1.12181e-28 -0.00188229)
(0.376165 0 -0.00188082)
(0.376497 0 -0.00188249)
(0.376212 0 -0.00188106)
(0.375907 -1.44286e-27 -0.00187953)
(0.37734 0 -0.0018867)
(0.37431 0 -0.00187155)
(0.377525 0 -0.00188763)
(0.373167 0 -0.00186584)
(0.360128 0 -0.00180064)
(0.362442 -1.39979e-27 -0.00181221)
(0.360588 0 -0.00180294)
)
;
    }
}


// ************************************************************************* //
