/*--------------------------------*- C++ -*----------------------------------*\
| =========                 |                                                 |
| \\      /  F ield         | foam-extend: Open Source CFD                    |
|  \\    /   O peration     | Version:     3.2                                |
|   \\  /    A nd           | Web:         http://www.foam-extend.org         |
|    \\/     M anipulation  | For copyright notice see file Copyright         |
\*---------------------------------------------------------------------------*/
FoamFile
{
    version     2.0;
    format      ascii;
    class       areaScalarField;
    location    "120";
    object      thetaCSS1;
}
// * * * * * * * * * * * * * * * * * * * * * * * * * * * * * * * * * * * * * //

dimensions      [0 0 0 0 0 0 0];

internalField   nonuniform List<scalar> 
550
(
0.127208
0.127208
0.127208
0.127208
0.127208
0.127208
0.127208
0.127208
0.127208
0.127208
0.127208
0.127208
0.127208
0.127208
0.127208
0.127208
0.127208
0.127208
0.127208
0.127208
0.127208
0.127208
0.127208
0.127208
0.127208
0.127208
0.127208
0.127208
0.127208
0.127208
0.127208
0.127208
0.127208
0.127208
0.127208
0.127208
0.127208
0.127208
0.127208
0.127208
0.127208
0.127208
0.127208
0.127208
0.127208
0.127208
0.127208
0.127208
0.127208
0.127208
0.127208
0.127208
0.127208
0.127208
0.127208
0.127208
0.127208
0.127208
0.127208
0.127208
0.127208
0.127208
0.127208
0.127208
0.127208
0.127208
0.127208
0.127208
0.127208
0.127208
0.127208
0.127208
0.127208
0.127208
0.127208
0.127208
0.127208
0.127208
0.127208
0.127208
0.127208
0.127208
0.127208
0.127208
0.127208
0.127208
0.127208
0.127208
0.127208
0.127208
0.127208
0.127208
0.127208
0.127208
0.127208
0.127208
0.127208
0.127208
0.127208
0.127208
0.127208
0.127208
0.127208
0.127208
0.127208
0.127208
0.127208
0.127208
0.127208
0.127208
0.127208
0.127208
0.127208
0.127208
0.127208
0.127208
0.127208
0.127208
0.127208
0.127208
0.127208
0.127208
0.127208
0.127208
0.127208
0.127208
0.127208
0.127208
0.127208
0.127208
0.127208
0.127208
0.127208
0.127208
0.127208
0.127208
0.127208
0.127208
0.127208
0.127208
0.127208
0.127208
0.127208
0.127208
0.127208
0.127208
0.127208
0.127208
0.127208
0.127208
0.127208
0.127208
0.127208
0.127208
0.127208
0.127208
0.127208
0.127208
0.127208
0.127208
0.127208
0.127208
0.127208
0.127208
0.127208
0.127208
0.127208
0.127208
0.127208
0.127208
0.127208
0.127208
0.127208
0.127208
0.127208
0.127208
0.127208
0.127208
0.127208
0.127208
0.127208
0.127208
0.127208
0.127208
0.127208
0.127208
0.127208
0.127208
0.127208
0.127208
0.127208
0.127208
0.127208
0.127208
0.127208
0.127208
0.127208
0.127208
0.127208
0.127208
0.127208
0.127208
0.127208
0.127208
0.127208
0.127208
0.127208
0.127208
0.127208
0.127208
0.127208
0.127208
0.127208
0.127208
0.127208
0.127208
0.127208
0.127208
0.127208
0.127208
0.127208
0.127208
0.127208
0.127208
0.127208
0.127208
0.127208
0.127208
0.127208
0.127208
0.127208
0.127208
0.127208
0.127208
0.127208
0.127208
0.127208
0.127267
0.127299
0.127211
0.127212
0.127214
0.127215
0.127217
0.127217
0.127217
0.127217
0.127217
0.127217
0.127217
0.127217
0.127217
0.127217
0.127217
0.127217
0.127217
0.127217
0.127217
0.127217
0.127217
0.127217
0.127217
0.127217
0.127217
0.127217
0.127217
0.127217
0.127217
0.127217
0.127217
0.127217
0.127217
0.127217
0.127217
0.127217
0.127217
0.127217
0.127217
0.127217
0.127217
0.127216
0.127216
0.127216
0.127216
0.127216
0.127216
0.127216
0.127216
0.127216
0.127215
0.127215
0.127215
0.127215
0.127215
0.127215
0.127214
0.127214
0.127214
0.127214
0.127214
0.127213
0.127213
0.127213
0.127213
0.127212
0.127212
0.127212
0.127212
0.127212
0.127211
0.127211
0.127211
0.127211
0.127211
0.127211
0.12721
0.12721
0.12721
0.12721
0.12721
0.12721
0.127209
0.127209
0.127209
0.127209
0.127209
0.127209
0.127209
0.127209
0.127209
0.127209
0.127209
0.127209
0.127209
0.127209
0.127209
0.127209
0.127209
0.127209
0.127209
0.127209
0.127209
0.127209
0.127209
0.12721
0.12721
0.12721
0.12721
0.12721
0.12721
0.127211
0.127211
0.127211
0.127211
0.127211
0.127212
0.127212
0.127212
0.127212
0.127212
0.127213
0.127213
0.127213
0.127213
0.127213
0.127214
0.127214
0.127214
0.127214
0.127214
0.127214
0.127215
0.127215
0.127215
0.127215
0.127215
0.127215
0.127215
0.127216
0.127216
0.127216
0.127216
0.127216
0.127216
0.127216
0.127216
0.127216
0.127216
0.127216
0.127217
0.127217
0.127217
0.127217
0.127217
0.127217
0.127217
0.127217
0.127217
0.127217
0.127217
0.127217
0.127217
0.127217
0.127217
0.127217
0.127217
0.127217
0.127217
0.127217
0.127217
0.127217
0.127217
0.127216
0.127216
0.127216
0.127216
0.127216
0.127216
0.127216
0.127216
0.127216
0.127216
0.127216
0.127216
0.127216
0.127216
0.127215
0.127215
0.127215
0.127215
0.127215
0.127215
0.127215
0.127215
0.127215
0.127214
0.127214
0.127214
0.127214
0.127214
0.127214
0.127213
0.127213
0.127213
0.127213
0.127213
0.127213
0.127212
0.127212
0.127212
0.127212
0.127212
0.127212
0.127212
0.127211
0.127211
0.127211
0.127211
0.127211
0.127211
0.127211
0.127211
0.12721
0.12721
0.12721
0.12721
0.12721
0.12721
0.12721
0.12721
0.12721
0.12721
0.12721
0.12721
0.12721
0.127209
0.127209
0.127209
0.127209
0.127209
0.127209
0.127209
0.127209
0.127209
0.127209
0.12721
0.12721
0.12721
0.12721
0.12721
0.12721
0.12721
0.12721
0.12721
0.12721
0.12721
0.12721
0.12721
0.12721
0.127211
0.127211
0.127211
0.127211
0.127211
0.127211
0.127211
0.127211
0.127211
0.127211
0.127211
0.127212
0.127212
0.127212
0.127212
0.127212
0.127212
0.127212
0.127212
0.127212
0.127213
0.127213
0.127213
0.127214
0.127214
0.127215
0.127216
0.127218
0.12722
0.127224
0.127229
0.127236
0.127246
0.127262
0.127283
0.127313
0.127356
0.127376
0.127518
0.126098
0.125868
0.127208
0.127208
0.127208
0.127208
0.127208
0.127208
0.127208
0.127208
0.127993
0.127993
)
;

boundaryField
{
    inlet
    {
        type            calculated;
        value           uniform 0;
    }
    endWall
    {
        type            calculated;
        value           uniform 0;
    }
    sideWall
    {
        type            empty;
    }
}


// ************************************************************************* //
