/*--------------------------------*- C++ -*----------------------------------*\
| =========                 |                                                 |
| \\      /  F ield         | foam-extend: Open Source CFD                    |
|  \\    /   O peration     | Version:     3.2                                |
|   \\  /    A nd           | Web:         http://www.foam-extend.org         |
|    \\/     M anipulation  | For copyright notice see file Copyright         |
\*---------------------------------------------------------------------------*/
FoamFile
{
    version     2.0;
    format      ascii;
    class       surfaceScalarField;
    location    "200";
    object      phi;
}
// * * * * * * * * * * * * * * * * * * * * * * * * * * * * * * * * * * * * * //

dimensions      [0 3 -1 0 0 0 0];

internalField   nonuniform List<scalar> 
4492
(
1.55322e-05
4.71776e-06
1.26732e-05
2.85903e-06
1.09109e-05
1.76231e-06
1.01033e-05
8.07625e-07
9.77968e-06
3.23589e-07
9.65684e-06
1.22843e-07
9.63345e-06
2.33911e-08
9.64497e-06
-1.15204e-08
9.67397e-06
-2.8999e-08
9.71333e-06
-3.93583e-08
9.75408e-06
-4.07529e-08
9.79182e-06
-3.77448e-08
9.83121e-06
-3.93906e-08
9.86974e-06
-3.85249e-08
9.90703e-06
-3.72952e-08
9.9474e-06
-4.03633e-08
9.98784e-06
-4.04473e-08
1.00279e-05
-4.00475e-08
1.0068e-05
-4.01108e-08
1.01081e-05
-4.00472e-08
1.01481e-05
-4.00349e-08
1.01902e-05
-4.21301e-08
1.02348e-05
-4.45921e-08
1.02789e-05
-4.41417e-08
1.03196e-05
-4.06233e-08
1.03563e-05
-3.67017e-08
1.03888e-05
-3.25108e-08
1.04171e-05
-2.83547e-08
1.04416e-05
-2.44562e-08
1.04628e-05
-2.122e-08
1.04809e-05
-1.81188e-08
1.04961e-05
-1.51445e-08
1.05084e-05
-1.22899e-08
1.05183e-05
-9.89138e-09
1.05265e-05
-8.23776e-09
1.05334e-05
-6.91738e-09
1.05392e-05
-5.82749e-09
1.05442e-05
-4.93119e-09
1.05484e-05
-4.18681e-09
1.05519e-05
-3.56216e-09
1.0555e-05
-3.03268e-09
1.05575e-05
-2.58242e-09
1.05597e-05
-2.19932e-09
1.05616e-05
-1.87316e-09
1.05632e-05
-1.59496e-09
1.05646e-05
-1.35737e-09
1.05657e-05
-1.15637e-09
1.05667e-05
-9.85572e-10
1.05675e-05
-8.40066e-10
1.05683e-05
-7.17354e-10
1.05689e-05
-6.12296e-10
1.05694e-05
-5.22401e-10
1.05698e-05
-4.45788e-10
1.05702e-05
-3.80803e-10
1.05706e-05
-3.26453e-10
1.05708e-05
-2.79703e-10
1.05711e-05
-2.39451e-10
1.05713e-05
-2.05046e-10
1.05714e-05
-1.75257e-10
1.05716e-05
-1.50143e-10
1.05717e-05
-1.28895e-10
1.05718e-05
-1.10751e-10
1.05719e-05
-9.50219e-11
1.0572e-05
-8.19714e-11
1.05721e-05
-7.05061e-11
1.05721e-05
-5.953e-11
1.05722e-05
-5.05281e-11
1.05722e-05
-4.33757e-11
1.05723e-05
-3.75383e-11
1.05723e-05
-3.21768e-11
1.05723e-05
-2.77753e-11
1.05724e-05
-2.43662e-11
1.05724e-05
-2.08863e-11
1.05724e-05
-1.78421e-11
1.05724e-05
-1.5375e-11
1.05724e-05
-1.29219e-11
1.05724e-05
-1.04731e-11
1.05724e-05
-9.02229e-12
1.05725e-05
-7.48438e-12
1.05725e-05
-6.3005e-12
1.05725e-05
-5.745e-12
1.05725e-05
-4.84246e-12
1.05725e-05
-4.27036e-12
1.05725e-05
-3.93104e-12
1.05725e-05
-3.47109e-12
1.05725e-05
-2.85983e-12
1.05725e-05
-2.16314e-12
1.05725e-05
-1.63088e-12
1.05725e-05
-1.38019e-12
1.05725e-05
-1.02084e-12
1.05725e-05
-7.09154e-13
1.05725e-05
-7.38719e-13
1.05725e-05
-8.41144e-13
1.05725e-05
-8.60571e-13
1.05725e-05
-7.71381e-13
1.05725e-05
-4.99912e-13
1.05725e-05
-2.52421e-13
1.05725e-05
-2.01366e-13
1.05725e-05
-2.10723e-13
1.05725e-05
-2.651e-13
1.05725e-05
-3.55941e-13
1.05725e-05
-4.19757e-13
1.05725e-05
-4.19516e-13
1.05725e-05
-3.66947e-13
1.05725e-05
-2.85009e-13
1.05725e-05
-1.96393e-13
1.05725e-05
-1.21907e-13
1.05725e-05
-6.97829e-14
1.05725e-05
-3.64517e-14
1.05725e-05
-1.57767e-14
1.05725e-05
-3.65674e-15
1.05725e-05
3.10489e-15
1.05725e-05
8.00571e-15
1.05725e-05
1.04362e-14
1.05725e-05
9.39524e-15
1.05725e-05
7.43758e-15
1.05725e-05
5.64993e-15
1.05725e-05
3.33135e-15
1.05725e-05
8.81506e-16
1.05725e-05
-8.76102e-16
1.05725e-05
-1.57706e-15
1.05725e-05
-9.3374e-16
1.05725e-05
2.78954e-16
1.05725e-05
1.42555e-15
1.05725e-05
3.27139e-15
1.05725e-05
6.10005e-15
1.05725e-05
8.10836e-15
1.05725e-05
8.26283e-15
1.05725e-05
7.43975e-15
1.05725e-05
6.23119e-15
1.05725e-05
4.94691e-15
1.05725e-05
3.79449e-15
1.05725e-05
2.97852e-15
1.05725e-05
2.14237e-15
1.05725e-05
1.4028e-15
1.05725e-05
1.75833e-15
1.05725e-05
2.57364e-15
1.05725e-05
2.28267e-15
1.05725e-05
1.15739e-15
1.05725e-05
2.19882e-16
1.05725e-05
-1.38986e-16
1.05725e-05
6.6624e-16
1.05725e-05
7.13489e-16
1.05725e-05
-1.32518e-15
1.05725e-05
-3.13275e-15
1.05725e-05
-4.00795e-15
1.05725e-05
-5.05878e-15
1.05725e-05
-6.1213e-15
1.05725e-05
-6.40667e-15
1.05725e-05
-5.98744e-15
1.05725e-05
-5.11896e-15
1.05725e-05
-4.41673e-15
1.05725e-05
-3.84939e-15
1.05725e-05
-2.42091e-15
1.05725e-05
-7.35617e-16
1.05725e-05
-3.30887e-16
1.05725e-05
-9.06351e-16
1.05725e-05
-1.35476e-15
1.05725e-05
-1.45095e-15
1.05725e-05
-1.34459e-15
1.05725e-05
-1.15956e-15
1.05725e-05
-8.44171e-16
1.05725e-05
-7.82501e-16
1.05725e-05
-8.11446e-16
1.05725e-05
6.65737e-17
1.05725e-05
1.11897e-15
1.05725e-05
1.17738e-15
1.05725e-05
1.00043e-15
1.05725e-05
1.61738e-15
1.05725e-05
3.33964e-15
1.05725e-05
5.97936e-15
1.05725e-05
8.23778e-15
1.05725e-05
9.49814e-15
1.05725e-05
1.06062e-14
1.05725e-05
1.12017e-14
1.05725e-05
1.01271e-14
1.05725e-05
7.97581e-15
1.05725e-05
6.0318e-15
1.05725e-05
4.59965e-15
1.05725e-05
3.55452e-15
1.05725e-05
2.77902e-15
1.05725e-05
2.31006e-15
1.05725e-05
1.73426e-15
1.05725e-05
1.16841e-15
1.05725e-05
1.63233e-15
1.05725e-05
2.53244e-15
1.05725e-05
2.27258e-15
1.05725e-05
1.00094e-15
1.05725e-05
1.56191e-16
1.05725e-05
4.59929e-16
1.05725e-05
1.66476e-15
1.05725e-05
2.70678e-15
1.05725e-05
3.28588e-15
1.05725e-05
4.34792e-15
1.05725e-05
5.38852e-15
1.05725e-05
5.01294e-15
1.05725e-05
3.63867e-15
1.05725e-05
2.44549e-15
1.05725e-05
1.69628e-15
1.05725e-05
1.35657e-15
1.05725e-05
9.32635e-16
1.05725e-05
5.06834e-16
1.05725e-05
1.09255e-15
1.05725e-05
2.07992e-15
1.05725e-05
1.95041e-15
1.05725e-05
9.25891e-16
1.05725e-05
1.87712e-16
1.05725e-05
6.08698e-16
1.05725e-05
2.2725e-15
1.05725e-05
4.31906e-15
1.05725e-05
5.98009e-15
1.05725e-05
6.54437e-15
1.05725e-05
6.26759e-15
1.05725e-05
6.46942e-15
1.05725e-05
6.80963e-15
1.05725e-05
5.92683e-15
1.05725e-05
4.20844e-15
1.05725e-05
2.78742e-15
1.05725e-05
1.89248e-15
1.05725e-05
1.46226e-15
1.05725e-05
9.83663e-16
1.05725e-05
5.26436e-16
1.05725e-05
1.09552e-15
1.05725e-05
2.03982e-15
1.05725e-05
2.02777e-15
1.05725e-05
1.13143e-15
1.05725e-05
1.26394e-17
1.05725e-05
-6.03208e-16
1.05725e-05
-4.90476e-16
1.05725e-05
-2.3995e-16
1.05725e-05
-2.95208e-16
1.05725e-05
-2.17919e-16
1.05725e-05
5.43385e-16
1.05725e-05
1.80738e-15
1.05725e-05
3.02487e-15
1.05725e-05
3.81606e-15
1.05725e-05
4.10778e-15
1.05725e-05
4.00582e-15
1.05725e-05
3.66492e-15
1.05725e-05
3.22809e-15
1.05725e-05
2.74311e-15
1.05725e-05
2.27215e-15
1.05725e-05
1.94171e-15
1.05725e-05
1.70218e-15
1.05725e-05
1.40265e-15
1.05725e-05
1.06657e-15
1.05725e-05
7.93729e-16
1.05725e-05
5.98203e-16
1.05725e-05
4.56733e-16
1.05725e-05
3.50629e-16
1.05725e-05
2.70512e-16
1.05725e-05
2.09364e-16
1.05725e-05
1.61884e-16
1.05725e-05
1.25142e-16
1.05725e-05
9.77373e-17
1.05725e-05
7.67709e-17
1.05725e-05
6.00834e-17
1.05725e-05
4.68933e-17
1.05725e-05
3.66501e-17
1.05725e-05
2.87369e-17
1.05725e-05
2.29553e-17
1.05725e-05
1.87216e-17
1.05725e-05
1.50711e-17
1.05725e-05
1.14356e-17
1.05725e-05
8.73683e-18
1.05725e-05
6.70819e-18
1.05725e-05
4.79544e-18
1.05725e-05
3.10141e-18
1.05725e-05
2.3596e-18
1.05725e-05
2.43553e-18
1.05725e-05
2.9368e-18
1.05725e-05
3.30676e-18
1.05725e-05
2.58568e-18
1.05725e-05
1.76218e-18
1.05725e-05
1.29366e-18
1.05725e-05
2.11419e-18
1.05725e-05
1.49249e-17
1.05725e-05
3.80218e-18
1.05725e-05
-1.5669e-17
1.05725e-05
5.82953e-17
1.05725e-05
1.68358e-16
1.05725e-05
1.59518e-16
1.05725e-05
6.56757e-17
1.05725e-05
-1.63656e-17
1.05725e-05
-3.62368e-17
1.05725e-05
-8.41865e-17
1.05725e-05
1.03668e-17
1.05725e-05
-2.16429e-16
1.05725e-05
3.69404e-16
1.05725e-05
-1.04071e-15
1.05725e-05
2.50158e-15
1.05725e-05
-6.285e-15
1.05725e-05
1.43177e-14
1.05725e-05
-4.84421e-14
1.05725e-05
-7.93702e-14
1.05725e-05
-1.56274e-12
1.05725e-05
-1.48005e-11
1.05728e-05
-3.16536e-10
1.0573e-05
-1.96201e-10
1.01867e-09
1.98287e-05
5.13904e-06
1.88709e-05
3.81688e-06
1.78588e-05
2.77435e-06
1.70657e-05
1.60073e-06
1.65551e-05
8.3416e-07
1.62217e-05
4.5625e-07
1.60082e-05
2.36892e-07
1.58645e-05
1.32166e-07
1.57662e-05
6.93535e-08
1.57058e-05
2.10752e-08
1.56736e-05
-8.54635e-09
1.56601e-05
-2.43089e-08
1.56628e-05
-4.20572e-08
1.56741e-05
-4.98574e-08
1.56951e-05
-5.8312e-08
1.57253e-05
-7.05067e-08
1.5762e-05
-7.71266e-08
1.58044e-05
-8.25092e-08
1.58515e-05
-8.7214e-08
1.59023e-05
-9.0808e-08
1.59555e-05
-9.32189e-08
1.60104e-05
-9.7055e-08
1.60662e-05
-1.0042e-07
1.61209e-05
-9.88136e-08
1.61717e-05
-9.14765e-08
1.62182e-05
-8.31625e-08
1.626e-05
-7.43403e-08
1.62972e-05
-6.55181e-08
1.63299e-05
-5.71589e-08
1.63588e-05
-5.01239e-08
1.63841e-05
-4.33909e-08
1.64058e-05
-3.68729e-08
1.6424e-05
-3.04957e-08
1.64391e-05
-2.49735e-08
1.64519e-05
-2.10009e-08
1.64628e-05
-1.78239e-08
1.64721e-05
-1.51725e-08
1.64801e-05
-1.29467e-08
1.6487e-05
-1.10596e-08
1.64929e-05
-9.45063e-09
1.64979e-05
-8.07392e-09
1.65022e-05
-6.8947e-09
1.65059e-05
-5.88582e-09
1.65091e-05
-5.02384e-09
1.65118e-05
-4.286e-09
1.65141e-05
-3.65596e-09
1.6516e-05
-3.12029e-09
1.65177e-05
-2.66281e-09
1.65191e-05
-2.27221e-09
1.65204e-05
-1.94108e-09
1.65214e-05
-1.6579e-09
1.65223e-05
-1.41611e-09
1.65231e-05
-1.2095e-09
1.65237e-05
-1.03341e-09
1.65243e-05
-8.84749e-10
1.65248e-05
-7.56781e-10
1.65252e-05
-6.48067e-10
1.65255e-05
-5.54967e-10
1.65258e-05
-4.74877e-10
1.65261e-05
-4.06811e-10
1.65263e-05
-3.48789e-10
1.65265e-05
-2.99217e-10
1.65266e-05
-2.5615e-10
1.65268e-05
-2.20712e-10
1.65269e-05
-1.89305e-10
1.6527e-05
-1.60933e-10
1.65271e-05
-1.37303e-10
1.65272e-05
-1.17859e-10
1.65272e-05
-1.01233e-10
1.65273e-05
-8.59613e-11
1.65273e-05
-7.43933e-11
1.65274e-05
-6.47857e-11
1.65274e-05
-5.58779e-11
1.65274e-05
-4.79962e-11
1.65275e-05
-4.06973e-11
1.65275e-05
-3.38557e-11
1.65275e-05
-2.82553e-11
1.65275e-05
-2.4671e-11
1.65275e-05
-2.09678e-11
1.65275e-05
-1.81882e-11
1.65275e-05
-1.53602e-11
1.65276e-05
-1.23823e-11
1.65276e-05
-1.11393e-11
1.65276e-05
-1.03163e-11
1.65276e-05
-9.44233e-12
1.65276e-05
-8.39509e-12
1.65276e-05
-6.69905e-12
1.65276e-05
-4.90076e-12
1.65276e-05
-3.55644e-12
1.65276e-05
-2.57669e-12
1.65276e-05
-2.40687e-12
1.65276e-05
-2.67292e-12
1.65276e-05
-2.7265e-12
1.65276e-05
-2.4972e-12
1.65276e-05
-2.11003e-12
1.65276e-05
-1.64703e-12
1.65276e-05
-1.35239e-12
1.65276e-05
-1.23089e-12
1.65276e-05
-1.19346e-12
1.65276e-05
-1.28866e-12
1.65276e-05
-1.37777e-12
1.65276e-05
-1.34239e-12
1.65276e-05
-1.14741e-12
1.65276e-05
-8.80705e-13
1.65276e-05
-6.27341e-13
1.65276e-05
-4.12623e-13
1.65276e-05
-2.51674e-13
1.65276e-05
-1.42627e-13
1.65276e-05
-7.2415e-14
1.65276e-05
-2.92569e-14
1.65276e-05
-4.15766e-15
1.65276e-05
1.0818e-14
1.65276e-05
1.95744e-14
1.65276e-05
2.00613e-14
1.65276e-05
1.31999e-14
1.65276e-05
7.10723e-15
1.65276e-05
4.46299e-15
1.65276e-05
1.41471e-15
1.65276e-05
-1.99536e-15
1.65276e-05
-3.30909e-15
1.65276e-05
-1.58396e-15
1.65276e-05
2.41572e-15
1.65276e-05
6.1043e-15
1.65276e-05
7.77557e-15
1.65276e-05
1.20158e-14
1.65276e-05
2.01086e-14
1.65276e-05
2.46944e-14
1.65276e-05
2.34286e-14
1.65276e-05
1.9539e-14
1.65276e-05
1.51767e-14
1.65276e-05
1.1293e-14
1.65276e-05
8.25809e-15
1.65276e-05
6.18791e-15
1.65276e-05
4.19687e-15
1.65276e-05
1.88065e-15
1.65276e-05
2.32483e-15
1.65276e-05
4.9058e-15
1.65276e-05
4.88599e-15
1.65276e-05
2.72994e-15
1.65276e-05
8.86872e-16
1.65276e-05
3.82134e-17
1.65276e-05
-6.68008e-16
1.65276e-05
-4.91946e-15
1.65276e-05
-1.27231e-14
1.65276e-05
-1.71669e-14
1.65276e-05
-1.68138e-14
1.65276e-05
-1.64858e-14
1.65276e-05
-1.66493e-14
1.65276e-05
-1.56647e-14
1.65276e-05
-1.37266e-14
1.65276e-05
-1.13728e-14
1.65276e-05
-9.7126e-15
1.65276e-05
-9.10491e-15
1.65276e-05
-6.34184e-15
1.65276e-05
-1.92487e-15
1.65276e-05
-4.9331e-16
1.65276e-05
-1.50259e-15
1.65276e-05
-2.32705e-15
1.65276e-05
-2.52009e-15
1.65276e-05
-2.37119e-15
1.65276e-05
-2.06476e-15
1.65276e-05
-1.57199e-15
1.65276e-05
-1.65629e-15
1.65276e-05
-2.52248e-15
1.65276e-05
-9.77627e-16
1.65276e-05
3.01474e-15
1.65276e-05
5.87487e-15
1.65276e-05
7.90757e-15
1.65276e-05
1.18511e-14
1.65276e-05
1.84985e-14
1.65276e-05
2.55366e-14
1.65276e-05
2.94441e-14
1.65276e-05
2.91059e-14
1.65276e-05
2.84709e-14
1.65276e-05
2.82464e-14
1.65276e-05
2.47894e-14
1.65276e-05
1.9227e-14
1.65276e-05
1.44369e-14
1.65276e-05
1.09162e-14
1.65276e-05
8.32855e-15
1.65276e-05
6.42313e-15
1.65276e-05
5.14868e-15
1.65276e-05
3.65368e-15
1.65276e-05
1.6223e-15
1.65276e-05
2.22131e-15
1.65276e-05
4.92562e-15
1.65276e-05
4.99299e-15
1.65276e-05
3.47385e-15
1.65276e-05
3.98856e-15
1.65276e-05
6.74017e-15
1.65276e-05
1.00424e-14
1.65276e-05
1.17032e-14
1.65276e-05
1.10904e-14
1.65276e-05
1.17504e-14
1.65276e-05
1.36635e-14
1.65276e-05
1.25691e-14
1.65276e-05
9.24182e-15
1.65276e-05
6.40375e-15
1.65276e-05
4.55341e-15
1.65276e-05
3.49788e-15
1.65276e-05
2.24744e-15
1.65276e-05
4.40051e-16
1.65276e-05
1.2385e-15
1.65276e-05
4.08119e-15
1.65276e-05
4.3278e-15
1.65276e-05
2.45032e-15
1.65276e-05
2.62595e-15
1.65276e-05
6.82985e-15
1.65276e-05
1.28922e-14
1.65276e-05
1.76966e-14
1.65276e-05
1.99457e-14
1.65276e-05
1.91834e-14
1.65276e-05
1.61285e-14
1.65276e-05
1.48891e-14
1.65276e-05
1.55097e-14
1.65276e-05
1.36069e-14
1.65276e-05
9.79718e-15
1.65276e-05
6.67648e-15
1.65276e-05
4.66603e-15
1.65276e-05
3.52245e-15
1.65276e-05
2.22585e-15
1.65276e-05
3.99429e-16
1.65276e-05
1.18619e-15
1.65276e-05
3.98652e-15
1.65276e-05
4.4914e-15
1.65276e-05
2.8807e-15
1.65276e-05
4.60829e-16
1.65276e-05
-1.22563e-15
1.65276e-05
-1.01267e-15
1.65276e-05
-3.29997e-16
1.65276e-05
5.12346e-16
1.65276e-05
2.81455e-15
1.65276e-05
6.48865e-15
1.65276e-05
1.00638e-14
1.65276e-05
1.23181e-14
1.65276e-05
1.29693e-14
1.65276e-05
1.23821e-14
1.65276e-05
1.10864e-14
1.65276e-05
9.52117e-15
1.65276e-05
7.97542e-15
1.65276e-05
6.51351e-15
1.65276e-05
5.16281e-15
1.65276e-05
4.24992e-15
1.65276e-05
3.71138e-15
1.65276e-05
3.06102e-15
1.65276e-05
2.32392e-15
1.65276e-05
1.73186e-15
1.65276e-05
1.30506e-15
1.65276e-05
9.92859e-16
1.65276e-05
7.5741e-16
1.65276e-05
5.79499e-16
1.65276e-05
4.44449e-16
1.65276e-05
3.40875e-16
1.65276e-05
2.61513e-16
1.65276e-05
2.02932e-16
1.65276e-05
1.58666e-16
1.65276e-05
1.23607e-16
1.65276e-05
9.61542e-17
1.65276e-05
7.50684e-17
1.65276e-05
5.88182e-17
1.65276e-05
4.68351e-17
1.65276e-05
3.79567e-17
1.65276e-05
3.04629e-17
1.65276e-05
2.3208e-17
1.65276e-05
1.75548e-17
1.65276e-05
1.35327e-17
1.65276e-05
9.66417e-18
1.65276e-05
6.33613e-18
1.65276e-05
4.74586e-18
1.65276e-05
4.98585e-18
1.65276e-05
5.85506e-18
1.65276e-05
6.63919e-18
1.65276e-05
5.34615e-18
1.65276e-05
3.64441e-18
1.65276e-05
2.38004e-18
1.65276e-05
5.423e-18
1.65276e-05
2.41207e-17
1.65276e-05
-1.32571e-17
1.65276e-05
-1.28953e-16
1.65276e-05
-5.07511e-18
1.65276e-05
3.11025e-16
1.65276e-05
3.50653e-16
1.65276e-05
1.71004e-16
1.65276e-05
1.40906e-17
1.65276e-05
-3.75026e-17
1.65276e-05
-1.1721e-16
1.65276e-05
5.47917e-18
1.65276e-05
-3.13607e-16
1.65276e-05
4.96341e-16
1.65276e-05
-1.45879e-15
1.65276e-05
3.43489e-15
1.65276e-05
-8.86932e-15
1.65276e-05
1.86716e-14
1.65276e-05
-7.99153e-14
1.65276e-05
-2.26741e-13
1.65276e-05
-2.68172e-12
1.65276e-05
-2.92401e-11
1.65276e-05
-2.81185e-10
1.65275e-05
-6.74045e-11
7.85016e-10
2.09717e-05
4.41734e-06
2.12043e-05
3.58432e-06
2.1057e-05
2.92157e-06
2.06591e-05
1.99865e-06
2.01808e-05
1.31249e-06
1.9771e-05
8.66045e-07
1.94556e-05
5.52305e-07
1.92118e-05
3.75907e-07
1.90244e-05
2.5679e-07
1.88912e-05
1.54296e-07
1.88001e-05
8.25442e-08
1.8738e-05
3.77812e-08
1.87016e-05
-5.66467e-09
1.86874e-05
-3.56468e-08
1.86907e-05
-6.15731e-08
1.87064e-05
-8.6213e-08
1.8735e-05
-1.05759e-07
1.87733e-05
-1.2085e-07
1.88189e-05
-1.32722e-07
1.88701e-05
-1.42066e-07
1.89244e-05
-1.4748e-07
1.89789e-05
-1.51579e-07
1.90328e-05
-1.54293e-07
1.90852e-05
-1.51194e-07
1.91339e-05
-1.40262e-07
1.91786e-05
-1.2779e-07
1.92188e-05
-1.14624e-07
1.92547e-05
-1.01392e-07
1.92864e-05
-8.88198e-08
1.93144e-05
-7.8177e-08
1.9339e-05
-6.80029e-08
1.93603e-05
-5.81086e-08
1.93781e-05
-4.8351e-08
1.9393e-05
-3.98206e-08
1.94056e-05
-3.35979e-08
1.94164e-05
-2.86244e-08
1.94257e-05
-2.44482e-08
1.94336e-05
-2.09118e-08
1.94405e-05
-1.78919e-08
1.94463e-05
-1.53045e-08
1.94513e-05
-1.30858e-08
1.94556e-05
-1.11824e-08
1.94593e-05
-9.55166e-09
1.94624e-05
-8.15712e-09
1.94651e-05
-6.96295e-09
1.94674e-05
-5.94299e-09
1.94693e-05
-5.07419e-09
1.9471e-05
-4.33217e-09
1.94724e-05
-3.69826e-09
1.94736e-05
-3.15918e-09
1.94747e-05
-2.6988e-09
1.94756e-05
-2.30594e-09
1.94763e-05
-1.9701e-09
1.9477e-05
-1.68348e-09
1.94775e-05
-1.44051e-09
1.9478e-05
-1.23176e-09
1.94784e-05
-1.05445e-09
1.94788e-05
-9.02903e-10
1.94791e-05
-7.7287e-10
1.94793e-05
-6.61879e-10
1.94795e-05
-5.67122e-10
1.94797e-05
-4.86237e-10
1.94799e-05
-4.16288e-10
1.948e-05
-3.57872e-10
1.94801e-05
-3.06581e-10
1.94802e-05
-2.61567e-10
1.94803e-05
-2.23621e-10
1.94804e-05
-1.9178e-10
1.94805e-05
-1.64555e-10
1.94805e-05
-1.3984e-10
1.94806e-05
-1.20564e-10
1.94806e-05
-1.04614e-10
1.94806e-05
-9.01819e-11
1.94807e-05
-7.74897e-11
1.94807e-05
-6.58352e-11
1.94807e-05
-5.5123e-11
1.94807e-05
-4.62438e-11
1.94807e-05
-3.97501e-11
1.94808e-05
-3.40176e-11
1.94808e-05
-3.00355e-11
1.94808e-05
-2.55019e-11
1.94808e-05
-2.08213e-11
1.94808e-05
-1.84326e-11
1.94808e-05
-1.63878e-11
1.94808e-05
-1.4717e-11
1.94808e-05
-1.33422e-11
1.94808e-05
-1.09782e-11
1.94808e-05
-8.27137e-12
1.94808e-05
-5.9473e-12
1.94808e-05
-4.47373e-12
1.94808e-05
-4.4673e-12
1.94808e-05
-4.78398e-12
1.94808e-05
-4.61479e-12
1.94808e-05
-4.04827e-12
1.94808e-05
-3.35711e-12
1.94808e-05
-2.81865e-12
1.94808e-05
-2.48691e-12
1.94808e-05
-2.21328e-12
1.94808e-05
-2.22464e-12
1.94808e-05
-2.45435e-12
1.94808e-05
-2.50141e-12
1.94808e-05
-2.29127e-12
1.94808e-05
-1.8694e-12
1.94808e-05
-1.38577e-12
1.94808e-05
-9.65763e-13
1.94808e-05
-6.37072e-13
1.94808e-05
-4.01725e-13
1.94808e-05
-2.41424e-13
1.94808e-05
-1.34481e-13
1.94808e-05
-6.66405e-14
1.94808e-05
-2.45972e-14
1.94808e-05
4.00223e-15
1.94808e-05
1.88469e-14
1.94808e-05
1.71149e-14
1.94808e-05
6.06365e-15
1.94808e-05
-1.99122e-15
1.94808e-05
-3.96103e-15
1.94808e-05
-5.49704e-15
1.94808e-05
-7.40308e-15
1.94808e-05
-5.94358e-15
1.94808e-05
4.83903e-16
1.94808e-05
8.98858e-15
1.94808e-05
1.51732e-14
1.94808e-05
1.7128e-14
1.94808e-05
2.35415e-14
1.94808e-05
3.59983e-14
1.94808e-05
4.189e-14
1.94808e-05
3.82358e-14
1.94808e-05
3.05249e-14
1.94808e-05
2.26941e-14
1.94808e-05
1.62897e-14
1.94808e-05
1.16064e-14
1.94808e-05
8.45352e-15
1.94808e-05
5.67263e-15
1.94808e-05
2.57582e-15
1.94808e-05
2.8389e-15
1.94808e-05
5.91892e-15
1.94808e-05
6.09173e-15
1.94808e-05
3.71416e-15
1.94808e-05
1.48404e-15
1.94808e-05
2.06702e-16
1.94808e-05
-4.36621e-15
1.94808e-05
-1.59809e-14
1.94808e-05
-2.9436e-14
1.94808e-05
-3.5308e-14
1.94808e-05
-3.29835e-14
1.94808e-05
-2.97485e-14
1.94808e-05
-2.72264e-14
1.94808e-05
-2.39884e-14
1.94808e-05
-2.02129e-14
1.94808e-05
-1.6445e-14
1.94808e-05
-1.37845e-14
1.94808e-05
-1.26546e-14
1.94808e-05
-9.10406e-15
1.94808e-05
-3.45702e-15
1.94808e-05
-1.27197e-15
1.94808e-05
-2.06385e-15
1.94808e-05
-2.87484e-15
1.94808e-05
-3.07061e-15
1.94808e-05
-2.90173e-15
1.94808e-05
-2.55219e-15
1.94808e-05
-2.04571e-15
1.94808e-05
-2.19671e-15
1.94808e-05
-3.32539e-15
1.94808e-05
-1.51063e-15
1.94808e-05
4.82656e-15
1.94808e-05
1.18339e-14
1.94808e-05
1.77492e-14
1.94808e-05
2.64681e-14
1.94808e-05
3.93184e-14
1.94808e-05
5.04172e-14
1.94808e-05
5.44406e-14
1.94808e-05
5.10817e-14
1.94808e-05
4.6689e-14
1.94808e-05
4.33108e-14
1.94808e-05
3.68776e-14
1.94808e-05
2.85531e-14
1.94808e-05
2.1467e-14
1.94808e-05
1.61779e-14
1.94808e-05
1.22667e-14
1.94808e-05
9.38113e-15
1.94808e-05
7.33636e-15
1.94808e-05
5.1721e-15
1.94808e-05
2.39239e-15
1.94808e-05
2.81032e-15
1.94808e-05
6.02487e-15
1.94808e-05
6.36627e-15
1.94808e-05
6.20109e-15
1.94808e-05
1.00973e-14
1.94808e-05
1.63421e-14
1.94808e-05
2.14184e-14
1.94808e-05
2.28737e-14
1.94808e-05
2.06404e-14
1.94808e-05
1.96967e-14
1.94808e-05
2.06262e-14
1.94808e-05
1.84199e-14
1.94808e-05
1.3812e-14
1.94808e-05
9.81456e-15
1.94808e-05
7.06135e-15
1.94808e-05
5.29786e-15
1.94808e-05
3.4295e-15
1.94808e-05
9.17329e-16
1.94808e-05
1.5727e-15
1.94808e-05
4.9398e-15
1.94808e-05
5.43681e-15
1.94808e-05
3.53994e-15
1.94808e-05
6.39491e-15
1.94808e-05
1.66772e-14
1.94808e-05
2.79709e-14
1.94808e-05
3.46488e-14
1.94808e-05
3.58271e-14
1.94808e-05
3.24913e-14
1.94808e-05
2.63813e-14
1.94808e-05
2.28485e-14
1.94808e-05
2.22294e-14
1.94808e-05
1.91643e-14
1.94808e-05
1.41032e-14
1.94808e-05
9.87367e-15
1.94808e-05
7.00954e-15
1.94808e-05
5.19844e-15
1.94808e-05
3.31506e-15
1.94808e-05
8.07338e-16
1.94808e-05
1.46639e-15
1.94808e-05
4.81821e-15
1.94808e-05
5.58142e-15
1.94808e-05
3.83212e-15
1.94808e-05
9.50644e-16
1.94808e-05
-1.20652e-15
1.94808e-05
-1.07244e-15
1.94808e-05
-2.30634e-16
1.94808e-05
2.22834e-15
1.94808e-05
8.24694e-15
1.94808e-05
1.56866e-14
1.94808e-05
2.12652e-14
1.94808e-05
2.35662e-14
1.94808e-05
2.30204e-14
1.94808e-05
2.07552e-14
1.94808e-05
1.7784e-14
1.94808e-05
1.47624e-14
1.94808e-05
1.20287e-14
1.94808e-05
9.62455e-15
1.94808e-05
7.52104e-15
1.94808e-05
6.06865e-15
1.94808e-05
5.17866e-15
1.94808e-05
4.23833e-15
1.94808e-05
3.24077e-15
1.94808e-05
2.43233e-15
1.94808e-05
1.83709e-15
1.94808e-05
1.3968e-15
1.94808e-05
1.06407e-15
1.94808e-05
8.11847e-16
1.94808e-05
6.20559e-16
1.94808e-05
4.74439e-16
1.94808e-05
3.63182e-16
1.94808e-05
2.80676e-16
1.94808e-05
2.18475e-16
1.94808e-05
1.69867e-16
1.94808e-05
1.32019e-16
1.94808e-05
1.02816e-16
1.94808e-05
8.04828e-17
1.94808e-05
6.38577e-17
1.94808e-05
5.17591e-17
1.94808e-05
4.14463e-17
1.94808e-05
3.16195e-17
1.94808e-05
2.39853e-17
1.94808e-05
1.82217e-17
1.94808e-05
1.30628e-17
1.94808e-05
8.36271e-18
1.94808e-05
6.20345e-18
1.94808e-05
6.60508e-18
1.94808e-05
7.98617e-18
1.94808e-05
9.24189e-18
1.94808e-05
7.43371e-18
1.94808e-05
4.90906e-18
1.94808e-05
3.32126e-18
1.94808e-05
6.59508e-18
1.94808e-05
2.16875e-17
1.94808e-05
-2.75656e-17
1.94808e-05
-1.76529e-16
1.94808e-05
-4.02667e-17
1.94808e-05
3.47301e-16
1.94808e-05
4.221e-16
1.94808e-05
2.31437e-16
1.94808e-05
5.00909e-17
1.94808e-05
-2.30305e-17
1.94808e-05
-1.1312e-16
1.94808e-05
-5.31435e-18
1.94808e-05
-3.13608e-16
1.94808e-05
4.529e-16
1.94808e-05
-1.406e-15
1.94808e-05
3.225e-15
1.94808e-05
-8.60199e-15
1.94808e-05
1.6157e-14
1.94808e-05
-8.9594e-14
1.94808e-05
-3.57031e-13
1.94808e-05
-3.11424e-12
1.94808e-05
-3.31374e-11
1.94808e-05
-2.26383e-10
1.94808e-05
-3.39223e-11
6.6276e-10
2.11293e-05
3.53804e-06
2.1755e-05
2.95864e-06
2.22153e-05
2.4612e-06
2.23523e-05
1.86171e-06
2.22864e-05
1.3784e-06
2.21022e-05
1.05026e-06
2.1845e-05
8.0944e-07
2.15949e-05
6.26015e-07
2.13813e-05
4.70361e-07
2.1207e-05
3.2866e-07
2.10663e-05
2.23201e-07
2.09553e-05
1.48785e-07
2.08762e-05
7.34867e-08
2.08254e-05
1.51089e-08
2.07976e-05
-3.37118e-08
2.07907e-05
-7.93453e-08
2.07985e-05
-1.13549e-07
2.0819e-05
-1.41363e-07
2.08512e-05
-1.64939e-07
2.08901e-05
-1.80932e-07
2.0933e-05
-1.90415e-07
2.09754e-05
-1.94012e-07
2.10154e-05
-1.94266e-07
2.10539e-05
-1.89726e-07
2.10895e-05
-1.75827e-07
2.11217e-05
-1.60015e-07
2.11506e-05
-1.43456e-07
2.1176e-05
-1.2682e-07
2.11983e-05
-1.11106e-07
2.12179e-05
-9.78409e-08
2.12351e-05
-8.51616e-08
2.12498e-05
-7.27869e-08
2.1262e-05
-6.0545e-08
2.12721e-05
-4.98955e-08
2.12806e-05
-4.21702e-08
2.1288e-05
-3.60048e-08
2.12944e-05
-3.07958e-08
2.12998e-05
-2.63596e-08
2.13045e-05
-2.25582e-08
2.13085e-05
-1.92959e-08
2.13119e-05
-1.64974e-08
2.13148e-05
-1.40973e-08
2.13173e-05
-1.20412e-08
2.13194e-05
-1.0283e-08
2.13212e-05
-8.77815e-09
2.13228e-05
-7.49284e-09
2.13241e-05
-6.39752e-09
2.13252e-05
-5.46264e-09
2.13262e-05
-4.66404e-09
2.1327e-05
-3.98379e-09
2.13277e-05
-3.40323e-09
2.13283e-05
-2.90794e-09
2.13288e-05
-2.48469e-09
2.13293e-05
-2.12328e-09
2.13296e-05
-1.81632e-09
2.133e-05
-1.55317e-09
2.13302e-05
-1.32904e-09
2.13305e-05
-1.13769e-09
2.13307e-05
-9.73807e-10
2.13309e-05
-8.33814e-10
2.1331e-05
-7.14187e-10
2.13311e-05
-6.1208e-10
2.13312e-05
-5.24286e-10
2.13313e-05
-4.49972e-10
2.13314e-05
-3.85295e-10
2.13315e-05
-3.29436e-10
2.13315e-05
-2.81908e-10
2.13316e-05
-2.4143e-10
2.13316e-05
-2.07158e-10
2.13317e-05
-1.76467e-10
2.13317e-05
-1.51658e-10
2.13317e-05
-1.31369e-10
2.13317e-05
-1.1307e-10
2.13318e-05
-9.7095e-11
2.13318e-05
-8.2716e-11
2.13318e-05
-6.96446e-11
2.13318e-05
-5.87063e-11
2.13318e-05
-4.99672e-11
2.13318e-05
-4.25702e-11
2.13318e-05
-3.76886e-11
2.13318e-05
-3.25464e-11
2.13318e-05
-2.71288e-11
2.13318e-05
-2.36982e-11
2.13319e-05
-2.05055e-11
2.13319e-05
-1.7981e-11
2.13319e-05
-1.62394e-11
2.13319e-05
-1.35916e-11
2.13319e-05
-1.0465e-11
2.13319e-05
-7.85583e-12
2.13319e-05
-6.29396e-12
2.13319e-05
-6.12949e-12
2.13319e-05
-6.167e-12
2.13319e-05
-5.73723e-12
2.13319e-05
-4.96186e-12
2.13319e-05
-4.11999e-12
2.13319e-05
-3.50217e-12
2.13319e-05
-3.064e-12
2.13319e-05
-2.77093e-12
2.13319e-05
-2.98412e-12
2.13319e-05
-3.35637e-12
2.13319e-05
-3.32911e-12
2.13319e-05
-2.95233e-12
2.13319e-05
-2.36728e-12
2.13319e-05
-1.73974e-12
2.13319e-05
-1.20977e-12
2.13319e-05
-8.12762e-13
2.13319e-05
-5.3699e-13
2.13319e-05
-3.43849e-13
2.13319e-05
-2.08146e-13
2.13319e-05
-1.19802e-13
2.13319e-05
-6.19012e-14
2.13319e-05
-1.69298e-14
2.13319e-05
3.26625e-15
2.13319e-05
-2.87546e-15
2.13319e-05
-1.48534e-14
2.13319e-05
-2.00809e-14
2.13319e-05
-1.82072e-14
2.13319e-05
-1.56655e-14
2.13319e-05
-1.39252e-14
2.13319e-05
-7.51294e-15
2.13319e-05
5.71506e-15
2.13319e-05
1.92033e-14
2.13319e-05
2.69395e-14
2.13319e-05
2.8197e-14
2.13319e-05
3.60925e-14
2.13319e-05
5.02406e-14
2.13319e-05
5.39347e-14
2.13319e-05
4.67089e-14
2.13319e-05
3.57531e-14
2.13319e-05
2.57122e-14
2.13319e-05
1.80589e-14
2.13319e-05
1.27276e-14
2.13319e-05
9.15682e-15
2.13319e-05
6.22246e-15
2.13319e-05
3.33584e-15
2.13319e-05
3.3791e-15
2.13319e-05
5.77708e-15
2.13319e-05
5.84793e-15
2.13319e-05
3.8151e-15
2.13319e-05
1.71074e-15
2.13319e-05
1.63173e-16
2.13319e-05
-1.22426e-14
2.13319e-05
-3.56026e-14
2.13319e-05
-5.28074e-14
2.13319e-05
-5.63612e-14
2.13319e-05
-4.98737e-14
2.13319e-05
-4.20921e-14
2.13319e-05
-3.56014e-14
2.13319e-05
-2.96047e-14
2.13319e-05
-2.40588e-14
2.13319e-05
-1.92236e-14
2.13319e-05
-1.57545e-14
2.13319e-05
-1.37597e-14
2.13319e-05
-9.96481e-15
2.13319e-05
-4.66378e-15
2.13319e-05
-2.33058e-15
2.13319e-05
-2.58731e-15
2.13319e-05
-3.0767e-15
2.13319e-05
-3.16101e-15
2.13319e-05
-2.96735e-15
2.13319e-05
-2.62091e-15
2.13319e-05
-2.19856e-15
2.13319e-05
-2.30504e-15
2.13319e-05
-3.06925e-15
2.13319e-05
-1.25406e-15
2.13319e-05
7.02542e-15
2.13319e-05
1.9339e-14
2.13319e-05
2.99908e-14
2.13319e-05
4.37923e-14
2.13319e-05
6.26924e-14
2.13319e-05
7.62289e-14
2.13319e-05
7.82103e-14
2.13319e-05
7.05826e-14
2.13319e-05
6.11735e-14
2.13319e-05
5.3131e-14
2.13319e-05
4.36529e-14
2.13319e-05
3.36092e-14
2.13319e-05
2.52738e-14
2.13319e-05
1.9e-14
2.13319e-05
1.43419e-14
2.13319e-05
1.09016e-14
2.13319e-05
8.37278e-15
2.13319e-05
5.95901e-15
2.13319e-05
3.30896e-15
2.13319e-05
3.45258e-15
2.13319e-05
5.96627e-15
2.13319e-05
6.30023e-15
2.13319e-05
9.0127e-15
2.13319e-05
1.83812e-14
2.13319e-05
2.87541e-14
2.13319e-05
3.45869e-14
2.13319e-05
3.44503e-14
2.13319e-05
3.00166e-14
2.13319e-05
2.65317e-14
2.13319e-05
2.494e-14
2.13319e-05
2.13023e-14
2.13319e-05
1.61159e-14
2.13319e-05
1.16585e-14
2.13319e-05
8.46136e-15
2.13319e-05
6.25115e-15
2.13319e-05
4.14813e-15
2.13319e-05
1.77495e-15
2.13319e-05
2.16038e-15
2.13319e-05
4.81448e-15
2.13319e-05
5.2183e-15
2.13319e-05
3.84722e-15
2.13319e-05
1.08401e-14
2.13319e-05
2.87136e-14
2.13319e-05
4.49933e-14
2.13319e-05
5.19429e-14
2.13319e-05
5.03001e-14
2.13319e-05
4.34692e-14
2.13319e-05
3.45909e-14
2.13319e-05
2.85942e-14
2.13319e-05
2.57193e-14
2.13319e-05
2.14779e-14
2.13319e-05
1.60295e-14
2.13319e-05
1.147e-14
2.13319e-05
8.24719e-15
2.13319e-05
6.04442e-15
2.13319e-05
3.96225e-15
2.13319e-05
1.61554e-15
2.13319e-05
2.02063e-15
2.13319e-05
4.69241e-15
2.13319e-05
5.27199e-15
2.13319e-05
3.73793e-15
2.13319e-05
1.18831e-15
2.13319e-05
-7.51057e-16
2.13319e-05
-7.42604e-16
2.13319e-05
2.25628e-17
2.13319e-05
4.97042e-15
2.13319e-05
1.62797e-14
2.13319e-05
2.78437e-14
2.13319e-05
3.43092e-14
2.13319e-05
3.50313e-14
2.13319e-05
3.19887e-14
2.13319e-05
2.7338e-14
2.13319e-05
2.24772e-14
2.13319e-05
1.80823e-14
2.13319e-05
1.43789e-14
2.13319e-05
1.13119e-14
2.13319e-05
8.77828e-15
2.13319e-05
6.98781e-15
2.13319e-05
5.80487e-15
2.13319e-05
4.69192e-15
2.13319e-05
3.60981e-15
2.13319e-05
2.73122e-15
2.13319e-05
2.07062e-15
2.13319e-05
1.57596e-15
2.13319e-05
1.20072e-15
2.13319e-05
9.15677e-16
2.13319e-05
6.99055e-16
2.13319e-05
5.34004e-16
2.13319e-05
4.0861e-16
2.13319e-05
3.14985e-16
2.13319e-05
2.44341e-16
2.13319e-05
1.89624e-16
2.13319e-05
1.47123e-16
2.13319e-05
1.14439e-16
2.13319e-05
8.94874e-17
2.13319e-05
7.08714e-17
2.13319e-05
5.72333e-17
2.13319e-05
4.57306e-17
2.13319e-05
3.48566e-17
2.13319e-05
2.64605e-17
2.13319e-05
2.00429e-17
2.13319e-05
1.43975e-17
2.13319e-05
9.31019e-18
2.13319e-05
6.84952e-18
2.13319e-05
7.2093e-18
2.13319e-05
8.8383e-18
2.13319e-05
1.05783e-17
2.13319e-05
8.50667e-18
2.13319e-05
5.30972e-18
2.13319e-05
3.4395e-18
2.13319e-05
6.10987e-18
2.13319e-05
1.30588e-17
2.13319e-05
-3.16758e-17
2.13319e-05
-1.45777e-16
2.13319e-05
-2.06151e-17
2.13319e-05
3.07014e-16
2.13319e-05
3.78247e-16
2.13319e-05
2.25649e-16
2.13319e-05
6.61581e-17
2.13319e-05
-8.21629e-18
2.13319e-05
-9.19497e-17
2.13319e-05
-1.21079e-17
2.13319e-05
-2.66497e-16
2.13319e-05
3.51279e-16
2.13319e-05
-1.15714e-15
2.13319e-05
2.58017e-15
2.13319e-05
-7.14092e-15
2.13319e-05
1.14995e-14
2.13319e-05
-8.55472e-14
2.13319e-05
-4.2783e-13
2.13319e-05
-2.95202e-12
2.13319e-05
-3.05522e-11
2.13318e-05
-1.79571e-10
2.13318e-05
-1.37069e-11
5.27449e-10
2.11284e-05
2.65964e-06
2.1845e-05
2.24204e-06
2.24565e-05
1.84969e-06
2.28694e-05
1.44884e-06
2.31251e-05
1.1227e-06
2.3255e-05
9.20322e-07
2.327e-05
7.94431e-07
2.32179e-05
6.78183e-07
2.31156e-05
5.72622e-07
2.2986e-05
4.58221e-07
2.28593e-05
3.49976e-07
2.27464e-05
2.617e-07
2.26537e-05
1.66132e-07
2.25788e-05
9.0043e-08
2.25196e-05
2.54326e-08
2.24814e-05
-4.1145e-08
2.2461e-05
-9.31328e-08
2.24548e-05
-1.35179e-07
2.24585e-05
-1.68603e-07
2.24676e-05
-1.90076e-07
2.24785e-05
-2.01229e-07
2.24895e-05
-2.05061e-07
2.25024e-05
-2.07175e-07
2.25154e-05
-2.02703e-07
2.25267e-05
-1.87093e-07
2.25361e-05
-1.6945e-07
2.25439e-05
-1.51236e-07
2.25501e-05
-1.33086e-07
2.25553e-05
-1.1624e-07
2.25596e-05
-1.02198e-07
2.25632e-05
-8.87488e-08
2.2566e-05
-7.55608e-08
2.2568e-05
-6.25154e-08
2.25695e-05
-5.13864e-08
2.25708e-05
-4.35075e-08
2.2572e-05
-3.72228e-08
2.25731e-05
-3.18633e-08
2.2574e-05
-2.72738e-08
2.25748e-05
-2.33322e-08
2.25754e-05
-1.99482e-08
2.2576e-05
-1.70466e-08
2.25764e-05
-1.45605e-08
2.25768e-05
-1.24327e-08
2.25772e-05
-1.06142e-08
2.25774e-05
-9.05922e-09
2.25777e-05
-7.73167e-09
2.25779e-05
-6.6004e-09
2.2578e-05
-5.63531e-09
2.25782e-05
-4.81144e-09
2.25783e-05
-4.10926e-09
2.25784e-05
-3.51007e-09
2.25785e-05
-2.99899e-09
2.25786e-05
-2.56247e-09
2.25787e-05
-2.18973e-09
2.25787e-05
-1.87278e-09
2.25788e-05
-1.60159e-09
2.25788e-05
-1.37012e-09
2.25788e-05
-1.17234e-09
2.25789e-05
-1.00328e-09
2.25789e-05
-8.59081e-10
2.25789e-05
-7.35721e-10
2.25789e-05
-6.30318e-10
2.2579e-05
-5.3996e-10
2.2579e-05
-4.6302e-10
2.2579e-05
-3.96464e-10
2.2579e-05
-3.39361e-10
2.2579e-05
-2.9052e-10
2.2579e-05
-2.48562e-10
2.2579e-05
-2.13242e-10
2.2579e-05
-1.82066e-10
2.2579e-05
-1.56174e-10
2.2579e-05
-1.35027e-10
2.2579e-05
-1.16254e-10
2.2579e-05
-9.97514e-11
2.2579e-05
-8.49413e-11
2.2579e-05
-7.17563e-11
2.2579e-05
-6.0817e-11
2.2579e-05
-5.17077e-11
2.2579e-05
-4.38222e-11
2.2579e-05
-3.85606e-11
2.2579e-05
-3.35281e-11
2.2579e-05
-2.82948e-11
2.2579e-05
-2.4634e-11
2.2579e-05
-2.10703e-11
2.2579e-05
-1.81929e-11
2.2579e-05
-1.63328e-11
2.2579e-05
-1.38465e-11
2.2579e-05
-1.09384e-11
2.2579e-05
-8.53893e-12
2.2579e-05
-7.02774e-12
2.2579e-05
-6.58496e-12
2.2579e-05
-6.31676e-12
2.2579e-05
-5.76348e-12
2.2579e-05
-4.99242e-12
2.2579e-05
-4.19305e-12
2.2579e-05
-3.54498e-12
2.2579e-05
-3.03428e-12
2.2579e-05
-2.82353e-12
2.2579e-05
-3.13656e-12
2.2579e-05
-3.48818e-12
2.2579e-05
-3.41875e-12
2.2579e-05
-3.02532e-12
2.2579e-05
-2.44839e-12
2.2579e-05
-1.8154e-12
2.2579e-05
-1.27351e-12
2.2579e-05
-8.75969e-13
2.2579e-05
-6.05993e-13
2.2579e-05
-4.07723e-13
2.2579e-05
-2.60072e-13
2.2579e-05
-1.65072e-13
2.2579e-05
-1.02495e-13
2.2579e-05
-4.59867e-14
2.2579e-05
-2.38687e-14
2.2579e-05
-3.56514e-14
2.2579e-05
-4.44294e-14
2.2579e-05
-4.18749e-14
2.2579e-05
-3.29975e-14
2.2579e-05
-2.48172e-14
2.2579e-05
-1.88314e-14
2.2579e-05
-7.00912e-15
2.2579e-05
1.3139e-14
2.2579e-05
3.06377e-14
2.2579e-05
3.82579e-14
2.2579e-05
3.7326e-14
2.2579e-05
4.45793e-14
2.2579e-05
5.45408e-14
2.2579e-05
5.06876e-14
2.2579e-05
4.04981e-14
2.2579e-05
3.00026e-14
2.2579e-05
2.14929e-14
2.2579e-05
1.52943e-14
2.2579e-05
1.10122e-14
2.2579e-05
8.059e-15
2.2579e-05
5.64843e-15
2.2579e-05
3.45318e-15
2.2579e-05
3.34354e-15
2.2579e-05
4.84477e-15
2.2579e-05
4.79209e-15
2.2579e-05
3.28308e-15
2.2579e-05
1.57343e-15
2.2579e-05
-6.91939e-17
2.2579e-05
-2.29547e-14
2.2579e-05
-5.99676e-14
2.2579e-05
-7.77391e-14
2.2579e-05
-7.4997e-14
2.2579e-05
-6.21512e-14
2.2579e-05
-4.91652e-14
2.2579e-05
-3.89097e-14
2.2579e-05
-3.07365e-14
2.2579e-05
-2.41336e-14
2.2579e-05
-1.88984e-14
2.2579e-05
-1.51477e-14
2.2579e-05
-1.26732e-14
2.2579e-05
-9.20878e-15
2.2579e-05
-4.95211e-15
2.2579e-05
-2.8662e-15
2.2579e-05
-2.69995e-15
2.2579e-05
-2.85409e-15
2.2579e-05
-2.81403e-15
2.2579e-05
-2.61039e-15
2.2579e-05
-2.30446e-15
2.2579e-05
-1.9851e-15
2.2579e-05
-2.01748e-15
2.2579e-05
-2.35993e-15
2.2579e-05
-7.7467e-16
2.2579e-05
9.37958e-15
2.2579e-05
2.7075e-14
2.2579e-05
4.16957e-14
2.2579e-05
5.81847e-14
2.2579e-05
7.97382e-14
2.2579e-05
9.31295e-14
2.2579e-05
9.19539e-14
2.2579e-05
8.02558e-14
2.2579e-05
6.65877e-14
2.2579e-05
5.48297e-14
2.2579e-05
4.35638e-14
2.2579e-05
3.31681e-14
2.2579e-05
2.48408e-14
2.2579e-05
1.86014e-14
2.2579e-05
1.39807e-14
2.2579e-05
1.05762e-14
2.2579e-05
8.0345e-15
2.2579e-05
5.78364e-15
2.2579e-05
3.63051e-15
2.2579e-05
3.51947e-15
2.2579e-05
5.0914e-15
2.2579e-05
5.37593e-15
2.2579e-05
1.14855e-14
2.2579e-05
2.68332e-14
2.2579e-05
4.07616e-14
2.2579e-05
4.60094e-14
2.2579e-05
4.30944e-14
2.2579e-05
3.59343e-14
2.2579e-05
2.9719e-14
2.2579e-05
2.55962e-14
2.2579e-05
2.0906e-14
2.2579e-05
1.57583e-14
2.2579e-05
1.1484e-14
2.2579e-05
8.36899e-15
2.2579e-05
6.13271e-15
2.2579e-05
4.16622e-15
2.2579e-05
2.26218e-15
2.2579e-05
2.36694e-15
2.2579e-05
4.04782e-15
2.2579e-05
4.28437e-15
2.2579e-05
3.52209e-15
2.2579e-05
1.38104e-14
2.2579e-05
3.72733e-14
2.2579e-05
5.66582e-14
2.2579e-05
6.27588e-14
2.2579e-05
5.80669e-14
2.2579e-05
4.82468e-14
2.2579e-05
3.75265e-14
2.2579e-05
2.98269e-14
2.2579e-05
2.52077e-14
2.2579e-05
2.04183e-14
2.2579e-05
1.53045e-14
2.2579e-05
1.10948e-14
2.2579e-05
8.04629e-15
2.2579e-05
5.86847e-15
2.2579e-05
3.95052e-15
2.2579e-05
2.08822e-15
2.2579e-05
2.22249e-15
2.2579e-05
3.93875e-15
2.2579e-05
4.25326e-15
2.2579e-05
3.07447e-15
2.2579e-05
1.16939e-15
2.2579e-05
-2.94556e-16
2.2579e-05
-3.67474e-16
2.2579e-05
2.7985e-16
2.2579e-05
8.03562e-15
2.2579e-05
2.48917e-14
2.2579e-05
3.98111e-14
2.2579e-05
4.56687e-14
2.2579e-05
4.34669e-14
2.2579e-05
3.72396e-14
2.2579e-05
3.01594e-14
2.2579e-05
2.37637e-14
2.2579e-05
1.85111e-14
2.2579e-05
1.43689e-14
2.2579e-05
1.11197e-14
2.2579e-05
8.5631e-15
2.2579e-05
6.73775e-15
2.2579e-05
5.4789e-15
2.2579e-05
4.38011e-15
2.2579e-05
3.38021e-15
2.2579e-05
2.57188e-15
2.2579e-05
1.9566e-15
2.2579e-05
1.49116e-15
2.2579e-05
1.1369e-15
2.2579e-05
8.67283e-16
2.2579e-05
6.62111e-16
2.2579e-05
5.05669e-16
2.2579e-05
3.86803e-16
2.2579e-05
2.97692e-16
2.2579e-05
2.30434e-16
2.2579e-05
1.78463e-16
2.2579e-05
1.38337e-16
2.2579e-05
1.07482e-16
2.2579e-05
8.39116e-17
2.2579e-05
6.63021e-17
2.2579e-05
5.32277e-17
2.2579e-05
4.23225e-17
2.2579e-05
3.23305e-17
2.2579e-05
2.46409e-17
2.2579e-05
1.86626e-17
2.2579e-05
1.35412e-17
2.2579e-05
8.98896e-18
2.2579e-05
6.74785e-18
2.2579e-05
6.82517e-18
2.2579e-05
8.35553e-18
2.2579e-05
9.94089e-18
2.2579e-05
7.89421e-18
2.2579e-05
4.73961e-18
2.2579e-05
2.85861e-18
2.2579e-05
4.67381e-18
2.2579e-05
6.11336e-18
2.2579e-05
-2.63009e-17
2.2579e-05
-9.47574e-17
2.2579e-05
2.03656e-18
2.2579e-05
2.32606e-16
2.2579e-05
2.87118e-16
2.2579e-05
1.82557e-16
2.2579e-05
6.36937e-17
2.2579e-05
1.70945e-18
2.2579e-05
-6.45325e-17
2.2579e-05
-1.36766e-17
2.2579e-05
-1.97008e-16
2.2579e-05
2.36562e-16
2.2579e-05
-8.30099e-16
2.2579e-05
1.79706e-15
2.2579e-05
-5.18552e-15
2.2579e-05
6.74991e-15
2.2579e-05
-7.14701e-14
2.2579e-05
-4.22079e-13
2.2579e-05
-2.48843e-12
2.2579e-05
-2.46983e-11
2.2579e-05
-1.3402e-10
2.2579e-05
-4.79078e-12
3.9394e-10
2.11301e-05
1.77956e-06
2.18699e-05
1.50219e-06
2.24926e-05
1.22701e-06
2.29687e-05
9.72717e-07
2.33268e-05
7.64618e-07
2.36066e-05
6.40553e-07
2.38254e-05
5.75559e-07
2.39827e-05
5.20894e-07
2.40834e-05
4.71911e-07
2.41214e-05
4.20244e-07
2.41161e-05
3.55294e-07
2.40896e-05
2.88178e-07
2.40423e-05
2.13432e-07
2.39877e-05
1.44627e-07
2.39346e-05
7.86015e-08
2.38885e-05
4.94255e-09
2.38484e-05
-5.30401e-08
2.38117e-05
-9.85085e-08
2.37772e-05
-1.3403e-07
2.37432e-05
-1.56073e-07
2.37093e-05
-1.67427e-07
2.36791e-05
-1.7479e-07
2.36541e-05
-1.82247e-07
2.36306e-05
-1.79136e-07
2.36073e-05
-1.6377e-07
2.35847e-05
-1.4688e-07
2.35634e-05
-1.29929e-07
2.35437e-05
-1.13388e-07
2.3526e-05
-9.85379e-08
2.35102e-05
-8.64381e-08
2.34962e-05
-7.47281e-08
2.34838e-05
-6.3137e-08
2.3473e-05
-5.17058e-08
2.34639e-05
-4.23156e-08
2.34564e-05
-3.59645e-08
2.345e-05
-3.08628e-08
2.34446e-05
-2.64384e-08
2.34399e-05
-2.26251e-08
2.34359e-05
-1.93439e-08
2.34325e-05
-1.65271e-08
2.34296e-05
-1.41138e-08
2.34271e-05
-1.20487e-08
2.34249e-05
-1.02831e-08
2.34231e-05
-8.77549e-09
2.34215e-05
-7.48773e-09
2.34202e-05
-6.38906e-09
2.3419e-05
-5.45292e-09
2.3418e-05
-4.6547e-09
2.34172e-05
-3.9738e-09
2.34165e-05
-3.39341e-09
2.34159e-05
-2.89827e-09
2.34153e-05
-2.47598e-09
2.34149e-05
-2.11549e-09
2.34145e-05
-1.80772e-09
2.34142e-05
-1.54577e-09
2.34139e-05
-1.32193e-09
2.34137e-05
-1.13076e-09
2.34135e-05
-9.67254e-10
2.34133e-05
-8.27627e-10
2.34131e-05
-7.08644e-10
2.3413e-05
-6.06851e-10
2.34129e-05
-5.19797e-10
2.34128e-05
-4.45211e-10
2.34127e-05
-3.81605e-10
2.34127e-05
-3.26774e-10
2.34126e-05
-2.79822e-10
2.34125e-05
-2.39646e-10
2.34125e-05
-2.05016e-10
2.34125e-05
-1.75769e-10
2.34124e-05
-1.50286e-10
2.34124e-05
-1.28801e-10
2.34124e-05
-1.11076e-10
2.34124e-05
-9.56946e-11
2.34123e-05
-8.21311e-11
2.34123e-05
-6.99349e-11
2.34123e-05
-5.92054e-11
2.34123e-05
-5.03226e-11
2.34123e-05
-4.28482e-11
2.34123e-05
-3.62806e-11
2.34123e-05
-3.16431e-11
2.34123e-05
-2.75088e-11
2.34123e-05
-2.34094e-11
2.34123e-05
-2.03532e-11
2.34123e-05
-1.73464e-11
2.34123e-05
-1.48592e-11
2.34123e-05
-1.3194e-11
2.34123e-05
-1.13178e-11
2.34123e-05
-9.22593e-12
2.34123e-05
-7.34122e-12
2.34122e-05
-6.03821e-12
2.34122e-05
-5.51407e-12
2.34122e-05
-5.16873e-12
2.34122e-05
-4.6817e-12
2.34122e-05
-4.08433e-12
2.34122e-05
-3.47431e-12
2.34122e-05
-2.9376e-12
2.34122e-05
-2.48706e-12
2.34122e-05
-2.30706e-12
2.34122e-05
-2.5144e-12
2.34122e-05
-2.75092e-12
2.34122e-05
-2.70787e-12
2.34122e-05
-2.43491e-12
2.34122e-05
-2.01423e-12
2.34122e-05
-1.52214e-12
2.34122e-05
-1.08682e-12
2.34122e-05
-7.64697e-13
2.34122e-05
-5.46481e-13
2.34122e-05
-3.79117e-13
2.34122e-05
-2.48966e-13
2.34122e-05
-1.70528e-13
2.34122e-05
-1.22329e-13
2.34122e-05
-6.86396e-14
2.34122e-05
-4.57805e-14
2.34122e-05
-5.62566e-14
2.34122e-05
-5.95107e-14
2.34122e-05
-5.08257e-14
2.34122e-05
-3.77775e-14
2.34122e-05
-2.6701e-14
2.34122e-05
-1.87246e-14
2.34122e-05
-5.00185e-15
2.34122e-05
1.70589e-14
2.34122e-05
3.48545e-14
2.34122e-05
4.09553e-14
2.34122e-05
3.80268e-14
2.34122e-05
4.19311e-14
2.34122e-05
4.14278e-14
2.34122e-05
2.77386e-14
2.34122e-05
1.83893e-14
2.34122e-05
1.38164e-14
2.34122e-05
1.10832e-14
2.34122e-05
8.92152e-15
2.34122e-05
7.09789e-15
2.34122e-05
5.5539e-15
2.34122e-05
4.11086e-15
2.34122e-05
2.79141e-15
2.34122e-05
2.6568e-15
2.34122e-05
3.41487e-15
2.34122e-05
3.30448e-15
2.34122e-05
2.34735e-15
2.34122e-05
1.16941e-15
2.34122e-05
-2.62245e-16
2.34122e-05
-2.6438e-14
2.34122e-05
-6.67754e-14
2.34122e-05
-8.21955e-14
2.34122e-05
-7.53623e-14
2.34122e-05
-5.98523e-14
2.34122e-05
-4.52294e-14
2.34122e-05
-3.41077e-14
2.34122e-05
-2.58842e-14
2.34122e-05
-1.97467e-14
2.34122e-05
-1.5178e-14
2.34122e-05
-1.19372e-14
2.34122e-05
-9.66431e-15
2.34122e-05
-7.03269e-15
2.34122e-05
-4.13841e-15
2.34122e-05
-2.59207e-15
2.34122e-05
-2.2529e-15
2.34122e-05
-2.20237e-15
2.34122e-05
-2.09796e-15
2.34122e-05
-1.92199e-15
2.34122e-05
-1.69119e-15
2.34122e-05
-1.4771e-15
2.34122e-05
-1.4592e-15
2.34122e-05
-1.51691e-15
2.34122e-05
-3.35634e-16
2.34122e-05
9.70095e-15
2.34122e-05
2.87144e-14
2.34122e-05
4.40194e-14
2.34122e-05
5.83372e-14
2.34122e-05
7.6287e-14
2.34122e-05
8.69829e-14
2.34122e-05
8.41974e-14
2.34122e-05
7.19987e-14
2.34122e-05
5.79841e-14
2.34122e-05
4.59466e-14
2.34122e-05
3.55217e-14
2.34122e-05
2.67162e-14
2.34122e-05
1.98905e-14
2.34122e-05
1.48281e-14
2.34122e-05
1.11011e-14
2.34122e-05
8.36683e-15
2.34122e-05
6.31518e-15
2.34122e-05
4.5888e-15
2.34122e-05
3.10649e-15
2.34122e-05
2.87926e-15
2.34122e-05
3.65716e-15
2.34122e-05
3.87959e-15
2.34122e-05
1.14318e-14
2.34122e-05
2.8873e-14
2.34122e-05
4.3422e-14
2.34122e-05
4.73088e-14
2.34122e-05
4.24547e-14
2.34122e-05
3.40491e-14
2.34122e-05
2.67072e-14
2.34122e-05
2.15204e-14
2.34122e-05
1.68947e-14
2.34122e-05
1.261e-14
2.34122e-05
9.19608e-15
2.34122e-05
6.70725e-15
2.34122e-05
4.89315e-15
2.34122e-05
3.38302e-15
2.34122e-05
2.08961e-15
2.34122e-05
2.02353e-15
2.34122e-05
2.87138e-15
2.34122e-05
2.96577e-15
2.34122e-05
2.66177e-15
2.34122e-05
1.23507e-14
2.34122e-05
3.44343e-14
2.34122e-05
5.28601e-14
2.34122e-05
5.80444e-14
2.34122e-05
5.25812e-14
2.34122e-05
4.26257e-14
2.34122e-05
3.25365e-14
2.34122e-05
2.50996e-14
2.34122e-05
2.02683e-14
2.34122e-05
1.60068e-14
2.34122e-05
1.1989e-14
2.34122e-05
8.752e-15
2.34122e-05
6.3806e-15
2.34122e-05
4.6466e-15
2.34122e-05
3.19272e-15
2.34122e-05
1.94185e-15
2.34122e-05
1.90495e-15
2.34122e-05
2.78825e-15
2.34122e-05
2.89699e-15
2.34122e-05
2.12095e-15
2.34122e-05
9.20766e-16
2.34122e-05
-7.85786e-18
2.34122e-05
-1.0109e-16
2.34122e-05
3.93233e-16
2.34122e-05
8.98088e-15
2.34122e-05
2.74114e-14
2.34122e-05
4.26465e-14
2.34122e-05
4.69977e-14
2.34122e-05
4.26328e-14
2.34122e-05
3.4741e-14
2.34122e-05
2.6862e-14
2.34122e-05
2.03622e-14
2.34122e-05
1.53946e-14
2.34122e-05
1.16894e-14
2.34122e-05
8.91224e-15
2.34122e-05
6.81084e-15
2.34122e-05
5.30838e-15
2.34122e-05
4.24898e-15
2.34122e-05
3.36761e-15
2.34122e-05
2.6021e-15
2.34122e-05
1.98738e-15
2.34122e-05
1.51565e-15
2.34122e-05
1.15663e-15
2.34122e-05
8.82633e-16
2.34122e-05
6.73777e-16
2.34122e-05
5.14497e-16
2.34122e-05
3.93019e-16
2.34122e-05
3.00575e-16
2.34122e-05
2.31086e-16
2.34122e-05
1.78574e-16
2.34122e-05
1.38116e-16
2.34122e-05
1.06901e-16
2.34122e-05
8.29836e-17
2.34122e-05
6.47302e-17
2.34122e-05
5.10611e-17
2.34122e-05
4.07558e-17
2.34122e-05
3.23049e-17
2.34122e-05
2.47268e-17
2.34122e-05
1.88245e-17
2.34122e-05
1.42747e-17
2.34122e-05
1.04161e-17
2.34122e-05
7.05418e-18
2.34122e-05
5.41422e-18
2.34122e-05
5.41372e-18
2.34122e-05
6.36762e-18
2.34122e-05
7.40813e-18
2.34122e-05
5.80717e-18
2.34122e-05
3.41647e-18
2.34122e-05
1.91386e-18
2.34122e-05
3.02188e-18
2.34122e-05
2.1991e-18
2.34122e-05
-1.6911e-17
2.34122e-05
-4.8906e-17
2.34122e-05
1.37499e-17
2.34122e-05
1.49202e-16
2.34122e-05
1.83877e-16
2.34122e-05
1.22911e-16
2.34122e-05
4.84623e-17
2.34122e-05
5.10042e-18
2.34122e-05
-3.68892e-17
2.34122e-05
-1.45143e-17
2.34122e-05
-1.15501e-16
2.34122e-05
1.13897e-16
2.34122e-05
-4.55305e-16
2.34122e-05
9.36305e-16
2.34122e-05
-2.89725e-15
2.34122e-05
2.32363e-15
2.34122e-05
-4.88028e-14
2.34122e-05
-3.42449e-13
2.34122e-05
-1.93767e-12
2.34122e-05
-1.74425e-11
2.34122e-05
-8.8521e-11
2.34122e-05
-1.54902e-12
2.62561e-10
2.11356e-05
8.93929e-07
2.18875e-05
7.50332e-07
2.25017e-05
6.12825e-07
2.29883e-05
4.86101e-07
2.33683e-05
3.84633e-07
2.36845e-05
3.24332e-07
2.39654e-05
2.94684e-07
2.42142e-05
2.72035e-07
2.44337e-05
2.52418e-07
2.46189e-05
2.35029e-07
2.47631e-05
2.11126e-07
2.48667e-05
1.84583e-07
2.49307e-05
1.49412e-07
2.49582e-05
1.17126e-07
2.49618e-05
7.50425e-08
2.49465e-05
2.01918e-08
2.49109e-05
-1.73614e-08
2.48585e-05
-4.61172e-08
2.47948e-05
-7.03387e-08
2.47234e-05
-8.46619e-08
2.46497e-05
-9.37438e-08
2.45775e-05
-1.02636e-07
2.45065e-05
-1.11244e-07
2.44367e-05
-1.09306e-07
2.43712e-05
-9.82282e-08
2.43114e-05
-8.71118e-08
2.42578e-05
-7.63527e-08
2.42105e-05
-6.60738e-08
2.41692e-05
-5.72496e-08
2.4133e-05
-5.02295e-08
2.41014e-05
-4.31675e-08
2.40743e-05
-3.6034e-08
2.40517e-05
-2.90501e-08
2.40331e-05
-2.3689e-08
2.40174e-05
-2.03271e-08
2.40041e-05
-1.7535e-08
2.39927e-05
-1.50365e-08
2.39829e-05
-1.2866e-08
2.39746e-05
-1.09947e-08
2.39674e-05
-9.38847e-09
2.39613e-05
-8.0132e-09
2.39561e-05
-6.83747e-09
2.39517e-05
-5.83324e-09
2.39479e-05
-4.9763e-09
2.39446e-05
-4.24499e-09
2.39419e-05
-3.62142e-09
2.39395e-05
-3.09015e-09
2.39375e-05
-2.63733e-09
2.39358e-05
-2.25129e-09
2.39343e-05
-1.92224e-09
2.3933e-05
-1.6416e-09
2.3932e-05
-1.40228e-09
2.3931e-05
-1.19804e-09
2.39303e-05
-1.02373e-09
2.39296e-05
-8.75253e-10
2.3929e-05
-7.48453e-10
2.39285e-05
-6.40183e-10
2.39281e-05
-5.47577e-10
2.39277e-05
-4.68489e-10
2.39274e-05
-4.01082e-10
2.39272e-05
-3.43445e-10
2.3927e-05
-2.94142e-10
2.39268e-05
-2.51909e-10
2.39266e-05
-2.15868e-10
2.39264e-05
-1.84852e-10
2.39263e-05
-1.5831e-10
2.39262e-05
-1.35616e-10
2.39261e-05
-1.16065e-10
2.39261e-05
-9.94389e-11
2.3926e-05
-8.50697e-11
2.39259e-05
-7.29011e-11
2.39259e-05
-6.2744e-11
2.39258e-05
-5.4052e-11
2.39258e-05
-4.64048e-11
2.39258e-05
-3.95489e-11
2.39258e-05
-3.35284e-11
2.39257e-05
-2.85171e-11
2.39257e-05
-2.43075e-11
2.39257e-05
-2.06253e-11
2.39257e-05
-1.78702e-11
2.39257e-05
-1.54933e-11
2.39257e-05
-1.32563e-11
2.39257e-05
-1.15054e-11
2.39256e-05
-9.82939e-12
2.39256e-05
-8.40178e-12
2.39256e-05
-7.36273e-12
2.39256e-05
-6.33946e-12
2.39256e-05
-5.23617e-12
2.39256e-05
-4.21047e-12
2.39256e-05
-3.51856e-12
2.39256e-05
-3.19066e-12
2.39256e-05
-2.93271e-12
2.39256e-05
-2.63461e-12
2.39256e-05
-2.30933e-12
2.39256e-05
-1.98037e-12
2.39256e-05
-1.67954e-12
2.39256e-05
-1.4194e-12
2.39256e-05
-1.29417e-12
2.39256e-05
-1.36758e-12
2.39256e-05
-1.4826e-12
2.39256e-05
-1.47415e-12
2.39256e-05
-1.34187e-12
2.39256e-05
-1.12404e-12
2.39256e-05
-8.64297e-13
2.39256e-05
-6.29892e-13
2.39256e-05
-4.50179e-13
2.39256e-05
-3.25884e-13
2.39256e-05
-2.29539e-13
2.39256e-05
-1.53339e-13
2.39256e-05
-1.11293e-13
2.39256e-05
-8.84286e-14
2.39256e-05
-5.58264e-14
2.39256e-05
-3.7569e-14
2.39256e-05
-4.02391e-14
2.39256e-05
-4.05364e-14
2.39256e-05
-3.40554e-14
2.39256e-05
-2.50828e-14
2.39256e-05
-1.74058e-14
2.39256e-05
-1.18097e-14
2.39256e-05
-2.73568e-15
2.39256e-05
1.18031e-14
2.39256e-05
2.35657e-14
2.39256e-05
2.72452e-14
2.39256e-05
2.47518e-14
2.39256e-05
2.56203e-14
2.39256e-05
1.94662e-14
2.39256e-05
5.1706e-15
2.39256e-05
-1.80805e-16
2.39256e-05
4.7449e-16
2.39256e-05
2.0755e-15
2.39256e-05
2.89266e-15
2.39256e-05
2.96116e-15
2.39256e-05
2.62357e-15
2.39256e-05
2.08427e-15
2.39256e-05
1.53905e-15
2.39256e-05
1.47317e-15
2.39256e-05
1.75114e-15
2.39256e-05
1.65721e-15
2.39256e-05
1.20231e-15
2.39256e-05
6.12045e-16
2.39256e-05
-2.2095e-16
2.39256e-05
-1.58634e-14
2.39256e-05
-4.07144e-14
2.39256e-05
-5.08749e-14
2.39256e-05
-4.67392e-14
2.39256e-05
-3.68625e-14
2.39256e-05
-2.73751e-14
2.39256e-05
-2.01385e-14
2.39256e-05
-1.49222e-14
2.39256e-05
-1.11718e-14
2.39256e-05
-8.47534e-15
2.39256e-05
-6.58151e-15
2.39256e-05
-5.21165e-15
2.39256e-05
-3.78376e-15
2.39256e-05
-2.34647e-15
2.39256e-05
-1.53989e-15
2.39256e-05
-1.29027e-15
2.39256e-05
-1.20456e-15
2.39256e-05
-1.1203e-15
2.39256e-05
-1.01578e-15
2.39256e-05
-8.89992e-16
2.39256e-05
-7.81938e-16
2.39256e-05
-7.58087e-16
2.39256e-05
-7.15453e-16
2.39256e-05
-7.49852e-17
2.39256e-05
6.07977e-15
2.39256e-05
1.84999e-14
2.39256e-05
2.87745e-14
2.39256e-05
3.70454e-14
2.39256e-05
4.68323e-14
2.39256e-05
5.27755e-14
2.39256e-05
5.07702e-14
2.39256e-05
4.30637e-14
2.39256e-05
3.41451e-14
2.39256e-05
2.64418e-14
2.39256e-05
2.00669e-14
2.39256e-05
1.49463e-14
2.39256e-05
1.10704e-14
2.39256e-05
8.22339e-15
2.39256e-05
6.13931e-15
2.39256e-05
4.61645e-15
2.39256e-05
3.47264e-15
2.39256e-05
2.53726e-15
2.39256e-05
1.79623e-15
2.39256e-05
1.63307e-15
2.39256e-05
1.90377e-15
2.39256e-05
2.01765e-15
2.39256e-05
7.03693e-15
2.39256e-05
1.86987e-14
2.39256e-05
2.85e-14
2.39256e-05
3.08359e-14
2.39256e-05
2.71574e-14
2.39256e-05
2.12887e-14
2.39256e-05
1.61579e-14
2.39256e-05
1.24738e-14
2.39256e-05
9.51126e-15
2.39256e-05
7.02654e-15
2.39256e-05
5.11395e-15
2.39256e-05
3.72805e-15
2.39256e-05
2.71353e-15
2.39256e-05
1.89527e-15
2.39256e-05
1.25625e-15
2.39256e-05
1.1793e-15
2.39256e-05
1.48361e-15
2.39256e-05
1.49205e-15
2.39256e-05
1.41349e-15
2.39256e-05
6.94723e-15
2.39256e-05
2.0041e-14
2.39256e-05
3.15646e-14
2.39256e-05
3.49764e-14
2.39256e-05
3.15605e-14
2.39256e-05
2.53034e-14
2.39256e-05
1.91004e-14
2.39256e-05
1.44689e-14
2.39256e-05
1.13534e-14
2.39256e-05
8.80399e-15
2.39256e-05
6.57661e-15
2.39256e-05
4.81611e-15
2.39256e-05
3.52153e-15
2.39256e-05
2.56424e-15
2.39256e-05
1.78361e-15
2.39256e-05
1.17152e-15
2.39256e-05
1.1125e-15
2.39256e-05
1.43822e-15
2.39256e-05
1.44074e-15
2.39256e-05
1.05794e-15
2.39256e-05
4.96711e-16
2.39256e-05
6.68944e-17
2.39256e-05
9.09398e-18
2.39256e-05
2.80518e-16
2.39256e-05
5.78753e-15
2.39256e-05
1.79256e-14
2.39256e-05
2.807e-14
2.39256e-05
3.06516e-14
2.39256e-05
2.72171e-14
2.39256e-05
2.1553e-14
2.39256e-05
1.61658e-14
2.39256e-05
1.19218e-14
2.39256e-05
8.81718e-15
2.39256e-05
6.587e-15
2.39256e-05
4.96728e-15
2.39256e-05
3.77442e-15
2.39256e-05
2.9239e-15
2.39256e-05
2.31677e-15
2.39256e-05
1.82492e-15
2.39256e-05
1.41041e-15
2.39256e-05
1.07959e-15
2.39256e-05
8.24697e-16
2.39256e-05
6.29988e-16
2.39256e-05
4.81101e-16
2.39256e-05
3.67527e-16
2.39256e-05
2.808e-16
2.39256e-05
2.14497e-16
2.39256e-05
1.63996e-16
2.39256e-05
1.26006e-16
2.39256e-05
9.72918e-17
2.39256e-05
7.51603e-17
2.39256e-05
5.81648e-17
2.39256e-05
4.51187e-17
2.39256e-05
3.51733e-17
2.39256e-05
2.77179e-17
2.39256e-05
2.21064e-17
2.39256e-05
1.74998e-17
2.39256e-05
1.33838e-17
2.39256e-05
1.02071e-17
2.39256e-05
7.71968e-18
2.39256e-05
5.62506e-18
2.39256e-05
3.86953e-18
2.39256e-05
3.01025e-18
2.39256e-05
2.94434e-18
2.39256e-05
3.43509e-18
2.39256e-05
3.92704e-18
2.39256e-05
3.06017e-18
2.39256e-05
1.76977e-18
2.39256e-05
9.49295e-19
2.39256e-05
1.49079e-18
2.39256e-05
4.84891e-19
2.39256e-05
-8.08466e-18
2.39256e-05
-1.80753e-17
2.39256e-05
1.28485e-17
2.39256e-05
7.16155e-17
2.39256e-05
8.69643e-17
2.39256e-05
5.96083e-17
2.39256e-05
2.59666e-17
2.39256e-05
2.15763e-18
2.39256e-05
-1.22273e-17
2.39256e-05
-1.84462e-17
2.39256e-05
-2.78728e-17
2.39256e-05
-1.73201e-17
2.39256e-05
-4.61001e-17
2.39256e-05
1.36732e-17
2.39256e-05
-3.50797e-16
2.39256e-05
-1.81545e-15
2.39256e-05
-1.92728e-14
2.39256e-05
-2.05069e-13
2.39256e-05
-1.24273e-12
2.39256e-05
-9.26654e-12
2.39255e-05
-4.31039e-11
2.39255e-05
-1.36179e-12
1.32559e-10
2.11439e-05
2.18943e-05
2.25071e-05
2.29932e-05
2.33778e-05
2.37022e-05
2.39968e-05
2.42689e-05
2.45213e-05
2.47563e-05
2.49674e-05
2.5152e-05
2.53014e-05
2.54186e-05
2.54936e-05
2.55138e-05
2.54964e-05
2.54503e-05
2.538e-05
2.52953e-05
2.52016e-05
2.50989e-05
2.49877e-05
2.48784e-05
2.47802e-05
2.4693e-05
2.46167e-05
2.45506e-05
2.44934e-05
2.44431e-05
2.44e-05
2.43639e-05
2.43349e-05
2.43112e-05
2.42909e-05
2.42733e-05
2.42583e-05
2.42454e-05
2.42344e-05
2.42251e-05
2.4217e-05
2.42102e-05
2.42044e-05
2.41994e-05
2.41952e-05
2.41915e-05
2.41884e-05
2.41858e-05
2.41836e-05
2.41816e-05
2.418e-05
2.41786e-05
2.41774e-05
2.41764e-05
2.41755e-05
2.41747e-05
2.41741e-05
2.41736e-05
2.41731e-05
2.41727e-05
2.41723e-05
2.4172e-05
2.41718e-05
2.41716e-05
2.41714e-05
2.41712e-05
2.41711e-05
2.4171e-05
2.41709e-05
2.41708e-05
2.41707e-05
2.41707e-05
2.41706e-05
2.41706e-05
2.41705e-05
2.41705e-05
2.41705e-05
2.41704e-05
2.41704e-05
2.41704e-05
2.41704e-05
2.41704e-05
2.41704e-05
2.41703e-05
2.41703e-05
2.41703e-05
2.41703e-05
2.41703e-05
2.41703e-05
2.41703e-05
2.41703e-05
2.41703e-05
2.41703e-05
2.41703e-05
2.41703e-05
2.41703e-05
2.41703e-05
2.41703e-05
2.41703e-05
2.41703e-05
2.41703e-05
2.41703e-05
2.41703e-05
2.41703e-05
2.41703e-05
2.41703e-05
2.41703e-05
2.41703e-05
2.41703e-05
2.41703e-05
2.41703e-05
2.41703e-05
2.41703e-05
2.41703e-05
2.41703e-05
2.41703e-05
2.41703e-05
2.41703e-05
2.41703e-05
2.41703e-05
2.41703e-05
2.41703e-05
2.41703e-05
2.41703e-05
2.41703e-05
2.41703e-05
2.41703e-05
2.41703e-05
2.41703e-05
2.41703e-05
2.41703e-05
2.41703e-05
2.41703e-05
2.41703e-05
2.41703e-05
2.41703e-05
2.41703e-05
2.41703e-05
2.41703e-05
2.41703e-05
2.41703e-05
2.41703e-05
2.41703e-05
2.41703e-05
2.41703e-05
2.41703e-05
2.41703e-05
2.41703e-05
2.41703e-05
2.41703e-05
2.41703e-05
2.41703e-05
2.41703e-05
2.41703e-05
2.41703e-05
2.41703e-05
2.41703e-05
2.41703e-05
2.41703e-05
2.41703e-05
2.41703e-05
2.41703e-05
2.41703e-05
2.41703e-05
2.41703e-05
2.41703e-05
2.41703e-05
2.41703e-05
2.41703e-05
2.41703e-05
2.41703e-05
2.41703e-05
2.41703e-05
2.41703e-05
2.41703e-05
2.41703e-05
2.41703e-05
2.41703e-05
2.41703e-05
2.41703e-05
2.41703e-05
2.41703e-05
2.41703e-05
2.41703e-05
2.41703e-05
2.41703e-05
2.41703e-05
2.41703e-05
2.41703e-05
2.41703e-05
2.41703e-05
2.41703e-05
2.41703e-05
2.41703e-05
2.41703e-05
2.41703e-05
2.41703e-05
2.41703e-05
2.41703e-05
2.41703e-05
2.41703e-05
2.41703e-05
2.41703e-05
2.41703e-05
2.41703e-05
2.41703e-05
2.41703e-05
2.41703e-05
2.41703e-05
2.41703e-05
2.41703e-05
2.41703e-05
2.41703e-05
2.41703e-05
2.41703e-05
2.41703e-05
2.41703e-05
2.41703e-05
2.41703e-05
2.41703e-05
2.41703e-05
2.41703e-05
2.41703e-05
2.41703e-05
2.41703e-05
2.41703e-05
2.41703e-05
2.41703e-05
2.41703e-05
2.41703e-05
2.41703e-05
2.41703e-05
2.41703e-05
2.41703e-05
2.41703e-05
2.41703e-05
2.41703e-05
2.41703e-05
2.41703e-05
2.41703e-05
2.41703e-05
2.41703e-05
2.41703e-05
2.41703e-05
2.41703e-05
2.41703e-05
2.41703e-05
2.41703e-05
2.41703e-05
2.41703e-05
2.41703e-05
2.41703e-05
2.41703e-05
2.41703e-05
2.41703e-05
2.41703e-05
2.41703e-05
2.41703e-05
2.41703e-05
2.41703e-05
2.41703e-05
2.41703e-05
2.41703e-05
2.41703e-05
2.41703e-05
2.41703e-05
2.41703e-05
2.41703e-05
2.41703e-05
2.41703e-05
2.41703e-05
2.41703e-05
2.41703e-05
2.41703e-05
2.41703e-05
2.41703e-05
2.41703e-05
2.41703e-05
2.41703e-05
2.41703e-05
2.41703e-05
2.41703e-05
2.41703e-05
2.41703e-05
2.41703e-05
2.41703e-05
2.41703e-05
2.41703e-05
2.41703e-05
2.41703e-05
2.41703e-05
2.41703e-05
2.41703e-05
2.41703e-05
2.41703e-05
2.41703e-05
2.41703e-05
2.41702e-05
2.41702e-05
)
;

boundaryField
{
    inlet
    {
        type            calculated;
        value           uniform -2.025e-05;
    }
    outlet
    {
        type            calculated;
        value           nonuniform List<scalar> 8(1.0572e-05 1.65277e-05 1.94809e-05 2.13319e-05 2.25791e-05 2.34123e-05 2.39257e-05 2.41704e-05);
    }
    sideWall
    {
        type            empty;
    }
    bed
    {
        type            calculated;
        value           uniform 0;
    }
    topWall
    {
        type            calculated;
        value           nonuniform List<scalar> 
300
(
-4.23516e-22
0
-2.11758e-22
2.11758e-22
-8.77159e-23
2.11758e-22
-1.53223e-23
0
2.72298e-22
-3.77194e-22
-2.11758e-22
-5.59428e-23
-2.11758e-22
0
0
-2.11758e-22
-4.23516e-22
2.42573e-24
2.11758e-22
2.11758e-22
2.94476e-22
2.11758e-22
-2.11758e-22
-2.11758e-22
-2.11758e-22
0
0
0
0
-2.11758e-22
-2.11758e-22
0
-2.11758e-22
-2.11758e-22
-2.94476e-22
-2.11758e-22
0
-2.11758e-22
0
0
0
-1.99117e-22
8.27181e-23
-2.11758e-22
-4.63221e-23
1.2904e-22
-8.27181e-23
0
-2.11758e-22
-2.40115e-22
-1.30239e-23
0
0
-2.11758e-22
4.93152e-22
0
2.11758e-22
0
-2.11758e-22
2.11758e-22
0
8.27181e-23
-4.23516e-22
-4.49153e-23
-1.97736e-22
2.11758e-22
-2.11758e-22
0
-4.23516e-22
-1.2904e-22
2.11758e-22
-2.11758e-22
0
0
0
-2.11758e-22
2.11758e-22
-2.11758e-22
2.11758e-22
0
-1.98609e-22
0
2.11758e-22
-2.11758e-22
2.11758e-22
2.11758e-22
2.11758e-22
2.11758e-22
-1.2904e-22
2.11758e-22
6.95678e-23
-6.95678e-23
0
2.11758e-22
2.11758e-22
2.11758e-22
0
0
0
-2.11758e-22
0
0
8.27181e-23
-2.11758e-22
0
-2.81326e-22
-2.11758e-22
0
-6.95675e-23
2.11758e-22
-2.11758e-22
0
4.23516e-22
0
-2.11758e-22
0
0
0
0
-2.11758e-22
0
0
-2.11758e-22
-2.11758e-22
0
0
2.11758e-22
0
4.23516e-22
-2.11758e-22
2.11758e-22
-2.11758e-22
8.27181e-23
-2.11758e-22
3.40798e-22
0
0
-4.23516e-22
-2.11758e-22
0
0
0
-2.11758e-22
0
0
0
-1.98608e-22
0
-2.11758e-22
2.11758e-22
-2.11758e-22
2.11758e-22
0
2.11758e-22
-2.11758e-22
-1.98608e-22
0
0
3.95308e-22
2.11758e-22
2.11758e-22
2.11758e-22
2.11758e-22
2.11758e-22
0
2.94476e-22
0
0
0
-3.07627e-22
2.11758e-22
4.23516e-22
0
0
0
0
4.23516e-22
2.11758e-22
-2.11758e-22
0
2.11758e-22
-2.11758e-22
1.98608e-22
0
-8.27181e-23
8.27181e-23
0
-3.95308e-22
2.11758e-22
2.11758e-22
0
4.23516e-22
0
4.23516e-22
0
2.11758e-22
2.11758e-22
2.11758e-22
-2.11758e-22
4.23516e-22
-9.58686e-23
-9.58686e-23
0
2.11758e-22
2.11758e-22
4.23516e-22
2.08331e-22
2.11758e-22
1.98608e-22
0
6.80874e-23
-2.24909e-22
2.11758e-22
1.2904e-22
3.49665e-23
-2.82085e-23
-2.11758e-22
2.11758e-22
0
2.11758e-22
-1.31506e-23
0
4.23516e-22
0
-2.11758e-22
0
0
-1.31506e-23
0
-2.11758e-22
0
0
1.52854e-22
0
1.98608e-22
0
4.23516e-22
0
2.11758e-22
-2.11758e-22
0
2.11758e-22
2.11758e-22
2.11758e-22
4.23516e-22
1.1589e-22
-2.11758e-22
0
1.98608e-22
2.11758e-22
1.25563e-22
0
0
-2.11758e-22
0
0
4.23516e-22
4.23516e-22
0
0
6.95675e-23
0
-2.11758e-22
-2.11758e-22
2.11758e-22
-8.27181e-23
2.11758e-22
2.11758e-22
-2.11758e-22
2.11758e-22
4.23516e-22
2.11758e-22
0
0
0
-8.27181e-23
2.11758e-22
0
2.11758e-22
0
2.11758e-22
2.11758e-22
1.4699e-22
0
1.31505e-23
-1.31505e-23
0
2.11758e-22
2.11758e-22
-2.11758e-22
0
2.11758e-22
0
2.11758e-22
2.72685e-22
0
4.23516e-22
0
2.11758e-22
4.23516e-22
)
;
    }
}


// ************************************************************************* //
