/*--------------------------------*- C++ -*----------------------------------*\
| =========                 |                                                 |
| \\      /  F ield         | foam-extend: Open Source CFD                    |
|  \\    /   O peration     | Version:     3.2                                |
|   \\  /    A nd           | Web:         http://www.foam-extend.org         |
|    \\/     M anipulation  | For copyright notice see file Copyright         |
\*---------------------------------------------------------------------------*/
FoamFile
{
    version     2.0;
    format      ascii;
    class       volVectorField;
    location    "200";
    object      U;
}
// * * * * * * * * * * * * * * * * * * * * * * * * * * * * * * * * * * * * * //

dimensions      [0 1 -1 0 0 0 0];

internalField   nonuniform List<vector> 
2400
(
(0.2243 0 0.00310103)
(0.185542 0 0.00156072)
(0.152824 0 0.000175919)
(0.137878 0 -0.000480205)
(0.131666 -1.0798e-26 -0.000620772)
(0.129185 -1.08608e-42 -0.000662993)
(0.128402 -6.43131e-27 -0.000683197)
(0.128479 1.84071e-43 -0.000682132)
(0.128743 4.60539e-27 -0.000680545)
(0.129232 1.31706e-42 -0.000681527)
(0.129795 2.22145e-27 -0.000679929)
(0.130307 1.48262e-27 -0.00067812)
(0.130814 0 -0.000679709)
(0.131351 6.05278e-28 -0.000680519)
(0.131839 7.51047e-28 -0.000681838)
(0.132355 -8.15183e-29 -0.000686483)
(0.132905 -2.1412e-28 -0.000688407)
(0.133438 4.48722e-28 -0.000690217)
(0.133972 -6.16419e-28 -0.000692589)
(0.134509 0 -0.000694918)
(0.135039 0 -0.000697366)
(0.135581 8.86339e-28 -0.000701433)
(0.136162 9.35675e-28 -0.000705864)
(0.136767 0 -0.000708483)
(0.137337 0 -0.000709083)
(0.137852 9.17081e-28 -0.000709347)
(0.138314 0 -0.000709223)
(0.13872 0 -0.000708884)
(0.13907 0 -0.00070844)
(0.139373 6.54117e-28 -0.000708177)
(0.139635 0 -0.000707758)
(0.139856 0 -0.000707205)
(0.140039 -4.57111e-28 -0.000706535)
(0.140184 0 -0.000705969)
(0.140303 0 -0.00070572)
(0.140403 0 -0.000705541)
(0.140488 -2.47531e-28 -0.000705398)
(0.140559 0 -0.000705292)
(0.140619 0 -0.000705212)
(0.14067 0 -0.00070515)
(0.140714 -1.36858e-28 -0.000705099)
(0.140751 -2.0705e-43 -0.000705056)
(0.140783 0 -0.00070502)
(0.14081 0 -0.00070499)
(0.140833 -7.38847e-29 -0.000704965)
(0.140852 0 -0.000704943)
(0.140869 -2.07752e-43 -0.000704925)
(0.140883 0 -0.00070491)
(0.140895 0 -0.000704897)
(0.140906 0 -0.000704887)
(0.140915 0 -0.000704879)
(0.140922 -2.08067e-43 -0.000704872)
(0.140928 0 -0.000704865)
(0.140934 -2.08138e-43 -0.00070486)
(0.140939 0 -0.000704856)
(0.140943 0 -0.000704853)
(0.140946 -2.0821e-43 -0.00070485)
(0.140949 0 -0.000704848)
(0.140952 -8.27427e-30 -0.000704845)
(0.140954 0 -0.000704844)
(0.140956 0 -0.000704842)
(0.140957 -2.08275e-43 -0.000704841)
(0.140959 0 -0.00070484)
(0.14096 -2.08289e-43 -0.00070484)
(0.140961 0 -0.000704839)
(0.140962 0 -0.000704838)
(0.140962 -2.08305e-43 -0.000704837)
(0.140963 0 -0.000704837)
(0.140963 -2.08311e-43 -0.000704836)
(0.140964 0 -0.000704836)
(0.140964 -1.26203e-30 -0.000704836)
(0.140965 -2.08318e-43 -0.000704836)
(0.140965 0 -0.000704836)
(0.140965 8.44436e-31 -0.000704835)
(0.140965 0 -0.000704835)
(0.140966 0 -0.000704835)
(0.140966 -2.08325e-43 -0.000704834)
(0.140966 0 -0.000704834)
(0.140966 -2.08326e-43 -0.000704834)
(0.140966 0 -0.000704834)
(0.140966 0 -0.000704834)
(0.140966 0 -0.000704834)
(0.140966 0 -0.000704834)
(0.140966 0 -0.000704834)
(0.140966 0 -0.000704834)
(0.140966 0 -0.000704834)
(0.140967 0 -0.000704833)
(0.140967 0 -0.000704833)
(0.140967 0 -0.000704833)
(0.140967 0 -0.000704833)
(0.140967 0 -0.000704833)
(0.140967 0 -0.000704833)
(0.140967 0 -0.000704833)
(0.140967 0 -0.000704834)
(0.140967 0 -0.000704834)
(0.140967 0 -0.000704833)
(0.140967 0 -0.000704833)
(0.140967 0 -0.000704833)
(0.140967 0 -0.000704833)
(0.140967 0 -0.000704833)
(0.140967 3.13413e-32 -0.000704833)
(0.140967 -2.38573e-32 -0.000704833)
(0.140967 0 -0.000704834)
(0.140967 0 -0.000704833)
(0.140967 0 -0.000704833)
(0.140967 0 -0.000704833)
(0.140967 0 -0.000704833)
(0.140967 0 -0.000704833)
(0.140967 0 -0.000704833)
(0.140967 0 -0.000704833)
(0.140967 0 -0.000704833)
(0.140967 0 -0.000704833)
(0.140967 0 -0.000704833)
(0.140967 0 -0.000704833)
(0.140967 0 -0.000704833)
(0.140967 0 -0.000704833)
(0.140967 -1.93227e-35 -0.000704833)
(0.140967 -3.97797e-35 -0.000704833)
(0.140967 0 -0.000704833)
(0.140967 0 -0.000704833)
(0.140967 0 -0.000704833)
(0.140967 0 -0.000704833)
(0.140967 0 -0.000704833)
(0.140967 0 -0.000704833)
(0.140967 0 -0.000704833)
(0.140967 0 -0.000704833)
(0.140967 0 -0.000704833)
(0.140967 0 -0.000704833)
(0.140967 0 -0.000704833)
(0.140967 0 -0.000704833)
(0.140967 0 -0.000704833)
(0.140967 0 -0.000704833)
(0.140967 -7.67775e-35 -0.000704833)
(0.140967 0 -0.000704833)
(0.140967 0 -0.000704833)
(0.140967 0 -0.000704833)
(0.140967 0 -0.000704833)
(0.140967 0 -0.000704833)
(0.140967 0 -0.000704833)
(0.140967 0 -0.000704833)
(0.140967 0 -0.000704833)
(0.140967 0 -0.000704833)
(0.140967 0 -0.000704833)
(0.140967 0 -0.000704833)
(0.140967 0 -0.000704833)
(0.140967 0 -0.000704833)
(0.140967 0 -0.000704833)
(0.140967 0 -0.000704833)
(0.140967 0 -0.000704833)
(0.140967 0 -0.000704833)
(0.140967 0 -0.000704833)
(0.140967 0 -0.000704833)
(0.140967 0 -0.000704833)
(0.140967 0 -0.000704833)
(0.140967 0 -0.000704833)
(0.140967 0 -0.000704833)
(0.140967 0 -0.000704833)
(0.140967 0 -0.000704833)
(0.140967 0 -0.000704833)
(0.140967 0 -0.000704833)
(0.140967 0 -0.000704833)
(0.140967 0 -0.000704833)
(0.140967 0 -0.000704833)
(0.140967 0 -0.000704833)
(0.140967 0 -0.000704833)
(0.140967 0 -0.000704833)
(0.140967 0 -0.000704833)
(0.140967 0 -0.000704833)
(0.140967 0 -0.000704833)
(0.140967 0 -0.000704833)
(0.140967 0 -0.000704833)
(0.140967 0 -0.000704833)
(0.140967 0 -0.000704833)
(0.140967 0 -0.000704833)
(0.140967 0 -0.000704833)
(0.140967 0 -0.000704833)
(0.140967 0 -0.000704833)
(0.140967 0 -0.000704833)
(0.140967 0 -0.000704833)
(0.140967 0 -0.000704833)
(0.140967 0 -0.000704833)
(0.140967 0 -0.000704833)
(0.140967 0 -0.000704833)
(0.140967 0 -0.000704833)
(0.140967 0 -0.000704833)
(0.140967 0 -0.000704833)
(0.140967 0 -0.000704833)
(0.140967 0 -0.000704833)
(0.140967 0 -0.000704833)
(0.140967 0 -0.000704833)
(0.140967 0 -0.000704833)
(0.140967 0 -0.000704833)
(0.140967 0 -0.000704833)
(0.140967 0 -0.000704833)
(0.140967 0 -0.000704833)
(0.140967 0 -0.000704833)
(0.140967 0 -0.000704833)
(0.140967 0 -0.000704833)
(0.140967 0 -0.000704833)
(0.140967 0 -0.000704833)
(0.140967 0 -0.000704833)
(0.140967 0 -0.000704833)
(0.140967 0 -0.000704833)
(0.140967 0 -0.000704833)
(0.140967 0 -0.000704833)
(0.140967 0 -0.000704833)
(0.140967 0 -0.000704833)
(0.140967 0 -0.000704833)
(0.140967 0 -0.000704833)
(0.140967 0 -0.000704833)
(0.140967 0 -0.000704833)
(0.140967 0 -0.000704833)
(0.140967 0 -0.000704833)
(0.140967 0 -0.000704833)
(0.140967 0 -0.000704833)
(0.140967 0 -0.000704833)
(0.140967 0 -0.000704833)
(0.140967 0 -0.000704833)
(0.140967 0 -0.000704833)
(0.140967 0 -0.000704833)
(0.140967 0 -0.000704833)
(0.140967 0 -0.000704833)
(0.140967 0 -0.000704833)
(0.140967 0 -0.000704833)
(0.140967 0 -0.000704833)
(0.140967 0 -0.000704833)
(0.140967 0 -0.000704833)
(0.140967 0 -0.000704833)
(0.140967 0 -0.000704833)
(0.140967 0 -0.000704833)
(0.140967 0 -0.000704833)
(0.140967 0 -0.000704833)
(0.140967 0 -0.000704833)
(0.140967 0 -0.000704833)
(0.140967 0 -0.000704833)
(0.140967 0 -0.000704833)
(0.140967 0 -0.000704833)
(0.140967 0 -0.000704833)
(0.140967 0 -0.000704833)
(0.140967 0 -0.000704833)
(0.140967 0 -0.000704833)
(0.140967 0 -0.000704833)
(0.140967 0 -0.000704833)
(0.140967 0 -0.000704833)
(0.140967 0 -0.000704833)
(0.140967 0 -0.000704833)
(0.140967 0 -0.000704833)
(0.140967 0 -0.000704833)
(0.140967 0 -0.000704833)
(0.140967 -1.24211e-35 -0.000704833)
(0.140967 0 -0.000704833)
(0.140967 0 -0.000704833)
(0.140967 0 -0.000704833)
(0.140967 0 -0.000704833)
(0.140967 0 -0.000704833)
(0.140967 0 -0.000704833)
(0.140967 0 -0.000704833)
(0.140967 0 -0.000704833)
(0.140967 0 -0.000704833)
(0.140967 0 -0.000704833)
(0.140967 0 -0.000704833)
(0.140967 0 -0.000704833)
(0.140967 0 -0.000704833)
(0.140967 0 -0.000704833)
(0.140967 0 -0.000704833)
(0.140967 0 -0.000704833)
(0.140967 0 -0.000704833)
(0.140967 0 -0.000704833)
(0.140967 0 -0.000704833)
(0.140967 0 -0.000704833)
(0.140967 0 -0.000704833)
(0.140967 0 -0.000704833)
(0.140967 0 -0.000704833)
(0.140967 0 -0.000704833)
(0.140967 0 -0.000704833)
(0.140967 0 -0.000704833)
(0.140967 0 -0.000704833)
(0.140967 0 -0.000704833)
(0.140967 0 -0.000704833)
(0.140967 0 -0.000704833)
(0.140967 0 -0.000704833)
(0.140967 -2.95467e-36 -0.000704833)
(0.140967 0 -0.000704833)
(0.140967 0 -0.000704833)
(0.140967 0 -0.000704833)
(0.140967 0 -0.000704833)
(0.140967 0 -0.000704833)
(0.140967 0 -0.000704833)
(0.140967 0 -0.000704833)
(0.140967 0 -0.000704833)
(0.140967 0 -0.000704833)
(0.140967 0 -0.000704833)
(0.140967 0 -0.000704833)
(0.140967 0 -0.000704833)
(0.140967 0 -0.000704833)
(0.140967 0 -0.000704835)
(0.140967 -1.60652e-31 -0.000704843)
(0.140967 0 -0.000705042)
(0.140977 0 -0.000705071)
(0.140963 0 -0.000639187)
(0.265854 0 0.00369236)
(0.259772 0 0.00228885)
(0.24419 0 0.00135901)
(0.231793 0 0.000186148)
(0.223469 0 -0.00050918)
(0.218089 4.21327e-26 -0.00081278)
(0.214558 1.52729e-26 -0.000969882)
(0.212329 1.23448e-26 -0.00103171)
(0.210751 1.00642e-26 -0.0010617)
(0.209684 1.52168e-26 -0.00108226)
(0.209143 5.3781e-27 -0.00109124)
(0.208813 -4.07716e-27 -0.00109144)
(0.208796 2.81542e-27 -0.00109658)
(0.208878 -1.90229e-27 -0.00109681)
(0.209102 2.5766e-27 -0.0010972)
(0.209443 -9.90337e-28 -0.00110551)
(0.209894 -3.2597e-28 -0.00110945)
(0.210425 0 -0.00111294)
(0.211025 4.78959e-28 -0.00111691)
(0.211682 0 -0.0011209)
(0.212379 0 -0.00112487)
(0.213104 0 -0.00113152)
(0.213843 2.20004e-27 -0.00113859)
(0.21459 0 -0.00114155)
(0.215299 0 -0.00113986)
(0.215948 0 -0.00113717)
(0.216537 1.30144e-27 -0.0011338)
(0.217064 0 -0.00113014)
(0.217527 1.1179e-27 -0.00112652)
(0.217936 2.04744e-27 -0.00112361)
(0.218298 -9.38933e-28 -0.00112066)
(0.218611 8.49147e-28 -0.00111763)
(0.218877 -7.42255e-28 -0.00111452)
(0.219096 0 -0.00111183)
(0.21928 0 -0.00111008)
(0.219436 0 -0.00110874)
(0.21957 -3.89689e-28 -0.00110764)
(0.219686 3.35928e-28 -0.00110675)
(0.219784 0 -0.001106)
(0.219869 0 -0.00110538)
(0.219941 -2.13559e-28 -0.00110486)
(0.220003 -3.6646e-28 -0.00110441)
(0.220056 0 -0.00110403)
(0.220102 -2.69018e-28 -0.0011037)
(0.22014 -1.15187e-28 -0.00110342)
(0.220173 0 -0.00110319)
(0.220202 -1.68559e-28 -0.00110299)
(0.220226 -7.20818e-29 -0.00110282)
(0.220246 -1.23117e-28 -0.00110267)
(0.220264 0 -0.00110255)
(0.220279 0 -0.00110244)
(0.220292 -7.69411e-29 -0.00110236)
(0.220303 0 -0.00110228)
(0.220312 -5.60702e-29 -0.00110221)
(0.22032 0 -0.00110216)
(0.220327 -2.04024e-29 -0.00110211)
(0.220333 -3.49271e-29 -0.00110208)
(0.220338 0 -0.00110204)
(0.220342 -2.56368e-29 -0.00110201)
(0.220346 -1.09463e-29 -0.00110199)
(0.220349 0 -0.00110197)
(0.220352 -1.60272e-29 -0.00110195)
(0.220354 0 -0.00110193)
(0.220356 -1.16545e-29 -0.00110192)
(0.220358 0 -0.00110191)
(0.220359 0 -0.0011019)
(0.220361 -7.49304e-30 -0.00110189)
(0.220362 0 -0.00110188)
(0.220363 -5.42688e-30 -0.00110188)
(0.220363 0 -0.00110187)
(0.220364 0 -0.00110187)
(0.220365 -3.29455e-30 -0.00110186)
(0.220365 0 -0.00110186)
(0.220366 -1.28125e-30 -0.00110186)
(0.220366 0 -0.00110186)
(0.220366 0 -0.00110185)
(0.220366 -1.56104e-30 -0.00110185)
(0.220367 0 -0.00110185)
(0.220367 -1.18751e-30 -0.00110185)
(0.220367 0 -0.00110185)
(0.220367 0 -0.00110185)
(0.220367 0 -0.00110184)
(0.220367 0 -0.00110184)
(0.220367 0 -0.00110184)
(0.220368 0 -0.00110184)
(0.220368 2.45068e-31 -0.00110184)
(0.220368 0 -0.00110184)
(0.220368 0 -0.00110184)
(0.220368 0 -0.00110184)
(0.220368 0 -0.00110184)
(0.220368 0 -0.00110184)
(0.220368 0 -0.00110184)
(0.220368 0 -0.00110184)
(0.220368 0 -0.00110184)
(0.220368 0 -0.00110184)
(0.220368 0 -0.00110184)
(0.220368 0 -0.00110184)
(0.220368 0 -0.00110184)
(0.220368 0 -0.00110184)
(0.220368 0 -0.00110184)
(0.220368 7.65407e-32 -0.00110184)
(0.220368 0 -0.00110184)
(0.220368 0 -0.00110184)
(0.220368 0 -0.00110184)
(0.220368 0 -0.00110184)
(0.220368 0 -0.00110184)
(0.220368 0 -0.00110184)
(0.220368 0 -0.00110184)
(0.220368 0 -0.00110184)
(0.220368 0 -0.00110184)
(0.220368 0 -0.00110184)
(0.220368 0 -0.00110184)
(0.220368 0 -0.00110184)
(0.220368 0 -0.00110184)
(0.220368 0 -0.00110184)
(0.220368 3.70849e-35 -0.00110184)
(0.220368 2.09402e-34 -0.00110184)
(0.220368 0 -0.00110184)
(0.220368 0 -0.00110184)
(0.220368 0 -0.00110184)
(0.220368 0 -0.00110184)
(0.220368 0 -0.00110184)
(0.220368 0 -0.00110184)
(0.220368 0 -0.00110184)
(0.220368 0 -0.00110184)
(0.220368 0 -0.00110184)
(0.220368 0 -0.00110184)
(0.220368 0 -0.00110184)
(0.220368 0 -0.00110184)
(0.220368 0 -0.00110184)
(0.220368 0 -0.00110184)
(0.220368 -1.89689e-34 -0.00110184)
(0.220368 -1.09933e-34 -0.00110184)
(0.220368 0 -0.00110184)
(0.220368 0 -0.00110184)
(0.220368 0 -0.00110184)
(0.220368 0 -0.00110184)
(0.220368 0 -0.00110184)
(0.220368 0 -0.00110184)
(0.220368 0 -0.00110184)
(0.220368 0 -0.00110184)
(0.220368 0 -0.00110184)
(0.220368 0 -0.00110184)
(0.220368 0 -0.00110184)
(0.220368 0 -0.00110184)
(0.220368 0 -0.00110184)
(0.220368 0 -0.00110184)
(0.220368 3.34973e-34 -0.00110184)
(0.220368 0 -0.00110184)
(0.220368 0 -0.00110184)
(0.220368 0 -0.00110184)
(0.220368 0 -0.00110184)
(0.220368 0 -0.00110184)
(0.220368 0 -0.00110184)
(0.220368 0 -0.00110184)
(0.220368 0 -0.00110184)
(0.220368 0 -0.00110184)
(0.220368 0 -0.00110184)
(0.220368 0 -0.00110184)
(0.220368 0 -0.00110184)
(0.220368 0 -0.00110184)
(0.220368 0 -0.00110184)
(0.220368 0 -0.00110184)
(0.220368 0 -0.00110184)
(0.220368 0 -0.00110184)
(0.220368 0 -0.00110184)
(0.220368 0 -0.00110184)
(0.220368 0 -0.00110184)
(0.220368 0 -0.00110184)
(0.220368 0 -0.00110184)
(0.220368 0 -0.00110184)
(0.220368 0 -0.00110184)
(0.220368 0 -0.00110184)
(0.220368 0 -0.00110184)
(0.220368 0 -0.00110184)
(0.220368 0 -0.00110184)
(0.220368 0 -0.00110184)
(0.220368 0 -0.00110184)
(0.220368 0 -0.00110184)
(0.220368 0 -0.00110184)
(0.220368 0 -0.00110184)
(0.220368 0 -0.00110184)
(0.220368 0 -0.00110184)
(0.220368 0 -0.00110184)
(0.220368 0 -0.00110184)
(0.220368 0 -0.00110184)
(0.220368 0 -0.00110184)
(0.220368 0 -0.00110184)
(0.220368 0 -0.00110184)
(0.220368 0 -0.00110184)
(0.220368 0 -0.00110184)
(0.220368 0 -0.00110184)
(0.220368 0 -0.00110184)
(0.220368 0 -0.00110184)
(0.220368 0 -0.00110184)
(0.220368 0 -0.00110184)
(0.220368 0 -0.00110184)
(0.220368 0 -0.00110184)
(0.220368 0 -0.00110184)
(0.220368 0 -0.00110184)
(0.220368 0 -0.00110184)
(0.220368 0 -0.00110184)
(0.220368 0 -0.00110184)
(0.220368 0 -0.00110184)
(0.220368 0 -0.00110184)
(0.220368 0 -0.00110184)
(0.220368 0 -0.00110184)
(0.220368 0 -0.00110184)
(0.220368 0 -0.00110184)
(0.220368 0 -0.00110184)
(0.220368 0 -0.00110184)
(0.220368 0 -0.00110184)
(0.220368 0 -0.00110184)
(0.220368 0 -0.00110184)
(0.220368 0 -0.00110184)
(0.220368 0 -0.00110184)
(0.220368 0 -0.00110184)
(0.220368 0 -0.00110184)
(0.220368 0 -0.00110184)
(0.220368 0 -0.00110184)
(0.220368 0 -0.00110184)
(0.220368 0 -0.00110184)
(0.220368 0 -0.00110184)
(0.220368 0 -0.00110184)
(0.220368 0 -0.00110184)
(0.220368 0 -0.00110184)
(0.220368 0 -0.00110184)
(0.220368 0 -0.00110184)
(0.220368 0 -0.00110184)
(0.220368 0 -0.00110184)
(0.220368 0 -0.00110184)
(0.220368 0 -0.00110184)
(0.220368 0 -0.00110184)
(0.220368 0 -0.00110184)
(0.220368 0 -0.00110184)
(0.220368 0 -0.00110184)
(0.220368 0 -0.00110184)
(0.220368 0 -0.00110184)
(0.220368 0 -0.00110184)
(0.220368 0 -0.00110184)
(0.220368 0 -0.00110184)
(0.220368 0 -0.00110184)
(0.220368 0 -0.00110184)
(0.220368 0 -0.00110184)
(0.220368 0 -0.00110184)
(0.220368 0 -0.00110184)
(0.220368 0 -0.00110184)
(0.220368 0 -0.00110184)
(0.220368 0 -0.00110184)
(0.220368 -1.67202e-35 -0.00110184)
(0.220368 0 -0.00110184)
(0.220368 0 -0.00110184)
(0.220368 0 -0.00110184)
(0.220368 0 -0.00110184)
(0.220368 0 -0.00110184)
(0.220368 0 -0.00110184)
(0.220368 0 -0.00110184)
(0.220368 0 -0.00110184)
(0.220368 0 -0.00110184)
(0.220368 0 -0.00110184)
(0.220368 0 -0.00110184)
(0.220368 0 -0.00110184)
(0.220368 0 -0.00110184)
(0.220368 0 -0.00110184)
(0.220368 -3.39423e-37 -0.00110184)
(0.220368 0 -0.00110184)
(0.220368 0 -0.00110184)
(0.220368 0 -0.00110184)
(0.220368 0 -0.00110184)
(0.220368 0 -0.00110184)
(0.220368 0 -0.00110184)
(0.220368 0 -0.00110184)
(0.220368 0 -0.00110184)
(0.220368 0 -0.00110184)
(0.220368 0 -0.00110184)
(0.220368 0 -0.00110184)
(0.220368 0 -0.00110184)
(0.220368 0 -0.00110184)
(0.220368 0 -0.00110184)
(0.220368 0 -0.00110184)
(0.220368 0 -0.00110184)
(0.220368 0 -0.00110184)
(0.220368 0 -0.00110184)
(0.220368 0 -0.00110184)
(0.220368 0 -0.00110184)
(0.220368 0 -0.00110184)
(0.220368 0 -0.00110184)
(0.220368 0 -0.00110184)
(0.220368 0 -0.00110184)
(0.220368 0 -0.00110184)
(0.220368 0 -0.00110184)
(0.220368 0 -0.00110184)
(0.220368 0 -0.00110184)
(0.220368 0 -0.00110184)
(0.220368 0 -0.00110184)
(0.220368 0 -0.00110184)
(0.220368 4.35014e-31 -0.00110186)
(0.220369 0 -0.00110218)
(0.220367 0 -0.00110199)
(0.220368 0 -0.00112763)
(0.272525 0 0.00369497)
(0.283946 0 0.00243777)
(0.282434 4.59655e-26 0.00163731)
(0.278798 0 0.000634063)
(0.272174 3.47388e-26 -0.00022765)
(0.2661 4.73599e-26 -0.000669363)
(0.261221 3.49042e-26 -0.00092733)
(0.257617 0 -0.00104966)
(0.254737 1.05752e-26 -0.00112314)
(0.252593 9.17809e-27 -0.00118698)
(0.251184 0 -0.00122935)
(0.250152 -1.32119e-26 -0.00125387)
(0.249536 5.62522e-27 -0.00128084)
(0.249175 -8.7659e-27 -0.00129609)
(0.249155 0 -0.00131351)
(0.249267 2.56213e-27 -0.00132823)
(0.249574 -4.46928e-27 -0.00134318)
(0.250029 0 -0.00135535)
(0.250592 -2.35877e-27 -0.00136542)
(0.251243 7.89238e-28 -0.00137467)
(0.251959 0 -0.00138164)
(0.252693 0 -0.00138914)
(0.253412 -1.45301e-28 -0.00139621)
(0.254128 -2.0068e-28 -0.0013976)
(0.254808 0 -0.00139181)
(0.25543 0 -0.00138443)
(0.255997 5.99827e-28 -0.00137614)
(0.256505 -6.1079e-28 -0.00136751)
(0.256953 5.77236e-28 -0.00135913)
(0.25735 1.08175e-27 -0.00135212)
(0.257701 -5.22034e-28 -0.00134529)
(0.258006 4.99408e-28 -0.00133848)
(0.258267 0 -0.00133159)
(0.258483 0 -0.00132551)
(0.258663 0 -0.0013212)
(0.258819 0 -0.00131781)
(0.258952 0 -0.00131498)
(0.259066 3.70512e-28 -0.00131261)
(0.259164 0 -0.0013106)
(0.259248 0 -0.00130888)
(0.25932 1.17082e-28 -0.00130741)
(0.259382 -8.63005e-43 -0.00130614)
(0.259434 0 -0.00130506)
(0.25948 -8.64398e-43 -0.00130413)
(0.259518 -1.26326e-28 -0.00130334)
(0.259551 5.39338e-29 -0.00130266)
(0.259579 -8.65807e-43 -0.00130208)
(0.259603 -3.9366e-29 -0.00130159)
(0.259624 -3.36049e-29 -0.00130117)
(0.259641 2.85887e-29 -0.00130081)
(0.259656 2.44222e-29 -0.00130051)
(0.259669 -2.08817e-29 -0.00130025)
(0.25968 1.7857e-29 -0.00130002)
(0.259689 -3.03667e-29 -0.00129983)
(0.259697 0 -0.00129967)
(0.259704 -1.10454e-29 -0.00129954)
(0.25971 -1.87382e-29 -0.00129942)
(0.259715 0 -0.00129932)
(0.259719 -1.37058e-29 -0.00129923)
(0.259723 -5.83095e-30 -0.00129916)
(0.259726 0 -0.0012991)
(0.259729 -8.50643e-30 -0.00129904)
(0.259731 -3.63277e-30 -0.001299)
(0.259733 -6.08342e-30 -0.00129896)
(0.259734 0 -0.00129893)
(0.259736 0 -0.0012989)
(0.259737 -4.00144e-30 -0.00129887)
(0.259738 0 -0.00129885)
(0.259739 -2.94648e-30 -0.00129883)
(0.25974 0 -0.00129881)
(0.259741 -9.77389e-31 -0.0012988)
(0.259741 -1.64971e-30 -0.00129879)
(0.259742 0 -0.00129878)
(0.259742 -1.31917e-30 -0.00129877)
(0.259742 -6.3351e-31 -0.00129877)
(0.259743 0 -0.00129876)
(0.259743 -9.11731e-31 -0.00129875)
(0.259743 0 -0.00129875)
(0.259743 -4.94386e-31 -0.00129875)
(0.259744 0 -0.00129874)
(0.259744 0 -0.00129874)
(0.259744 0 -0.00129874)
(0.259744 0 -0.00129873)
(0.259744 0 -0.00129873)
(0.259744 0 -0.00129873)
(0.259744 0 -0.00129873)
(0.259744 0 -0.00129873)
(0.259744 0 -0.00129873)
(0.259744 0 -0.00129873)
(0.259744 0 -0.00129873)
(0.259744 0 -0.00129873)
(0.259744 0 -0.00129873)
(0.259744 0 -0.00129873)
(0.259744 0 -0.00129873)
(0.259744 0 -0.00129873)
(0.259744 0 -0.00129872)
(0.259744 0 -0.00129872)
(0.259745 0 -0.00129872)
(0.259745 0 -0.00129872)
(0.259745 0 -0.00129872)
(0.259745 6.82302e-33 -0.00129872)
(0.259745 0 -0.00129872)
(0.259745 0 -0.00129872)
(0.259745 0 -0.00129872)
(0.259745 0 -0.00129872)
(0.259745 0 -0.00129872)
(0.259745 0 -0.00129872)
(0.259745 0 -0.00129872)
(0.259745 0 -0.00129872)
(0.259745 0 -0.00129872)
(0.259745 0 -0.00129872)
(0.259745 0 -0.00129872)
(0.259745 0 -0.00129872)
(0.259745 0 -0.00129872)
(0.259745 0 -0.00129872)
(0.259745 5.47732e-34 -0.00129872)
(0.259745 0 -0.00129872)
(0.259745 0 -0.00129872)
(0.259745 0 -0.00129872)
(0.259745 0 -0.00129872)
(0.259745 0 -0.00129872)
(0.259745 0 -0.00129872)
(0.259745 0 -0.00129872)
(0.259745 0 -0.00129872)
(0.259745 0 -0.00129872)
(0.259745 0 -0.00129872)
(0.259745 0 -0.00129872)
(0.259745 0 -0.00129872)
(0.259745 0 -0.00129872)
(0.259745 0 -0.00129872)
(0.259745 -2.18358e-34 -0.00129872)
(0.259745 -1.56389e-34 -0.00129872)
(0.259745 0 -0.00129872)
(0.259745 0 -0.00129872)
(0.259745 0 -0.00129872)
(0.259745 0 -0.00129872)
(0.259745 0 -0.00129872)
(0.259745 0 -0.00129872)
(0.259745 0 -0.00129872)
(0.259745 0 -0.00129872)
(0.259745 0 -0.00129872)
(0.259745 0 -0.00129872)
(0.259745 0 -0.00129872)
(0.259745 0 -0.00129872)
(0.259745 0 -0.00129872)
(0.259745 0 -0.00129872)
(0.259745 3.66493e-34 -0.00129872)
(0.259745 1.49382e-34 -0.00129872)
(0.259745 0 -0.00129872)
(0.259745 0 -0.00129872)
(0.259745 0 -0.00129872)
(0.259745 0 -0.00129872)
(0.259745 0 -0.00129872)
(0.259745 0 -0.00129872)
(0.259745 0 -0.00129872)
(0.259745 0 -0.00129872)
(0.259745 0 -0.00129872)
(0.259745 0 -0.00129872)
(0.259745 0 -0.00129872)
(0.259745 0 -0.00129872)
(0.259745 0 -0.00129872)
(0.259745 0 -0.00129872)
(0.259745 -2.57912e-35 -0.00129872)
(0.259745 0 -0.00129872)
(0.259745 0 -0.00129872)
(0.259745 0 -0.00129872)
(0.259745 0 -0.00129872)
(0.259745 0 -0.00129872)
(0.259745 0 -0.00129872)
(0.259745 0 -0.00129872)
(0.259745 0 -0.00129872)
(0.259745 0 -0.00129872)
(0.259745 0 -0.00129872)
(0.259745 0 -0.00129872)
(0.259745 0 -0.00129872)
(0.259745 0 -0.00129872)
(0.259745 0 -0.00129872)
(0.259745 0 -0.00129872)
(0.259745 0 -0.00129872)
(0.259745 0 -0.00129872)
(0.259745 0 -0.00129872)
(0.259745 0 -0.00129872)
(0.259745 0 -0.00129872)
(0.259745 0 -0.00129872)
(0.259745 0 -0.00129872)
(0.259745 0 -0.00129872)
(0.259745 0 -0.00129872)
(0.259745 0 -0.00129872)
(0.259745 0 -0.00129872)
(0.259745 0 -0.00129872)
(0.259745 0 -0.00129872)
(0.259745 0 -0.00129872)
(0.259745 0 -0.00129872)
(0.259745 0 -0.00129872)
(0.259745 0 -0.00129872)
(0.259745 0 -0.00129872)
(0.259745 0 -0.00129872)
(0.259745 0 -0.00129872)
(0.259745 0 -0.00129872)
(0.259745 0 -0.00129872)
(0.259745 0 -0.00129872)
(0.259745 0 -0.00129872)
(0.259745 0 -0.00129872)
(0.259745 0 -0.00129872)
(0.259745 0 -0.00129872)
(0.259745 0 -0.00129872)
(0.259745 0 -0.00129872)
(0.259745 0 -0.00129872)
(0.259745 0 -0.00129872)
(0.259745 0 -0.00129872)
(0.259745 0 -0.00129872)
(0.259745 0 -0.00129872)
(0.259745 0 -0.00129872)
(0.259745 0 -0.00129872)
(0.259745 0 -0.00129872)
(0.259745 0 -0.00129872)
(0.259745 0 -0.00129872)
(0.259745 0 -0.00129872)
(0.259745 0 -0.00129872)
(0.259745 0 -0.00129872)
(0.259745 0 -0.00129872)
(0.259745 0 -0.00129872)
(0.259745 0 -0.00129872)
(0.259745 0 -0.00129872)
(0.259745 0 -0.00129872)
(0.259745 0 -0.00129872)
(0.259745 0 -0.00129872)
(0.259745 0 -0.00129872)
(0.259745 0 -0.00129872)
(0.259745 0 -0.00129872)
(0.259745 0 -0.00129872)
(0.259745 0 -0.00129872)
(0.259745 0 -0.00129872)
(0.259745 0 -0.00129872)
(0.259745 0 -0.00129872)
(0.259745 0 -0.00129872)
(0.259745 0 -0.00129872)
(0.259745 0 -0.00129872)
(0.259745 0 -0.00129872)
(0.259745 0 -0.00129872)
(0.259745 0 -0.00129872)
(0.259745 0 -0.00129872)
(0.259745 0 -0.00129872)
(0.259745 0 -0.00129872)
(0.259745 0 -0.00129872)
(0.259745 0 -0.00129872)
(0.259745 0 -0.00129872)
(0.259745 0 -0.00129872)
(0.259745 0 -0.00129872)
(0.259745 0 -0.00129872)
(0.259745 0 -0.00129872)
(0.259745 0 -0.00129872)
(0.259745 0 -0.00129872)
(0.259745 0 -0.00129872)
(0.259745 0 -0.00129872)
(0.259745 0 -0.00129872)
(0.259745 0 -0.00129872)
(0.259745 0 -0.00129872)
(0.259745 0 -0.00129872)
(0.259745 0 -0.00129872)
(0.259745 0 -0.00129872)
(0.259745 0 -0.00129872)
(0.259745 0 -0.00129872)
(0.259745 0 -0.00129872)
(0.259745 -1.90572e-37 -0.00129872)
(0.259745 0 -0.00129872)
(0.259745 0 -0.00129872)
(0.259745 0 -0.00129872)
(0.259745 0 -0.00129872)
(0.259745 0 -0.00129872)
(0.259745 0 -0.00129872)
(0.259745 0 -0.00129872)
(0.259745 0 -0.00129872)
(0.259745 0 -0.00129872)
(0.259745 0 -0.00129872)
(0.259745 0 -0.00129872)
(0.259745 0 -0.00129872)
(0.259745 0 -0.00129872)
(0.259745 0 -0.00129872)
(0.259745 1.09722e-36 -0.00129872)
(0.259745 0 -0.00129872)
(0.259745 0 -0.00129872)
(0.259745 0 -0.00129872)
(0.259745 0 -0.00129872)
(0.259745 0 -0.00129872)
(0.259745 0 -0.00129872)
(0.259745 0 -0.00129872)
(0.259745 0 -0.00129872)
(0.259745 0 -0.00129872)
(0.259745 0 -0.00129872)
(0.259745 0 -0.00129872)
(0.259745 0 -0.00129872)
(0.259745 0 -0.00129872)
(0.259745 0 -0.00129872)
(0.259745 0 -0.00129872)
(0.259745 0 -0.00129873)
(0.259745 0 -0.00129876)
(0.259745 0 -0.00129898)
(0.259743 0 -0.00129874)
(0.259745 0 -0.00129395)
(0.274365 0 0.00255567)
(0.28751 2.00157e-26 0.00193833)
(0.293814 3.17355e-26 0.00132583)
(0.298235 0 0.000445495)
(0.29794 4.37135e-26 -2.81795e-05)
(0.296346 3.59559e-26 -0.000407913)
(0.293036 2.46202e-26 -0.000708359)
(0.289521 0 -0.000923819)
(0.286391 1.96949e-26 -0.00106537)
(0.283801 0 -0.00117986)
(0.28174 0 -0.00126169)
(0.280037 -1.48263e-26 -0.00131259)
(0.278785 0 -0.00136655)
(0.277918 -1.27572e-26 -0.00140636)
(0.277428 0 -0.0014405)
(0.277187 4.53239e-27 -0.00147639)
(0.277228 -8.26412e-27 -0.00150048)
(0.277402 -3.65093e-27 -0.00152114)
(0.277775 -6.83905e-27 -0.00154246)
(0.278257 2.97078e-27 -0.00155786)
(0.27881 0 -0.00156878)
(0.279405 0 -0.00157571)
(0.279941 0 -0.00157878)
(0.280469 9.39661e-28 -0.00157729)
(0.280968 0 -0.00156718)
(0.281419 0 -0.00155508)
(0.281826 0 -0.00154199)
(0.282188 1.26898e-28 -0.00152857)
(0.282504 0 -0.00151567)
(0.282783 0 -0.00150479)
(0.283028 -3.23243e-30 -0.00149428)
(0.283241 0 -0.00148392)
(0.28342 0 -0.00147352)
(0.283566 0 -0.00146436)
(0.283689 -1.70665e-29 -0.00145774)
(0.283794 0 -0.00145249)
(0.283886 0 -0.00144808)
(0.283964 3.64368e-30 -0.00144434)
(0.284031 -3.16969e-30 -0.00144114)
(0.284088 0 -0.00143839)
(0.284137 2.57853e-30 -0.00143604)
(0.284179 -8.07525e-43 -0.00143402)
(0.284215 -2.09935e-30 -0.00143228)
(0.284246 -8.08603e-43 -0.0014308)
(0.284272 -3.2696e-30 -0.00142953)
(0.284294 1.29177e-30 -0.00142845)
(0.284313 -8.09688e-43 -0.00142752)
(0.284329 0 -0.00142673)
(0.284343 -6.40433e-31 -0.00142606)
(0.284355 4.35652e-31 -0.00142548)
(0.284365 3.09814e-31 -0.00142499)
(0.284374 -2.31064e-31 -0.00142458)
(0.284381 3.90504e-31 -0.00142422)
(0.284388 -8.39809e-32 -0.00142391)
(0.284393 5.47938e-34 -0.00142366)
(0.284398 7.24565e-33 -0.00142343)
(0.284402 -8.11081e-43 -0.00142325)
(0.284405 0 -0.00142308)
(0.284408 -8.11178e-43 -0.00142295)
(0.28441 0 -0.00142283)
(0.284412 0 -0.00142273)
(0.284414 -8.11276e-43 -0.00142264)
(0.284416 1.20254e-31 -0.00142257)
(0.284417 1.32345e-31 -0.00142251)
(0.284418 -4.16792e-32 -0.00142245)
(0.284419 -2.92371e-33 -0.0014224)
(0.28442 2.33624e-32 -0.00142236)
(0.284421 -5.61251e-32 -0.00142233)
(0.284421 2.61185e-32 -0.0014223)
(0.284422 0 -0.00142227)
(0.284422 9.71365e-32 -0.00142225)
(0.284423 2.34677e-31 -0.00142224)
(0.284423 0 -0.00142222)
(0.284423 7.53958e-32 -0.00142221)
(0.284424 -3.04724e-32 -0.00142219)
(0.284424 0 -0.00142218)
(0.284424 -1.52035e-31 -0.00142217)
(0.284424 -4.1848e-32 -0.00142217)
(0.284424 5.67956e-32 -0.00142216)
(0.284424 0 -0.00142216)
(0.284424 0 -0.00142215)
(0.284425 -5.30352e-32 -0.00142215)
(0.284425 0 -0.00142214)
(0.284425 0 -0.00142214)
(0.284425 0 -0.00142214)
(0.284425 6.35925e-32 -0.00142214)
(0.284425 0 -0.00142214)
(0.284425 0 -0.00142213)
(0.284425 0 -0.00142213)
(0.284425 -4.5246e-32 -0.00142213)
(0.284425 0 -0.00142213)
(0.284425 0 -0.00142213)
(0.284425 0 -0.00142213)
(0.284425 0 -0.00142213)
(0.284425 0 -0.00142213)
(0.284425 0 -0.00142213)
(0.284425 0 -0.00142213)
(0.284425 0 -0.00142213)
(0.284425 0 -0.00142213)
(0.284425 0 -0.00142213)
(0.284425 0 -0.00142213)
(0.284425 0 -0.00142213)
(0.284425 0 -0.00142213)
(0.284425 0 -0.00142213)
(0.284425 0 -0.00142213)
(0.284425 0 -0.00142213)
(0.284425 0 -0.00142213)
(0.284425 0 -0.00142213)
(0.284425 0 -0.00142213)
(0.284425 0 -0.00142213)
(0.284425 0 -0.00142213)
(0.284425 0 -0.00142213)
(0.284425 0 -0.00142213)
(0.284425 0 -0.00142213)
(0.284425 0 -0.00142213)
(0.284425 3.71715e-34 -0.00142213)
(0.284425 0 -0.00142213)
(0.284425 0 -0.00142213)
(0.284425 0 -0.00142213)
(0.284425 0 -0.00142213)
(0.284425 0 -0.00142213)
(0.284425 0 -0.00142213)
(0.284425 0 -0.00142213)
(0.284425 0 -0.00142213)
(0.284425 0 -0.00142213)
(0.284425 0 -0.00142213)
(0.284425 0 -0.00142213)
(0.284425 0 -0.00142213)
(0.284425 0 -0.00142213)
(0.284425 0 -0.00142213)
(0.284425 -3.31347e-34 -0.00142213)
(0.284425 0 -0.00142213)
(0.284425 0 -0.00142213)
(0.284425 0 -0.00142213)
(0.284425 0 -0.00142213)
(0.284425 0 -0.00142213)
(0.284425 0 -0.00142213)
(0.284425 0 -0.00142213)
(0.284425 0 -0.00142213)
(0.284425 0 -0.00142213)
(0.284425 0 -0.00142213)
(0.284425 0 -0.00142213)
(0.284425 0 -0.00142213)
(0.284425 0 -0.00142213)
(0.284425 0 -0.00142213)
(0.284425 4.4692e-34 -0.00142213)
(0.284425 3.5733e-34 -0.00142213)
(0.284425 0 -0.00142213)
(0.284425 0 -0.00142213)
(0.284425 0 -0.00142213)
(0.284425 0 -0.00142213)
(0.284425 0 -0.00142213)
(0.284425 0 -0.00142213)
(0.284425 0 -0.00142213)
(0.284425 0 -0.00142213)
(0.284425 0 -0.00142213)
(0.284425 0 -0.00142213)
(0.284425 0 -0.00142213)
(0.284425 0 -0.00142213)
(0.284425 0 -0.00142213)
(0.284425 0 -0.00142213)
(0.284425 0 -0.00142213)
(0.284425 -3.61972e-35 -0.00142213)
(0.284425 0 -0.00142213)
(0.284425 0 -0.00142213)
(0.284425 0 -0.00142213)
(0.284425 0 -0.00142213)
(0.284425 0 -0.00142213)
(0.284425 0 -0.00142213)
(0.284425 0 -0.00142213)
(0.284425 0 -0.00142213)
(0.284425 0 -0.00142213)
(0.284425 0 -0.00142213)
(0.284425 0 -0.00142213)
(0.284425 0 -0.00142213)
(0.284425 0 -0.00142213)
(0.284425 0 -0.00142213)
(0.284425 -2.30861e-34 -0.00142213)
(0.284425 0 -0.00142213)
(0.284425 0 -0.00142213)
(0.284425 0 -0.00142213)
(0.284425 0 -0.00142213)
(0.284425 0 -0.00142213)
(0.284425 0 -0.00142213)
(0.284425 0 -0.00142213)
(0.284425 0 -0.00142213)
(0.284425 0 -0.00142213)
(0.284425 0 -0.00142213)
(0.284425 0 -0.00142213)
(0.284425 0 -0.00142213)
(0.284425 0 -0.00142213)
(0.284425 0 -0.00142213)
(0.284425 0 -0.00142213)
(0.284425 0 -0.00142213)
(0.284425 0 -0.00142213)
(0.284425 0 -0.00142213)
(0.284425 0 -0.00142213)
(0.284425 0 -0.00142213)
(0.284425 0 -0.00142213)
(0.284425 0 -0.00142213)
(0.284425 0 -0.00142213)
(0.284425 0 -0.00142213)
(0.284425 0 -0.00142213)
(0.284425 0 -0.00142213)
(0.284425 0 -0.00142213)
(0.284425 0 -0.00142213)
(0.284425 0 -0.00142213)
(0.284425 0 -0.00142213)
(0.284425 0 -0.00142213)
(0.284425 0 -0.00142213)
(0.284425 0 -0.00142213)
(0.284425 0 -0.00142213)
(0.284425 0 -0.00142213)
(0.284425 0 -0.00142213)
(0.284425 0 -0.00142213)
(0.284425 0 -0.00142213)
(0.284425 0 -0.00142213)
(0.284425 0 -0.00142213)
(0.284425 0 -0.00142213)
(0.284425 0 -0.00142213)
(0.284425 0 -0.00142213)
(0.284425 0 -0.00142213)
(0.284425 0 -0.00142213)
(0.284425 0 -0.00142213)
(0.284425 0 -0.00142213)
(0.284425 0 -0.00142213)
(0.284425 0 -0.00142213)
(0.284425 0 -0.00142213)
(0.284425 0 -0.00142213)
(0.284425 0 -0.00142213)
(0.284425 0 -0.00142213)
(0.284425 0 -0.00142213)
(0.284425 0 -0.00142213)
(0.284425 0 -0.00142213)
(0.284425 0 -0.00142213)
(0.284425 0 -0.00142213)
(0.284425 0 -0.00142213)
(0.284425 0 -0.00142213)
(0.284425 0 -0.00142213)
(0.284425 0 -0.00142213)
(0.284425 0 -0.00142213)
(0.284425 0 -0.00142213)
(0.284425 0 -0.00142213)
(0.284425 0 -0.00142213)
(0.284425 0 -0.00142213)
(0.284425 0 -0.00142213)
(0.284425 0 -0.00142213)
(0.284425 0 -0.00142213)
(0.284425 0 -0.00142213)
(0.284425 0 -0.00142213)
(0.284425 0 -0.00142213)
(0.284425 0 -0.00142213)
(0.284425 0 -0.00142213)
(0.284425 0 -0.00142213)
(0.284425 0 -0.00142213)
(0.284425 0 -0.00142213)
(0.284425 0 -0.00142213)
(0.284425 0 -0.00142213)
(0.284425 0 -0.00142213)
(0.284425 0 -0.00142213)
(0.284425 0 -0.00142213)
(0.284425 0 -0.00142213)
(0.284425 0 -0.00142213)
(0.284425 0 -0.00142213)
(0.284425 0 -0.00142213)
(0.284425 0 -0.00142213)
(0.284425 0 -0.00142213)
(0.284425 0 -0.00142213)
(0.284425 0 -0.00142213)
(0.284425 0 -0.00142213)
(0.284425 0 -0.00142213)
(0.284425 0 -0.00142213)
(0.284425 0 -0.00142213)
(0.284425 0 -0.00142213)
(0.284425 0 -0.00142213)
(0.284425 0 -0.00142213)
(0.284425 0 -0.00142213)
(0.284425 0 -0.00142213)
(0.284425 0 -0.00142213)
(0.284425 6.76053e-37 -0.00142213)
(0.284425 0 -0.00142213)
(0.284425 0 -0.00142213)
(0.284425 0 -0.00142213)
(0.284425 0 -0.00142213)
(0.284425 0 -0.00142213)
(0.284425 0 -0.00142213)
(0.284425 0 -0.00142213)
(0.284425 0 -0.00142213)
(0.284425 0 -0.00142213)
(0.284425 0 -0.00142213)
(0.284425 0 -0.00142213)
(0.284425 0 -0.00142213)
(0.284425 0 -0.00142213)
(0.284425 0 -0.00142213)
(0.284425 -1.03693e-32 -0.00142213)
(0.284425 0 -0.00142213)
(0.284425 0 -0.00142216)
(0.284425 0 -0.00142233)
(0.284424 0 -0.00142214)
(0.284425 0 -0.00142197)
(0.27449 0 0.00172869)
(0.287832 -2.58677e-27 0.00114682)
(0.295843 0 0.000690928)
(0.302971 0 0.000236376)
(0.30704 2.70899e-26 -0.000232404)
(0.30969 1.79167e-26 -0.000508792)
(0.310452 5.41984e-27 -0.000704199)
(0.310082 0 -0.000829351)
(0.309037 1.32936e-26 -0.000961681)
(0.30737 7.02526e-27 -0.00110803)
(0.305611 0 -0.0012187)
(0.303978 -1.33173e-26 -0.00131013)
(0.302609 0 -0.00139257)
(0.301499 -1.30224e-26 -0.00145599)
(0.300606 0 -0.00151079)
(0.299927 0 -0.00156275)
(0.299578 -1.17679e-26 -0.0016065)
(0.29939 -4.81616e-27 -0.00164371)
(0.299405 -9.81166e-27 -0.00167011)
(0.29949 0 -0.00168999)
(0.299649 0 -0.0017012)
(0.299779 0 -0.00170553)
(0.299943 0 -0.00170799)
(0.300121 0 -0.00170414)
(0.300288 0 -0.00168997)
(0.300423 0 -0.00167351)
(0.300539 0 -0.00165619)
(0.300631 0 -0.00163868)
(0.300705 0 -0.00162216)
(0.300768 0 -0.00160827)
(0.300821 5.36551e-28 -0.00159494)
(0.300864 0 -0.00158187)
(0.300895 0 -0.00156888)
(0.300917 0 -0.00155763)
(0.300935 2.7955e-28 -0.00154953)
(0.300952 0 -0.00154309)
(0.300968 0 -0.00153764)
(0.300981 0 -0.00153298)
(0.300992 1.57664e-28 -0.00152898)
(0.301002 0 -0.00152555)
(0.30101 0 -0.00152261)
(0.301016 1.98472e-28 -0.00152009)
(0.301022 8.4958e-29 -0.00151793)
(0.301027 1.45423e-28 -0.00151608)
(0.301031 0 -0.0015145)
(0.301034 5.32585e-29 -0.00151314)
(0.301037 9.13991e-29 -0.00151199)
(0.30104 0 -0.00151101)
(0.301042 6.711e-29 -0.00151017)
(0.301044 2.87806e-29 -0.00150946)
(0.301045 0 -0.00150885)
(0.301046 4.22957e-29 -0.00150833)
(0.301047 -1.81006e-29 -0.00150788)
(0.301048 1.55504e-29 -0.0015075)
(0.301049 -1.33804e-29 -0.00150718)
(0.30105 -1.14672e-29 -0.0015069)
(0.301051 -7.72647e-43 -0.00150667)
(0.301051 8.4573e-30 -0.00150647)
(0.301051 -7.727e-43 -0.00150629)
(0.301052 0 -0.00150615)
(0.301052 0 -0.00150602)
(0.301052 -7.72753e-43 -0.00150591)
(0.301053 0 -0.00150582)
(0.301053 3.39605e-30 -0.00150574)
(0.301053 -2.86619e-30 -0.00150567)
(0.301053 -2.46308e-30 -0.00150562)
(0.301053 2.10656e-30 -0.00150557)
(0.301053 -3.60815e-30 -0.00150552)
(0.301053 1.5489e-30 -0.00150549)
(0.301054 -1.31175e-30 -0.00150546)
(0.301054 -1.19448e-30 -0.00150543)
(0.301054 -7.72742e-43 -0.00150541)
(0.301054 0 -0.00150539)
(0.301054 -7.30524e-43 -0.00150537)
(0.301054 0 -0.00150536)
(0.301054 0 -0.00150534)
(0.301054 -6.69632e-43 -0.00150533)
(0.301054 2.57019e-31 -0.00150532)
(0.301054 2.45768e-31 -0.00150531)
(0.301054 -3.00354e-31 -0.00150531)
(0.301054 -2.34752e-31 -0.0015053)
(0.301054 1.87498e-42 -0.0015053)
(0.301054 -1.78375e-31 -0.00150529)
(0.301054 0 -0.00150529)
(0.301054 0 -0.00150529)
(0.301054 1.49805e-31 -0.00150529)
(0.301054 0 -0.00150528)
(0.301054 0 -0.00150528)
(0.301054 0 -0.00150528)
(0.301054 4.18373e-32 -0.00150528)
(0.301054 0 -0.00150528)
(0.301054 0 -0.00150528)
(0.301054 6.12288e-32 -0.00150528)
(0.301054 0 -0.00150528)
(0.301054 0 -0.00150527)
(0.301054 0 -0.00150527)
(0.301054 1.49039e-32 -0.00150527)
(0.301054 0 -0.00150527)
(0.301054 0 -0.00150527)
(0.301054 0 -0.00150527)
(0.301054 6.45384e-32 -0.00150527)
(0.301054 0 -0.00150527)
(0.301054 0 -0.00150527)
(0.301054 0 -0.00150527)
(0.301054 -1.63138e-32 -0.00150527)
(0.301054 0 -0.00150527)
(0.301054 0 -0.00150527)
(0.301054 0 -0.00150527)
(0.301054 0 -0.00150527)
(0.301054 0 -0.00150527)
(0.301054 0 -0.00150527)
(0.301054 0 -0.00150527)
(0.301054 0 -0.00150527)
(0.301054 0 -0.00150527)
(0.301054 0 -0.00150527)
(0.301054 0 -0.00150527)
(0.301054 0 -0.00150527)
(0.301054 0 -0.00150527)
(0.301054 0 -0.00150527)
(0.301054 0 -0.00150527)
(0.301054 0 -0.00150527)
(0.301054 0 -0.00150527)
(0.301054 0 -0.00150527)
(0.301054 0 -0.00150527)
(0.301054 0 -0.00150527)
(0.301054 0 -0.00150527)
(0.301054 0 -0.00150527)
(0.301054 0 -0.00150527)
(0.301054 0 -0.00150527)
(0.301054 0 -0.00150527)
(0.301054 -4.51827e-35 -0.00150527)
(0.301054 0 -0.00150527)
(0.301054 0 -0.00150527)
(0.301054 0 -0.00150527)
(0.301054 0 -0.00150527)
(0.301054 0 -0.00150527)
(0.301054 0 -0.00150527)
(0.301054 0 -0.00150527)
(0.301054 0 -0.00150527)
(0.301054 0 -0.00150527)
(0.301054 0 -0.00150527)
(0.301054 0 -0.00150527)
(0.301054 0 -0.00150527)
(0.301054 0 -0.00150527)
(0.301054 0 -0.00150527)
(0.301054 1.54057e-34 -0.00150527)
(0.301054 0 -0.00150527)
(0.301054 0 -0.00150527)
(0.301054 0 -0.00150527)
(0.301054 0 -0.00150527)
(0.301054 0 -0.00150527)
(0.301054 0 -0.00150527)
(0.301054 0 -0.00150527)
(0.301054 0 -0.00150527)
(0.301054 0 -0.00150527)
(0.301054 0 -0.00150527)
(0.301054 0 -0.00150527)
(0.301054 0 -0.00150527)
(0.301054 0 -0.00150527)
(0.301054 0 -0.00150527)
(0.301054 -1.53756e-35 -0.00150527)
(0.301054 0 -0.00150527)
(0.301054 0 -0.00150527)
(0.301054 0 -0.00150527)
(0.301054 0 -0.00150527)
(0.301054 0 -0.00150527)
(0.301054 0 -0.00150527)
(0.301054 0 -0.00150527)
(0.301054 0 -0.00150527)
(0.301054 0 -0.00150527)
(0.301054 0 -0.00150527)
(0.301054 0 -0.00150527)
(0.301054 0 -0.00150527)
(0.301054 0 -0.00150527)
(0.301054 0 -0.00150527)
(0.301054 0 -0.00150527)
(0.301054 0 -0.00150527)
(0.301054 -1.52014e-34 -0.00150527)
(0.301054 0 -0.00150527)
(0.301054 0 -0.00150527)
(0.301054 0 -0.00150527)
(0.301054 0 -0.00150527)
(0.301054 0 -0.00150527)
(0.301054 0 -0.00150527)
(0.301054 0 -0.00150527)
(0.301054 0 -0.00150527)
(0.301054 0 -0.00150527)
(0.301054 0 -0.00150527)
(0.301054 0 -0.00150527)
(0.301054 0 -0.00150527)
(0.301054 0 -0.00150527)
(0.301054 0 -0.00150527)
(0.301054 -4.36366e-35 -0.00150527)
(0.301054 0 -0.00150527)
(0.301054 0 -0.00150527)
(0.301054 0 -0.00150527)
(0.301054 0 -0.00150527)
(0.301054 0 -0.00150527)
(0.301054 0 -0.00150527)
(0.301054 0 -0.00150527)
(0.301054 0 -0.00150527)
(0.301054 0 -0.00150527)
(0.301054 0 -0.00150527)
(0.301054 0 -0.00150527)
(0.301054 0 -0.00150527)
(0.301054 0 -0.00150527)
(0.301054 0 -0.00150527)
(0.301054 0 -0.00150527)
(0.301054 0 -0.00150527)
(0.301054 0 -0.00150527)
(0.301054 0 -0.00150527)
(0.301054 0 -0.00150527)
(0.301054 0 -0.00150527)
(0.301054 0 -0.00150527)
(0.301054 0 -0.00150527)
(0.301054 0 -0.00150527)
(0.301054 0 -0.00150527)
(0.301054 0 -0.00150527)
(0.301054 0 -0.00150527)
(0.301054 0 -0.00150527)
(0.301054 0 -0.00150527)
(0.301054 0 -0.00150527)
(0.301054 0 -0.00150527)
(0.301054 0 -0.00150527)
(0.301054 0 -0.00150527)
(0.301054 0 -0.00150527)
(0.301054 0 -0.00150527)
(0.301054 0 -0.00150527)
(0.301054 0 -0.00150527)
(0.301054 0 -0.00150527)
(0.301054 0 -0.00150527)
(0.301054 0 -0.00150527)
(0.301054 0 -0.00150527)
(0.301054 0 -0.00150527)
(0.301054 0 -0.00150527)
(0.301054 0 -0.00150527)
(0.301054 0 -0.00150527)
(0.301054 0 -0.00150527)
(0.301054 0 -0.00150527)
(0.301054 0 -0.00150527)
(0.301054 0 -0.00150527)
(0.301054 0 -0.00150527)
(0.301054 0 -0.00150527)
(0.301054 0 -0.00150527)
(0.301054 0 -0.00150527)
(0.301054 0 -0.00150527)
(0.301054 0 -0.00150527)
(0.301054 0 -0.00150527)
(0.301054 0 -0.00150527)
(0.301054 0 -0.00150527)
(0.301054 0 -0.00150527)
(0.301054 0 -0.00150527)
(0.301054 0 -0.00150527)
(0.301054 0 -0.00150527)
(0.301054 0 -0.00150527)
(0.301054 0 -0.00150527)
(0.301054 0 -0.00150527)
(0.301054 0 -0.00150527)
(0.301054 0 -0.00150527)
(0.301054 0 -0.00150527)
(0.301054 0 -0.00150527)
(0.301054 0 -0.00150527)
(0.301054 0 -0.00150527)
(0.301054 0 -0.00150527)
(0.301054 0 -0.00150527)
(0.301054 0 -0.00150527)
(0.301054 0 -0.00150527)
(0.301054 0 -0.00150527)
(0.301054 0 -0.00150527)
(0.301054 0 -0.00150527)
(0.301054 0 -0.00150527)
(0.301054 0 -0.00150527)
(0.301054 0 -0.00150527)
(0.301054 0 -0.00150527)
(0.301054 0 -0.00150527)
(0.301054 0 -0.00150527)
(0.301054 0 -0.00150527)
(0.301054 0 -0.00150527)
(0.301054 0 -0.00150527)
(0.301054 0 -0.00150527)
(0.301054 0 -0.00150527)
(0.301054 0 -0.00150527)
(0.301054 0 -0.00150527)
(0.301054 0 -0.00150527)
(0.301054 0 -0.00150527)
(0.301054 0 -0.00150527)
(0.301054 0 -0.00150527)
(0.301054 0 -0.00150527)
(0.301054 0 -0.00150527)
(0.301054 0 -0.00150527)
(0.301054 0 -0.00150527)
(0.301054 0 -0.00150527)
(0.301054 0 -0.00150527)
(0.301054 0 -0.00150527)
(0.301054 -1.3963e-32 -0.00150527)
(0.301054 0 -0.00150527)
(0.301054 0 -0.0015053)
(0.301054 0 -0.00150543)
(0.301053 0 -0.00150527)
(0.301055 0 -0.00150486)
(0.274487 0 0.000862167)
(0.287836 0 0.0004326)
(0.296202 0 5.05645e-05)
(0.303715 0 -0.000309566)
(0.309002 -1.59235e-27 -0.000592042)
(0.313155 -3.63513e-27 -0.00076842)
(0.316432 -4.42683e-27 -0.000854511)
(0.318921 0 -0.000958465)
(0.320638 2.05377e-27 -0.00103895)
(0.321584 4.16963e-27 -0.00111672)
(0.321654 0 -0.00122129)
(0.321441 -8.74124e-27 -0.00129167)
(0.320936 0 -0.00138474)
(0.320194 -9.83333e-27 -0.00146785)
(0.319483 0 -0.0015337)
(0.318784 0 -0.00161146)
(0.318245 -1.14808e-26 -0.00166665)
(0.317717 0 -0.00170809)
(0.317266 -1.14179e-26 -0.00174398)
(0.316795 0 -0.0017654)
(0.316358 0 -0.00177651)
(0.315896 0 -0.00178043)
(0.31555 0 -0.00178311)
(0.315229 0 -0.00177756)
(0.31492 0 -0.00175969)
(0.314609 0 -0.00173992)
(0.314317 0 -0.00171988)
(0.314041 0 -0.00170017)
(0.313791 0 -0.00168218)
(0.313569 0 -0.00166722)
(0.31337 0 -0.00165297)
(0.313195 0 -0.00163904)
(0.313039 0 -0.00162534)
(0.312907 0 -0.00161384)
(0.312797 0 -0.00160579)
(0.312706 0 -0.00159935)
(0.312628 0 -0.00159382)
(0.312561 0 -0.00158906)
(0.312504 0 -0.00158497)
(0.312455 0 -0.00158146)
(0.312412 0 -0.00157845)
(0.312376 3.0756e-28 -0.00157587)
(0.312345 0 -0.00157367)
(0.312319 2.25434e-28 -0.00157179)
(0.312296 0 -0.00157018)
(0.312277 8.25671e-29 -0.00156881)
(0.312261 1.41497e-28 -0.00156764)
(0.312246 0 -0.00156664)
(0.312234 1.0377e-28 -0.00156579)
(0.312224 4.44496e-29 -0.00156507)
(0.312215 0 -0.00156445)
(0.312208 6.51812e-29 -0.00156392)
(0.312201 0 -0.00156347)
(0.312196 4.78232e-29 -0.00156308)
(0.312191 0 -0.00156275)
(0.312187 0 -0.00156247)
(0.312184 3.01259e-29 -0.00156223)
(0.312181 1.28822e-29 -0.00156203)
(0.312178 2.20987e-29 -0.00156185)
(0.312176 0 -0.0015617)
(0.312174 8.14305e-30 -0.00156158)
(0.312173 1.39563e-29 -0.00156147)
(0.312171 0 -0.00156137)
(0.31217 1.0246e-29 -0.00156129)
(0.312169 4.37692e-30 -0.00156123)
(0.312168 0 -0.00156117)
(0.312168 6.42427e-30 -0.00156112)
(0.312167 -2.73319e-30 -0.00156107)
(0.312166 2.35617e-30 -0.00156104)
(0.312166 -2.02228e-30 -0.001561)
(0.312166 -1.76628e-30 -0.00156098)
(0.312165 -7.45682e-43 -0.00156096)
(0.312165 1.33748e-30 -0.00156094)
(0.312165 -7.45682e-43 -0.00156092)
(0.312164 0 -0.0015609)
(0.312164 0 -0.00156089)
(0.312164 -7.45683e-43 -0.00156088)
(0.312164 0 -0.00156087)
(0.312164 4.71163e-31 -0.00156086)
(0.312164 -4.63781e-31 -0.00156086)
(0.312164 -3.94151e-31 -0.00156085)
(0.312164 -3.29237e-31 -0.00156085)
(0.312164 -5.95204e-31 -0.00156084)
(0.312164 -2.15573e-31 -0.00156084)
(0.312163 -1.93064e-31 -0.00156083)
(0.312163 -1.91179e-31 -0.00156083)
(0.312163 0 -0.00156083)
(0.312163 0 -0.00156083)
(0.312163 0 -0.00156083)
(0.312163 0 -0.00156082)
(0.312163 0 -0.00156082)
(0.312163 0 -0.00156082)
(0.312163 6.55935e-32 -0.00156082)
(0.312163 -4.31979e-32 -0.00156082)
(0.312163 -3.09594e-32 -0.00156082)
(0.312163 -2.4128e-32 -0.00156082)
(0.312163 1.80899e-42 -0.00156082)
(0.312163 -3.78062e-32 -0.00156082)
(0.312163 0 -0.00156082)
(0.312163 0 -0.00156082)
(0.312163 6.2638e-32 -0.00156082)
(0.312163 0 -0.00156082)
(0.312163 0 -0.00156082)
(0.312163 0 -0.00156082)
(0.312163 -6.07605e-33 -0.00156082)
(0.312163 0 -0.00156082)
(0.312163 0 -0.00156082)
(0.312163 -1.39012e-33 -0.00156082)
(0.312163 0 -0.00156082)
(0.312163 0 -0.00156082)
(0.312163 0 -0.00156082)
(0.312163 -2.12484e-33 -0.00156082)
(0.312163 0 -0.00156082)
(0.312163 0 -0.00156082)
(0.312163 0 -0.00156082)
(0.312163 1.32164e-33 -0.00156082)
(0.312163 0 -0.00156082)
(0.312163 0 -0.00156082)
(0.312163 0 -0.00156082)
(0.312163 -8.30701e-34 -0.00156082)
(0.312163 0 -0.00156082)
(0.312163 0 -0.00156082)
(0.312163 0 -0.00156082)
(0.312163 0 -0.00156082)
(0.312163 0 -0.00156082)
(0.312163 0 -0.00156082)
(0.312163 0 -0.00156082)
(0.312163 0 -0.00156082)
(0.312163 0 -0.00156082)
(0.312163 0 -0.00156082)
(0.312163 0 -0.00156082)
(0.312163 0 -0.00156082)
(0.312163 0 -0.00156082)
(0.312163 0 -0.00156082)
(0.312163 0 -0.00156082)
(0.312163 0 -0.00156082)
(0.312163 0 -0.00156082)
(0.312163 0 -0.00156082)
(0.312163 0 -0.00156082)
(0.312163 0 -0.00156082)
(0.312163 0 -0.00156082)
(0.312163 0 -0.00156082)
(0.312163 0 -0.00156082)
(0.312163 0 -0.00156082)
(0.312163 0 -0.00156082)
(0.312163 -6.22577e-34 -0.00156082)
(0.312163 0 -0.00156082)
(0.312163 0 -0.00156082)
(0.312163 0 -0.00156082)
(0.312163 0 -0.00156082)
(0.312163 0 -0.00156082)
(0.312163 0 -0.00156082)
(0.312163 0 -0.00156082)
(0.312163 0 -0.00156082)
(0.312163 0 -0.00156082)
(0.312163 0 -0.00156082)
(0.312163 0 -0.00156082)
(0.312163 0 -0.00156082)
(0.312163 0 -0.00156082)
(0.312163 0 -0.00156082)
(0.312163 -2.34674e-35 -0.00156082)
(0.312163 0 -0.00156082)
(0.312163 0 -0.00156082)
(0.312163 0 -0.00156082)
(0.312163 0 -0.00156082)
(0.312163 0 -0.00156082)
(0.312163 0 -0.00156082)
(0.312163 0 -0.00156082)
(0.312163 0 -0.00156082)
(0.312163 0 -0.00156082)
(0.312163 0 -0.00156082)
(0.312163 0 -0.00156082)
(0.312163 0 -0.00156082)
(0.312163 0 -0.00156082)
(0.312163 0 -0.00156082)
(0.312163 3.56783e-35 -0.00156082)
(0.312163 0 -0.00156082)
(0.312163 0 -0.00156082)
(0.312163 0 -0.00156082)
(0.312163 0 -0.00156082)
(0.312163 0 -0.00156082)
(0.312163 0 -0.00156082)
(0.312163 0 -0.00156082)
(0.312163 0 -0.00156082)
(0.312163 0 -0.00156082)
(0.312163 0 -0.00156082)
(0.312163 0 -0.00156082)
(0.312163 0 -0.00156082)
(0.312163 0 -0.00156082)
(0.312163 0 -0.00156082)
(0.312163 0 -0.00156082)
(0.312163 0 -0.00156082)
(0.312163 2.92413e-34 -0.00156082)
(0.312163 0 -0.00156082)
(0.312163 0 -0.00156082)
(0.312163 0 -0.00156082)
(0.312163 0 -0.00156082)
(0.312163 0 -0.00156082)
(0.312163 0 -0.00156082)
(0.312163 0 -0.00156082)
(0.312163 0 -0.00156082)
(0.312163 0 -0.00156082)
(0.312163 0 -0.00156082)
(0.312163 0 -0.00156082)
(0.312163 0 -0.00156082)
(0.312163 0 -0.00156082)
(0.312163 0 -0.00156082)
(0.312163 2.73766e-33 -0.00156082)
(0.312163 0 -0.00156082)
(0.312163 0 -0.00156082)
(0.312163 0 -0.00156082)
(0.312163 0 -0.00156082)
(0.312163 0 -0.00156082)
(0.312163 0 -0.00156082)
(0.312163 0 -0.00156082)
(0.312163 0 -0.00156082)
(0.312163 0 -0.00156082)
(0.312163 0 -0.00156082)
(0.312163 0 -0.00156082)
(0.312163 0 -0.00156082)
(0.312163 0 -0.00156082)
(0.312163 0 -0.00156082)
(0.312163 0 -0.00156082)
(0.312163 0 -0.00156082)
(0.312163 0 -0.00156082)
(0.312163 0 -0.00156082)
(0.312163 0 -0.00156082)
(0.312163 0 -0.00156082)
(0.312163 0 -0.00156082)
(0.312163 0 -0.00156082)
(0.312163 0 -0.00156082)
(0.312163 0 -0.00156082)
(0.312163 0 -0.00156082)
(0.312163 0 -0.00156082)
(0.312163 0 -0.00156082)
(0.312163 0 -0.00156082)
(0.312163 0 -0.00156082)
(0.312163 0 -0.00156082)
(0.312163 0 -0.00156082)
(0.312163 0 -0.00156082)
(0.312163 0 -0.00156082)
(0.312163 0 -0.00156082)
(0.312163 0 -0.00156082)
(0.312163 0 -0.00156082)
(0.312163 0 -0.00156082)
(0.312163 0 -0.00156082)
(0.312163 0 -0.00156082)
(0.312163 0 -0.00156082)
(0.312163 0 -0.00156082)
(0.312163 0 -0.00156082)
(0.312163 0 -0.00156082)
(0.312163 0 -0.00156082)
(0.312163 0 -0.00156082)
(0.312163 0 -0.00156082)
(0.312163 0 -0.00156082)
(0.312163 0 -0.00156082)
(0.312163 0 -0.00156082)
(0.312163 0 -0.00156082)
(0.312163 0 -0.00156082)
(0.312163 0 -0.00156082)
(0.312163 0 -0.00156082)
(0.312163 0 -0.00156082)
(0.312163 0 -0.00156082)
(0.312163 0 -0.00156082)
(0.312163 0 -0.00156082)
(0.312163 0 -0.00156082)
(0.312163 0 -0.00156082)
(0.312163 0 -0.00156082)
(0.312163 0 -0.00156082)
(0.312163 0 -0.00156082)
(0.312163 0 -0.00156082)
(0.312163 0 -0.00156082)
(0.312163 0 -0.00156082)
(0.312163 0 -0.00156082)
(0.312163 0 -0.00156082)
(0.312163 0 -0.00156082)
(0.312163 0 -0.00156082)
(0.312163 0 -0.00156082)
(0.312163 0 -0.00156082)
(0.312163 0 -0.00156082)
(0.312163 0 -0.00156082)
(0.312163 0 -0.00156082)
(0.312163 0 -0.00156082)
(0.312163 0 -0.00156082)
(0.312163 0 -0.00156082)
(0.312163 0 -0.00156082)
(0.312163 0 -0.00156082)
(0.312163 0 -0.00156082)
(0.312163 0 -0.00156082)
(0.312163 0 -0.00156082)
(0.312163 0 -0.00156082)
(0.312163 0 -0.00156082)
(0.312163 0 -0.00156082)
(0.312163 0 -0.00156082)
(0.312163 0 -0.00156082)
(0.312163 0 -0.00156082)
(0.312163 0 -0.00156084)
(0.312163 0 -0.00156093)
(0.312162 0 -0.00156081)
(0.312164 0 -0.00156047)
(0.274481 0 -3.15184e-05)
(0.287845 0 -0.000296049)
(0.29632 0 -0.000565511)
(0.303846 -1.1172e-26 -0.000798182)
(0.309406 -1.38358e-26 -0.000977519)
(0.313879 -1.15177e-26 -0.00108922)
(0.317821 -8.91894e-27 -0.00115711)
(0.321303 0 -0.00120764)
(0.324459 -5.61652e-27 -0.00125134)
(0.327123 -3.57669e-27 -0.00129369)
(0.329391 0 -0.00133459)
(0.330954 -2.22643e-27 -0.00139451)
(0.332159 0 -0.0014539)
(0.332657 -4.0829e-27 -0.00150487)
(0.332882 0 -0.00157135)
(0.332773 0 -0.00163535)
(0.332455 -7.42611e-27 -0.00168732)
(0.331833 0 -0.0017301)
(0.331067 -7.25626e-27 -0.00176203)
(0.330136 0 -0.00177831)
(0.329162 0 -0.00178387)
(0.328173 0 -0.0017873)
(0.327237 0 -0.00179196)
(0.326277 0 -0.00178513)
(0.325372 0 -0.00176648)
(0.32453 0 -0.00174708)
(0.323776 0 -0.00172835)
(0.323101 0 -0.00171052)
(0.322514 0 -0.0016949)
(0.322 0 -0.00168225)
(0.321547 0 -0.00167013)
(0.321158 0 -0.00165831)
(0.320824 0 -0.00164685)
(0.320554 0 -0.00163763)
(0.320328 0 -0.0016314)
(0.320136 0 -0.00162628)
(0.319973 0 -0.00162178)
(0.319832 0 -0.00161791)
(0.319712 0 -0.00161459)
(0.31961 0 -0.00161174)
(0.319522 0 -0.0016093)
(0.319447 2.67153e-28 -0.00160721)
(0.319383 0 -0.00160543)
(0.319328 1.94739e-28 -0.0016039)
(0.319282 0 -0.0016026)
(0.319242 0 -0.00160149)
(0.319208 6.08616e-29 -0.00160055)
(0.319179 0 -0.00159974)
(0.319154 8.90731e-29 -0.00159906)
(0.319133 0 -0.00159847)
(0.319115 0 -0.00159797)
(0.319099 5.5803e-29 -0.00159754)
(0.319086 0 -0.00159718)
(0.319075 4.08954e-29 -0.00159687)
(0.319065 0 -0.0015966)
(0.319057 0 -0.00159638)
(0.31905 2.56978e-29 -0.00159618)
(0.319044 0 -0.00159602)
(0.319039 1.8824e-29 -0.00159588)
(0.319034 0 -0.00159576)
(0.319031 6.92766e-30 -0.00159565)
(0.319027 1.18635e-29 -0.00159557)
(0.319025 0 -0.00159549)
(0.319022 8.69348e-30 -0.00159543)
(0.31902 3.72196e-30 -0.00159537)
(0.319018 0 -0.00159532)
(0.319017 5.47005e-30 -0.00159528)
(0.319016 0 -0.00159525)
(0.319015 4.00439e-30 -0.00159522)
(0.319014 0 -0.00159519)
(0.319013 0 -0.00159517)
(0.319012 2.57311e-30 -0.00159515)
(0.319012 1.10542e-30 -0.00159514)
(0.319011 1.84949e-30 -0.00159512)
(0.319011 0 -0.00159511)
(0.31901 6.51166e-31 -0.0015951)
(0.31901 1.14419e-30 -0.00159509)
(0.31901 0 -0.00159508)
(0.319009 8.46755e-31 -0.00159508)
(0.319009 3.74445e-31 -0.00159507)
(0.319009 0 -0.00159507)
(0.319009 0 -0.00159506)
(0.319009 -2.42222e-31 -0.00159506)
(0.319009 2.18288e-42 -0.00159506)
(0.319009 -1.66337e-31 -0.00159506)
(0.319009 -1.46852e-31 -0.00159505)
(0.319008 0 -0.00159505)
(0.319008 9.0269e-32 -0.00159505)
(0.319008 0 -0.00159505)
(0.319008 0 -0.00159505)
(0.319008 0 -0.00159505)
(0.319008 0 -0.00159505)
(0.319008 0 -0.00159504)
(0.319008 -3.99981e-32 -0.00159504)
(0.319008 -3.32241e-32 -0.00159504)
(0.319008 -2.62776e-32 -0.00159504)
(0.319008 -1.89866e-32 -0.00159504)
(0.319008 -5.62723e-32 -0.00159504)
(0.319008 -4.61201e-32 -0.00159504)
(0.319008 -4.72745e-32 -0.00159504)
(0.319008 -3.49131e-32 -0.00159504)
(0.319008 0 -0.00159504)
(0.319008 0 -0.00159504)
(0.319008 0 -0.00159504)
(0.319008 -2.41203e-33 -0.00159504)
(0.319008 2.63229e-33 -0.00159504)
(0.319008 0 -0.00159504)
(0.319008 1.76544e-33 -0.00159504)
(0.319008 -4.4282e-34 -0.00159504)
(0.319008 -1.77433e-33 -0.00159504)
(0.319008 -2.79727e-33 -0.00159504)
(0.319008 1.76584e-42 -0.00159504)
(0.319008 -1.48088e-33 -0.00159504)
(0.319008 0 -0.00159504)
(0.319008 0 -0.00159504)
(0.319008 1.536e-33 -0.00159504)
(0.319008 0 -0.00159504)
(0.319008 0 -0.00159504)
(0.319008 0 -0.00159504)
(0.319008 -7.48553e-34 -0.00159504)
(0.319008 0 -0.00159504)
(0.319008 0 -0.00159504)
(0.319008 -1.73583e-33 -0.00159504)
(0.319008 0 -0.00159504)
(0.319008 0 -0.00159504)
(0.319008 0 -0.00159504)
(0.319008 1.63652e-33 -0.00159504)
(0.319008 0 -0.00159504)
(0.319008 0 -0.00159504)
(0.319008 0 -0.00159504)
(0.319008 1.44018e-34 -0.00159504)
(0.319008 0 -0.00159504)
(0.319008 0 -0.00159504)
(0.319008 0 -0.00159504)
(0.319008 1.42168e-35 -0.00159504)
(0.319008 0 -0.00159504)
(0.319008 0 -0.00159504)
(0.319008 0 -0.00159504)
(0.319008 0 -0.00159504)
(0.319008 0 -0.00159504)
(0.319008 0 -0.00159504)
(0.319008 0 -0.00159504)
(0.319008 0 -0.00159504)
(0.319008 0 -0.00159504)
(0.319008 0 -0.00159504)
(0.319008 0 -0.00159504)
(0.319008 0 -0.00159504)
(0.319008 0 -0.00159504)
(0.319008 0 -0.00159504)
(0.319008 0 -0.00159504)
(0.319008 0 -0.00159504)
(0.319008 0 -0.00159504)
(0.319008 0 -0.00159504)
(0.319008 0 -0.00159504)
(0.319008 0 -0.00159504)
(0.319008 0 -0.00159504)
(0.319008 0 -0.00159504)
(0.319008 0 -0.00159504)
(0.319008 0 -0.00159504)
(0.319008 0 -0.00159504)
(0.319008 -5.41156e-36 -0.00159504)
(0.319008 0 -0.00159504)
(0.319008 0 -0.00159504)
(0.319008 0 -0.00159504)
(0.319008 0 -0.00159504)
(0.319008 0 -0.00159504)
(0.319008 0 -0.00159504)
(0.319008 0 -0.00159504)
(0.319008 0 -0.00159504)
(0.319008 0 -0.00159504)
(0.319008 0 -0.00159504)
(0.319008 0 -0.00159504)
(0.319008 0 -0.00159504)
(0.319008 0 -0.00159504)
(0.319008 0 -0.00159504)
(0.319008 1.20316e-34 -0.00159504)
(0.319008 0 -0.00159504)
(0.319008 0 -0.00159504)
(0.319008 0 -0.00159504)
(0.319008 0 -0.00159504)
(0.319008 0 -0.00159504)
(0.319008 0 -0.00159504)
(0.319008 0 -0.00159504)
(0.319008 0 -0.00159504)
(0.319008 0 -0.00159504)
(0.319008 0 -0.00159504)
(0.319008 0 -0.00159504)
(0.319008 0 -0.00159504)
(0.319008 0 -0.00159504)
(0.319008 0 -0.00159504)
(0.319008 1.7307e-33 -0.00159504)
(0.319008 0 -0.00159504)
(0.319008 0 -0.00159504)
(0.319008 0 -0.00159504)
(0.319008 0 -0.00159504)
(0.319008 0 -0.00159504)
(0.319008 0 -0.00159504)
(0.319008 0 -0.00159504)
(0.319008 0 -0.00159504)
(0.319008 0 -0.00159504)
(0.319008 0 -0.00159504)
(0.319008 0 -0.00159504)
(0.319008 0 -0.00159504)
(0.319008 0 -0.00159504)
(0.319008 0 -0.00159504)
(0.319008 0 -0.00159504)
(0.319008 0 -0.00159504)
(0.319008 2.01587e-33 -0.00159504)
(0.319008 0 -0.00159504)
(0.319008 0 -0.00159504)
(0.319008 0 -0.00159504)
(0.319008 0 -0.00159504)
(0.319008 0 -0.00159504)
(0.319008 0 -0.00159504)
(0.319008 0 -0.00159504)
(0.319008 0 -0.00159504)
(0.319008 0 -0.00159504)
(0.319008 0 -0.00159504)
(0.319008 0 -0.00159504)
(0.319008 0 -0.00159504)
(0.319008 0 -0.00159504)
(0.319008 0 -0.00159504)
(0.319008 2.03025e-35 -0.00159504)
(0.319008 0 -0.00159504)
(0.319008 0 -0.00159504)
(0.319008 0 -0.00159504)
(0.319008 0 -0.00159504)
(0.319008 0 -0.00159504)
(0.319008 0 -0.00159504)
(0.319008 0 -0.00159504)
(0.319008 0 -0.00159504)
(0.319008 0 -0.00159504)
(0.319008 0 -0.00159504)
(0.319008 0 -0.00159504)
(0.319008 0 -0.00159504)
(0.319008 0 -0.00159504)
(0.319008 0 -0.00159504)
(0.319008 0 -0.00159504)
(0.319008 0 -0.00159504)
(0.319008 0 -0.00159504)
(0.319008 0 -0.00159504)
(0.319008 0 -0.00159504)
(0.319008 0 -0.00159504)
(0.319008 0 -0.00159504)
(0.319008 0 -0.00159504)
(0.319008 0 -0.00159504)
(0.319008 0 -0.00159504)
(0.319008 0 -0.00159504)
(0.319008 0 -0.00159504)
(0.319008 0 -0.00159504)
(0.319008 0 -0.00159504)
(0.319008 0 -0.00159504)
(0.319008 0 -0.00159504)
(0.319008 0 -0.00159504)
(0.319008 0 -0.00159504)
(0.319008 0 -0.00159504)
(0.319008 0 -0.00159504)
(0.319008 0 -0.00159504)
(0.319008 0 -0.00159504)
(0.319008 0 -0.00159504)
(0.319008 0 -0.00159504)
(0.319008 0 -0.00159504)
(0.319008 0 -0.00159504)
(0.319008 0 -0.00159504)
(0.319008 0 -0.00159504)
(0.319008 0 -0.00159504)
(0.319008 0 -0.00159504)
(0.319008 0 -0.00159504)
(0.319008 0 -0.00159504)
(0.319008 0 -0.00159504)
(0.319008 0 -0.00159504)
(0.319008 0 -0.00159504)
(0.319008 0 -0.00159504)
(0.319008 0 -0.00159504)
(0.319008 0 -0.00159504)
(0.319008 0 -0.00159504)
(0.319008 0 -0.00159504)
(0.319008 0 -0.00159504)
(0.319008 0 -0.00159504)
(0.319008 0 -0.00159504)
(0.319008 0 -0.00159504)
(0.319008 0 -0.00159504)
(0.319008 0 -0.00159504)
(0.319008 0 -0.00159504)
(0.319008 0 -0.00159504)
(0.319008 0 -0.00159504)
(0.319008 0 -0.00159504)
(0.319008 0 -0.00159504)
(0.319008 0 -0.00159504)
(0.319008 0 -0.00159504)
(0.319008 0 -0.00159504)
(0.319008 0 -0.00159504)
(0.319008 0 -0.00159504)
(0.319008 0 -0.00159504)
(0.319008 0 -0.00159504)
(0.319008 0 -0.00159504)
(0.319008 0 -0.00159505)
(0.319008 0 -0.00159511)
(0.319007 0 -0.00159503)
(0.319009 0 -0.00159485)
(0.274481 0 -0.000813978)
(0.287862 0 -0.00105046)
(0.296372 -4.04713e-27 -0.0011697)
(0.30388 -5.2188e-27 -0.001282)
(0.309499 -7.16563e-27 -0.00136026)
(0.314042 -5.89421e-27 -0.00141228)
(0.318137 -5.40652e-27 -0.00144736)
(0.321838 0 -0.00147614)
(0.325396 -3.50088e-27 -0.00150371)
(0.328535 -2.85006e-27 -0.00152624)
(0.33166 0 -0.00155389)
(0.334146 1.02437e-27 -0.00157572)
(0.336583 0 -0.00160192)
(0.338119 -3.51647e-28 -0.00162347)
(0.339653 0 -0.00164928)
(0.340182 0 -0.00168555)
(0.340181 -1.97409e-27 -0.00171353)
(0.339742 0 -0.00172542)
(0.338937 -9.34427e-28 -0.00173406)
(0.337865 0 -0.00173623)
(0.336668 0 -0.00173497)
(0.335355 0 -0.0017329)
(0.333934 0 -0.00173056)
(0.332405 0 -0.00172137)
(0.331027 0 -0.00170808)
(0.329785 0 -0.00169559)
(0.328701 0 -0.00168428)
(0.327748 0 -0.00167393)
(0.326937 0 -0.00166517)
(0.326223 0 -0.00165791)
(0.3256 0 -0.0016511)
(0.325073 0 -0.00164473)
(0.324638 0 -0.00163892)
(0.324295 0 -0.00163446)
(0.324004 0 -0.00163119)
(0.323753 0 -0.00162843)
(0.323537 0 -0.00162599)
(0.323352 0 -0.00162387)
(0.323193 0 -0.00162205)
(0.323058 0 -0.00162049)
(0.322943 0 -0.00161915)
(0.322845 9.51255e-29 -0.00161801)
(0.322761 0 -0.00161704)
(0.322689 6.88186e-29 -0.0016162)
(0.322628 0 -0.00161549)
(0.322576 0 -0.00161489)
(0.322531 2.1395e-29 -0.00161437)
(0.322494 0 -0.00161393)
(0.322461 3.12332e-29 -0.00161355)
(0.322434 -1.33484e-29 -0.00161323)
(0.32241 0 -0.00161296)
(0.32239 1.95132e-29 -0.00161273)
(0.322373 0 -0.00161253)
(0.322358 1.42847e-29 -0.00161236)
(0.322345 0 -0.00161221)
(0.322334 0 -0.00161209)
(0.322325 8.95596e-30 -0.00161198)
(0.322317 0 -0.00161189)
(0.322311 6.56161e-30 -0.00161181)
(0.322305 0 -0.00161175)
(0.3223 0 -0.00161169)
(0.322296 2.0628e-30 -0.00161164)
(0.322292 0 -0.0016116)
(0.322289 3.023e-30 -0.00161156)
(0.322286 0 -0.00161153)
(0.322284 0 -0.00161151)
(0.322282 1.90423e-30 -0.00161149)
(0.32228 0 -0.00161147)
(0.322279 1.3922e-30 -0.00161145)
(0.322278 0 -0.00161144)
(0.322277 0 -0.00161142)
(0.322276 8.82866e-31 -0.00161141)
(0.322275 0 -0.00161141)
(0.322274 6.41507e-31 -0.0016114)
(0.322274 0 -0.00161139)
(0.322273 2.28752e-31 -0.00161139)
(0.322273 3.95416e-31 -0.00161138)
(0.322273 0 -0.00161138)
(0.322272 2.98586e-31 -0.00161137)
(0.322272 1.27915e-31 -0.00161137)
(0.322272 0 -0.00161137)
(0.322272 0 -0.00161137)
(0.322271 0 -0.00161136)
(0.322271 6.86408e-32 -0.00161136)
(0.322271 0 -0.00161136)
(0.322271 0 -0.00161136)
(0.322271 0 -0.00161136)
(0.322271 3.37423e-32 -0.00161136)
(0.322271 0 -0.00161136)
(0.322271 0 -0.00161136)
(0.322271 2.88135e-32 -0.00161136)
(0.322271 0 -0.00161136)
(0.322271 0 -0.00161135)
(0.322271 0 -0.00161135)
(0.322271 1.28884e-32 -0.00161135)
(0.322271 0 -0.00161135)
(0.322271 0 -0.00161135)
(0.322271 -8.60584e-33 -0.00161135)
(0.322271 1.98388e-42 -0.00161135)
(0.322271 -1.16992e-32 -0.00161135)
(0.322271 -9.65071e-33 -0.00161135)
(0.322271 0 -0.00161135)
(0.32227 4.77916e-33 -0.00161135)
(0.32227 0 -0.00161135)
(0.32227 -2.38306e-33 -0.00161135)
(0.32227 2.26737e-33 -0.00161135)
(0.32227 0 -0.00161135)
(0.32227 0 -0.00161135)
(0.32227 -3.88566e-34 -0.00161135)
(0.32227 -1.13808e-33 -0.00161135)
(0.32227 -1.83439e-33 -0.00161135)
(0.32227 -9.68486e-34 -0.00161135)
(0.32227 -1.71869e-33 -0.00161135)
(0.32227 -1.32472e-33 -0.00161135)
(0.32227 -1.04303e-33 -0.00161135)
(0.32227 -5.80435e-34 -0.00161135)
(0.32227 0 -0.00161135)
(0.32227 0 -0.00161135)
(0.32227 0 -0.00161135)
(0.32227 0 -0.00161135)
(0.32227 0 -0.00161135)
(0.32227 0 -0.00161135)
(0.32227 -7.35713e-34 -0.00161135)
(0.32227 4.36451e-34 -0.00161135)
(0.32227 4.40188e-34 -0.00161135)
(0.32227 -3.22809e-34 -0.00161135)
(0.32227 1.85162e-42 -0.00161135)
(0.32227 -1.10439e-33 -0.00161135)
(0.32227 0 -0.00161135)
(0.32227 0 -0.00161135)
(0.32227 1.02776e-34 -0.00161135)
(0.32227 0 -0.00161135)
(0.32227 0 -0.00161135)
(0.32227 0 -0.00161135)
(0.32227 1.81601e-36 -0.00161135)
(0.32227 0 -0.00161135)
(0.32227 0 -0.00161135)
(0.32227 -1.13089e-36 -0.00161135)
(0.32227 0 -0.00161135)
(0.32227 0 -0.00161135)
(0.32227 0 -0.00161135)
(0.32227 8.00534e-34 -0.00161135)
(0.32227 0 -0.00161135)
(0.32227 0 -0.00161135)
(0.32227 0 -0.00161135)
(0.32227 3.08574e-34 -0.00161135)
(0.32227 0 -0.00161135)
(0.32227 0 -0.00161135)
(0.32227 0 -0.00161135)
(0.32227 2.79686e-36 -0.00161135)
(0.32227 0 -0.00161135)
(0.32227 0 -0.00161135)
(0.32227 0 -0.00161135)
(0.32227 0 -0.00161135)
(0.32227 0 -0.00161135)
(0.32227 0 -0.00161135)
(0.32227 0 -0.00161135)
(0.32227 0 -0.00161135)
(0.32227 0 -0.00161135)
(0.32227 0 -0.00161135)
(0.32227 0 -0.00161135)
(0.32227 0 -0.00161135)
(0.32227 0 -0.00161135)
(0.32227 0 -0.00161135)
(0.32227 0 -0.00161135)
(0.32227 0 -0.00161135)
(0.32227 0 -0.00161135)
(0.32227 0 -0.00161135)
(0.32227 0 -0.00161135)
(0.32227 0 -0.00161135)
(0.32227 0 -0.00161135)
(0.32227 0 -0.00161135)
(0.32227 0 -0.00161135)
(0.32227 0 -0.00161135)
(0.32227 0 -0.00161135)
(0.32227 2.31786e-35 -0.00161135)
(0.32227 0 -0.00161135)
(0.32227 0 -0.00161135)
(0.32227 0 -0.00161135)
(0.32227 0 -0.00161135)
(0.32227 0 -0.00161135)
(0.32227 0 -0.00161135)
(0.32227 0 -0.00161135)
(0.32227 0 -0.00161135)
(0.32227 0 -0.00161135)
(0.32227 0 -0.00161135)
(0.32227 0 -0.00161135)
(0.32227 0 -0.00161135)
(0.32227 0 -0.00161135)
(0.32227 0 -0.00161135)
(0.32227 1.46819e-33 -0.00161135)
(0.32227 0 -0.00161135)
(0.32227 0 -0.00161135)
(0.32227 0 -0.00161135)
(0.32227 0 -0.00161135)
(0.32227 0 -0.00161135)
(0.32227 0 -0.00161135)
(0.32227 0 -0.00161135)
(0.32227 0 -0.00161135)
(0.32227 0 -0.00161135)
(0.32227 0 -0.00161135)
(0.32227 0 -0.00161135)
(0.32227 0 -0.00161135)
(0.32227 0 -0.00161135)
(0.32227 0 -0.00161135)
(0.32227 3.84202e-36 -0.00161135)
(0.32227 0 -0.00161135)
(0.32227 0 -0.00161135)
(0.32227 0 -0.00161135)
(0.32227 0 -0.00161135)
(0.32227 0 -0.00161135)
(0.32227 0 -0.00161135)
(0.32227 0 -0.00161135)
(0.32227 0 -0.00161135)
(0.32227 0 -0.00161135)
(0.32227 0 -0.00161135)
(0.32227 0 -0.00161135)
(0.32227 0 -0.00161135)
(0.32227 0 -0.00161135)
(0.32227 0 -0.00161135)
(0.32227 0 -0.00161135)
(0.32227 0 -0.00161135)
(0.32227 8.82433e-36 -0.00161135)
(0.32227 0 -0.00161135)
(0.32227 0 -0.00161135)
(0.32227 0 -0.00161135)
(0.32227 0 -0.00161135)
(0.32227 0 -0.00161135)
(0.32227 0 -0.00161135)
(0.32227 0 -0.00161135)
(0.32227 0 -0.00161135)
(0.32227 0 -0.00161135)
(0.32227 0 -0.00161135)
(0.32227 0 -0.00161135)
(0.32227 0 -0.00161135)
(0.32227 0 -0.00161135)
(0.32227 0 -0.00161135)
(0.32227 2.84422e-35 -0.00161135)
(0.32227 0 -0.00161135)
(0.32227 0 -0.00161135)
(0.32227 0 -0.00161135)
(0.32227 0 -0.00161135)
(0.32227 0 -0.00161135)
(0.32227 0 -0.00161135)
(0.32227 0 -0.00161135)
(0.32227 0 -0.00161135)
(0.32227 0 -0.00161135)
(0.32227 0 -0.00161135)
(0.32227 0 -0.00161135)
(0.32227 0 -0.00161135)
(0.32227 0 -0.00161135)
(0.32227 0 -0.00161135)
(0.32227 0 -0.00161135)
(0.32227 0 -0.00161135)
(0.32227 0 -0.00161135)
(0.32227 0 -0.00161135)
(0.32227 0 -0.00161135)
(0.32227 0 -0.00161135)
(0.32227 0 -0.00161135)
(0.32227 0 -0.00161135)
(0.32227 0 -0.00161135)
(0.32227 0 -0.00161135)
(0.32227 0 -0.00161135)
(0.32227 0 -0.00161135)
(0.32227 0 -0.00161135)
(0.32227 0 -0.00161135)
(0.32227 0 -0.00161135)
(0.32227 0 -0.00161135)
(0.32227 0 -0.00161135)
(0.32227 0 -0.00161135)
(0.32227 0 -0.00161135)
(0.32227 0 -0.00161135)
(0.32227 0 -0.00161135)
(0.32227 0 -0.00161135)
(0.32227 0 -0.00161135)
(0.32227 0 -0.00161135)
(0.32227 0 -0.00161135)
(0.32227 0 -0.00161135)
(0.32227 0 -0.00161135)
(0.32227 0 -0.00161135)
(0.32227 0 -0.00161135)
(0.32227 0 -0.00161135)
(0.32227 0 -0.00161135)
(0.32227 0 -0.00161135)
(0.32227 0 -0.00161135)
(0.32227 0 -0.00161135)
(0.32227 0 -0.00161135)
(0.32227 0 -0.00161135)
(0.32227 0 -0.00161135)
(0.32227 0 -0.00161135)
(0.32227 0 -0.00161135)
(0.32227 0 -0.00161135)
(0.32227 0 -0.00161135)
(0.32227 0 -0.00161135)
(0.32227 0 -0.00161135)
(0.32227 0 -0.00161135)
(0.32227 0 -0.00161136)
(0.32227 0 -0.00161137)
(0.322269 0 -0.00161135)
(0.322271 0 -0.00161129)
)
;

boundaryField
{
    inlet
    {
        type            fixedValue;
        value           uniform (0.27 0 0);
    }
    outlet
    {
        type            inletOutlet;
        inletValue      uniform (0 0 0);
        value           nonuniform List<vector> 8((0.140963 0 -0.000639187) (0.220368 0 -0.00112763) (0.259745 0 -0.00129395) (0.284425 0 -0.00142197) (0.301055 0 -0.00150486) (0.312164 0 -0.00156047) (0.319009 0 -0.00159485) (0.322271 0 -0.00161129));
    }
    sideWall
    {
        type            empty;
    }
    bed
    {
        type            fixedValue;
        value           uniform (0 0 0);
    }
    topWall
    {
        type            slip;
        value           nonuniform List<vector> 
300
(
(0.274478 0 -0.00137239)
(0.28786 0 -0.0014393)
(0.296371 -1.32208e-22 -0.00148185)
(0.303879 -5.2188e-27 -0.0015194)
(0.309498 -7.93045e-23 -0.00154749)
(0.314041 -6.68909e-23 -0.0015702)
(0.318136 -6.07027e-23 -0.00159068)
(0.321837 0 -0.00160919)
(0.325395 -5.22103e-23 -0.00162698)
(0.328535 -4.93155e-23 -0.00164267)
(0.331659 0 -0.0016583)
(0.334145 4.02382e-23 -0.00167073)
(0.336583 0 -0.00168291)
(0.338119 2.84296e-23 -0.00169059)
(0.339652 0 -0.00169826)
(0.340182 0 -0.00170091)
(0.340181 -5.34739e-24 -0.00170091)
(0.339742 0 -0.00169871)
(0.338937 -9.34427e-28 -0.00169469)
(0.337865 0 -0.00168932)
(0.336668 0 -0.00168334)
(0.335355 0 -0.00167677)
(0.333935 0 -0.00166967)
(0.332405 0 -0.00166203)
(0.331027 0 -0.00165514)
(0.329786 0 -0.00164893)
(0.328701 0 -0.0016435)
(0.327748 0 -0.00163874)
(0.326938 0 -0.00163469)
(0.326223 0 -0.00163112)
(0.3256 0 -0.001628)
(0.325073 0 -0.00162537)
(0.324638 0 -0.00162319)
(0.324295 0 -0.00162148)
(0.324004 0 -0.00162002)
(0.323753 0 -0.00161876)
(0.323537 0 -0.00161768)
(0.323352 0 -0.00161676)
(0.323193 0 -0.00161597)
(0.323058 0 -0.00161529)
(0.322943 0 -0.00161472)
(0.322845 1.6041e-24 -0.00161422)
(0.322761 0 -0.0016138)
(0.322689 1.16853e-24 -0.00161345)
(0.322628 0 -0.00161314)
(0.322576 0 -0.00161288)
(0.322531 7.2597e-25 -0.00161266)
(0.322494 0 -0.00161247)
(0.322461 5.29038e-25 -0.00161231)
(0.322434 -4.51747e-25 -0.00161217)
(0.32241 0 -0.00161205)
(0.32239 3.29613e-25 -0.00161195)
(0.322373 0 -0.00161186)
(0.322358 2.40678e-25 -0.00161179)
(0.322345 0 -0.00161173)
(0.322334 0 -0.00161167)
(0.322325 1.50519e-25 -0.00161163)
(0.322317 0 -0.00161159)
(0.322311 1.10154e-25 -0.00161155)
(0.322305 0 -0.00161152)
(0.3223 0 -0.0016115)
(0.322296 2.0628e-30 -0.00161148)
(0.322292 0 -0.00161146)
(0.322289 5.0745e-26 -0.00161145)
(0.322286 0 -0.00161143)
(0.322284 0 -0.00161142)
(0.322282 3.18857e-26 -0.00161141)
(0.32228 0 -0.0016114)
(0.322279 2.33775e-26 -0.0016114)
(0.322278 0 -0.00161139)
(0.322277 0 -0.00161138)
(0.322276 1.4748e-26 -0.00161138)
(0.322275 0 -0.00161138)
(0.322274 1.08969e-26 -0.00161137)
(0.322274 0 -0.00161137)
(0.322273 2.28752e-31 -0.00161137)
(0.322273 6.71117e-27 -0.00161136)
(0.322273 0 -0.00161136)
(0.322272 4.86553e-27 -0.00161136)
(0.322272 1.27915e-31 -0.00161136)
(0.322272 0 -0.00161136)
(0.322272 0 -0.00161136)
(0.322271 0 -0.00161136)
(0.322271 6.86408e-32 -0.00161136)
(0.322271 0 -0.00161136)
(0.322271 0 -0.00161136)
(0.322271 0 -0.00161136)
(0.322271 3.37423e-32 -0.00161135)
(0.322271 0 -0.00161135)
(0.322271 0 -0.00161135)
(0.322271 7.48082e-28 -0.00161135)
(0.322271 0 -0.00161135)
(0.322271 0 -0.00161135)
(0.322271 0 -0.00161135)
(0.322271 4.55944e-28 -0.00161135)
(0.322271 0 -0.00161135)
(0.322271 0 -0.00161135)
(0.322271 -8.60584e-33 -0.00161135)
(0.322271 3.12491e-28 -0.00161135)
(0.322271 -1.16992e-32 -0.00161135)
(0.322271 -9.65071e-33 -0.00161135)
(0.322271 0 -0.00161135)
(0.32227 2.55615e-28 -0.00161135)
(0.32227 0 -0.00161135)
(0.32227 -2.38306e-33 -0.00161135)
(0.32227 2.26737e-33 -0.00161135)
(0.32227 0 -0.00161135)
(0.32227 0 -0.00161135)
(0.32227 -3.88566e-34 -0.00161135)
(0.32227 -1.13808e-33 -0.00161135)
(0.32227 -1.83439e-33 -0.00161135)
(0.32227 -9.68486e-34 -0.00161135)
(0.32227 -1.03139e-29 -0.00161135)
(0.32227 -1.11162e-29 -0.00161135)
(0.32227 -1.08168e-29 -0.00161135)
(0.32227 -8.77651e-30 -0.00161135)
(0.32227 0 -0.00161135)
(0.32227 0 -0.00161135)
(0.32227 0 -0.00161135)
(0.32227 0 -0.00161135)
(0.32227 0 -0.00161135)
(0.32227 0 -0.00161135)
(0.32227 -7.35713e-34 -0.00161135)
(0.32227 6.17297e-30 -0.00161135)
(0.32227 6.2631e-30 -0.00161135)
(0.32227 4.1005e-30 -0.00161135)
(0.32227 -4.09947e-31 -0.00161135)
(0.32227 -1.80737e-30 -0.00161135)
(0.32227 0 -0.00161135)
(0.32227 0 -0.00161135)
(0.32227 1.02776e-34 -0.00161135)
(0.32227 0 -0.00161135)
(0.32227 0 -0.00161135)
(0.32227 0 -0.00161135)
(0.32227 1.81601e-36 -0.00161135)
(0.32227 0 -0.00161135)
(0.32227 0 -0.00161135)
(0.32227 -3.55944e-31 -0.00161135)
(0.32227 0 -0.00161135)
(0.32227 0 -0.00161135)
(0.32227 0 -0.00161135)
(0.32227 4.38697e-30 -0.00161135)
(0.32227 0 -0.00161135)
(0.32227 0 -0.00161135)
(0.32227 0 -0.00161135)
(0.32227 8.89483e-30 -0.00161135)
(0.32227 0 -0.00161135)
(0.32227 0 -0.00161135)
(0.32227 0 -0.00161135)
(0.32227 2.51767e-30 -0.00161135)
(0.32227 0 -0.00161135)
(0.32227 0 -0.00161135)
(0.32227 0 -0.00161135)
(0.32227 0 -0.00161135)
(0.32227 0 -0.00161135)
(0.32227 0 -0.00161135)
(0.32227 0 -0.00161135)
(0.32227 0 -0.00161135)
(0.32227 0 -0.00161135)
(0.32227 0 -0.00161135)
(0.32227 0 -0.00161135)
(0.32227 0 -0.00161135)
(0.32227 0 -0.00161135)
(0.32227 0 -0.00161135)
(0.32227 0 -0.00161135)
(0.32227 0 -0.00161135)
(0.32227 0 -0.00161135)
(0.32227 0 -0.00161135)
(0.32227 0 -0.00161135)
(0.32227 0 -0.00161135)
(0.32227 0 -0.00161135)
(0.32227 0 -0.00161135)
(0.32227 0 -0.00161135)
(0.32227 0 -0.00161135)
(0.32227 0 -0.00161135)
(0.32227 2.31786e-35 -0.00161135)
(0.32227 0 -0.00161135)
(0.32227 0 -0.00161135)
(0.32227 0 -0.00161135)
(0.32227 0 -0.00161135)
(0.32227 0 -0.00161135)
(0.32227 0 -0.00161135)
(0.32227 0 -0.00161135)
(0.32227 0 -0.00161135)
(0.32227 0 -0.00161135)
(0.32227 0 -0.00161135)
(0.32227 0 -0.00161135)
(0.32227 0 -0.00161135)
(0.32227 0 -0.00161135)
(0.32227 0 -0.00161135)
(0.32227 7.818e-30 -0.00161135)
(0.32227 0 -0.00161135)
(0.32227 0 -0.00161135)
(0.32227 0 -0.00161135)
(0.32227 0 -0.00161135)
(0.32227 0 -0.00161135)
(0.32227 0 -0.00161135)
(0.32227 0 -0.00161135)
(0.32227 0 -0.00161135)
(0.32227 0 -0.00161135)
(0.32227 0 -0.00161135)
(0.32227 0 -0.00161135)
(0.32227 0 -0.00161135)
(0.32227 0 -0.00161135)
(0.32227 0 -0.00161135)
(0.32227 3.06858e-31 -0.00161135)
(0.32227 0 -0.00161135)
(0.32227 0 -0.00161135)
(0.32227 0 -0.00161135)
(0.32227 0 -0.00161135)
(0.32227 0 -0.00161135)
(0.32227 0 -0.00161135)
(0.32227 0 -0.00161135)
(0.32227 0 -0.00161135)
(0.32227 0 -0.00161135)
(0.32227 0 -0.00161135)
(0.32227 0 -0.00161135)
(0.32227 0 -0.00161135)
(0.32227 0 -0.00161135)
(0.32227 0 -0.00161135)
(0.32227 0 -0.00161135)
(0.32227 0 -0.00161135)
(0.32227 8.82433e-36 -0.00161135)
(0.32227 0 -0.00161135)
(0.32227 0 -0.00161135)
(0.32227 0 -0.00161135)
(0.32227 0 -0.00161135)
(0.32227 0 -0.00161135)
(0.32227 0 -0.00161135)
(0.32227 0 -0.00161135)
(0.32227 0 -0.00161135)
(0.32227 0 -0.00161135)
(0.32227 0 -0.00161135)
(0.32227 0 -0.00161135)
(0.32227 0 -0.00161135)
(0.32227 0 -0.00161135)
(0.32227 0 -0.00161135)
(0.32227 2.72587e-30 -0.00161135)
(0.32227 0 -0.00161135)
(0.32227 0 -0.00161135)
(0.32227 0 -0.00161135)
(0.32227 0 -0.00161135)
(0.32227 0 -0.00161135)
(0.32227 0 -0.00161135)
(0.32227 0 -0.00161135)
(0.32227 0 -0.00161135)
(0.32227 0 -0.00161135)
(0.32227 0 -0.00161135)
(0.32227 0 -0.00161135)
(0.32227 0 -0.00161135)
(0.32227 0 -0.00161135)
(0.32227 0 -0.00161135)
(0.32227 0 -0.00161135)
(0.32227 0 -0.00161135)
(0.32227 0 -0.00161135)
(0.32227 0 -0.00161135)
(0.32227 0 -0.00161135)
(0.32227 0 -0.00161135)
(0.32227 0 -0.00161135)
(0.32227 0 -0.00161135)
(0.32227 0 -0.00161135)
(0.32227 0 -0.00161135)
(0.32227 0 -0.00161135)
(0.32227 0 -0.00161135)
(0.32227 0 -0.00161135)
(0.32227 0 -0.00161135)
(0.32227 0 -0.00161135)
(0.32227 0 -0.00161135)
(0.32227 0 -0.00161135)
(0.32227 0 -0.00161135)
(0.32227 0 -0.00161135)
(0.32227 0 -0.00161135)
(0.32227 0 -0.00161135)
(0.32227 0 -0.00161135)
(0.32227 0 -0.00161135)
(0.32227 0 -0.00161135)
(0.32227 0 -0.00161135)
(0.32227 0 -0.00161135)
(0.32227 0 -0.00161135)
(0.32227 0 -0.00161135)
(0.32227 0 -0.00161135)
(0.32227 0 -0.00161135)
(0.32227 0 -0.00161135)
(0.32227 0 -0.00161135)
(0.32227 0 -0.00161135)
(0.32227 0 -0.00161135)
(0.32227 0 -0.00161135)
(0.32227 0 -0.00161135)
(0.32227 0 -0.00161135)
(0.32227 0 -0.00161135)
(0.32227 0 -0.00161135)
(0.32227 0 -0.00161135)
(0.32227 0 -0.00161135)
(0.32227 0 -0.00161135)
(0.32227 0 -0.00161135)
(0.32227 0 -0.00161135)
(0.32227 0 -0.00161135)
(0.32227 0 -0.00161135)
(0.322269 0 -0.00161135)
(0.322271 0 -0.00161136)
)
;
    }
}


// ************************************************************************* //
