/*--------------------------------*- C++ -*----------------------------------*\
| =========                 |                                                 |
| \\      /  F ield         | foam-extend: Open Source CFD                    |
|  \\    /   O peration     | Version:     3.2                                |
|   \\  /    A nd           | Web:         http://www.foam-extend.org         |
|    \\/     M anipulation  | For copyright notice see file Copyright         |
\*---------------------------------------------------------------------------*/
FoamFile
{
    version     2.0;
    format      ascii;
    class       volScalarField;
    location    "200";
    object      omega;
}
// * * * * * * * * * * * * * * * * * * * * * * * * * * * * * * * * * * * * * //

dimensions      [0 0 -1 0 0 0 0];

internalField   nonuniform List<scalar> 
5400
(
912.882
737.199
645.288
636.903
630.513
627.153
624.015
622.556
621.658
621.727
622.22
623.132
624.413
625.985
627.78
629.741
631.927
634.224
636.579
639.115
641.799
644.534
647.348
650.183
653.057
655.929
658.582
660.883
662.823
664.446
665.797
666.921
667.854
668.63
669.274
669.81
670.256
670.629
670.942
671.205
671.427
671.614
671.775
671.914
672.031
672.129
672.212
672.284
672.346
672.4
672.447
672.488
672.523
672.554
672.581
672.605
672.625
672.643
672.659
672.672
672.684
672.694
672.703
672.71
672.717
672.723
672.728
672.732
672.736
672.739
672.742
672.744
672.746
672.748
672.749
672.751
672.752
672.753
672.753
672.754
672.755
672.755
672.756
672.756
672.756
672.756
672.757
672.757
672.757
672.757
672.757
672.757
672.757
672.757
672.757
672.758
672.758
672.758
672.758
672.758
672.758
672.758
672.758
672.758
672.758
672.758
672.758
672.758
672.758
672.758
672.758
672.758
672.758
672.758
672.758
672.758
672.758
672.758
672.758
672.758
672.758
672.758
672.758
672.758
672.758
672.758
672.758
672.758
672.758
672.758
672.758
672.758
672.758
672.758
672.758
672.758
672.758
672.758
672.758
672.758
672.758
672.758
672.758
672.758
672.758
672.758
672.758
672.758
672.758
672.758
672.758
672.758
672.758
672.758
672.758
672.758
672.758
672.758
672.758
672.758
672.758
672.758
672.758
672.758
672.758
672.758
672.758
672.758
672.758
672.758
672.758
672.758
672.758
672.758
672.758
672.758
672.758
672.758
672.758
672.758
672.758
672.758
672.758
672.758
672.758
672.758
672.758
672.758
672.758
672.758
672.758
672.758
672.758
672.758
672.758
672.758
672.758
672.758
672.758
672.758
672.758
672.758
672.758
672.758
672.758
672.758
672.758
672.758
672.758
672.758
672.758
672.758
672.758
672.758
672.758
672.758
672.758
672.758
672.758
672.758
672.758
672.758
672.758
672.758
672.758
672.758
672.758
672.758
672.758
672.758
672.758
672.758
672.758
672.758
672.758
672.758
672.758
672.758
672.758
672.758
672.758
672.758
672.758
672.758
672.758
672.758
672.758
672.758
672.758
672.758
672.758
672.758
672.758
672.758
672.758
672.758
672.758
672.758
672.758
672.758
672.758
672.758
672.758
672.758
672.758
672.758
672.758
672.758
672.758
672.758
672.758
672.758
672.758
672.758
672.758
672.758
672.758
672.758
672.758
672.758
672.758
672.758
672.758
672.758
672.758
672.758
672.758
672.758
672.758
672.758
672.758
672.758
672.758
672.758
672.758
672.758
672.758
672.758
672.758
672.757
358.064
330.931
294.552
277.449
266.777
261.081
257.214
254.778
253.135
252.181
251.649
251.44
251.465
251.688
252.073
252.571
253.188
253.904
254.666
255.495
256.407
257.364
258.37
259.4
260.465
261.553
262.581
263.503
264.305
264.993
265.58
266.077
266.496
266.85
267.146
267.395
267.604
267.78
267.928
268.052
268.157
268.246
268.321
268.386
268.441
268.488
268.527
268.56
268.589
268.614
268.635
268.654
268.67
268.684
268.696
268.707
268.716
268.724
268.731
268.737
268.742
268.746
268.75
268.754
268.756
268.759
268.761
268.763
268.765
268.766
268.767
268.768
268.769
268.77
268.771
268.771
268.772
268.772
268.773
268.773
268.773
268.773
268.774
268.774
268.774
268.774
268.774
268.774
268.774
268.774
268.774
268.774
268.774
268.774
268.774
268.775
268.775
268.775
268.775
268.775
268.775
268.775
268.775
268.775
268.775
268.775
268.775
268.775
268.775
268.775
268.775
268.775
268.775
268.775
268.775
268.775
268.775
268.775
268.775
268.775
268.775
268.775
268.775
268.775
268.775
268.775
268.775
268.775
268.775
268.775
268.775
268.775
268.775
268.775
268.775
268.775
268.775
268.775
268.775
268.775
268.775
268.775
268.775
268.775
268.775
268.775
268.775
268.775
268.775
268.775
268.775
268.775
268.775
268.775
268.775
268.775
268.775
268.775
268.775
268.775
268.775
268.775
268.775
268.775
268.775
268.775
268.775
268.775
268.775
268.775
268.775
268.775
268.775
268.775
268.775
268.775
268.775
268.775
268.775
268.775
268.775
268.775
268.775
268.775
268.775
268.775
268.775
268.775
268.775
268.775
268.775
268.775
268.775
268.775
268.775
268.775
268.775
268.775
268.775
268.775
268.775
268.775
268.775
268.775
268.775
268.775
268.775
268.775
268.775
268.775
268.775
268.775
268.775
268.775
268.775
268.775
268.775
268.775
268.775
268.775
268.775
268.775
268.775
268.775
268.775
268.775
268.775
268.775
268.775
268.775
268.775
268.775
268.775
268.775
268.775
268.775
268.775
268.775
268.775
268.775
268.775
268.775
268.775
268.775
268.775
268.775
268.775
268.775
268.775
268.775
268.775
268.775
268.775
268.775
268.775
268.775
268.775
268.775
268.775
268.775
268.775
268.775
268.775
268.775
268.775
268.775
268.775
268.775
268.775
268.775
268.775
268.775
268.775
268.775
268.775
268.775
268.775
268.775
268.775
268.775
268.775
268.775
268.775
268.775
268.775
268.775
268.775
268.775
268.775
268.775
268.775
268.775
268.775
268.775
268.775
268.775
268.775
268.775
268.775
268.775
179.322
191.479
187.428
176.71
167.668
161.713
157.491
154.703
152.758
151.407
150.478
149.874
149.517
149.317
149.263
149.321
149.476
149.722
150.023
150.367
150.768
151.21
151.689
152.193
152.726
153.269
153.777
154.236
154.641
154.995
155.301
155.563
155.787
155.978
156.139
156.276
156.391
156.488
156.57
156.639
156.698
156.747
156.789
156.825
156.855
156.881
156.903
156.922
156.937
156.951
156.962
156.973
156.981
156.989
156.995
157.001
157.006
157.01
157.014
157.017
157.02
157.022
157.024
157.026
157.027
157.029
157.03
157.031
157.032
157.032
157.033
157.034
157.034
157.035
157.035
157.035
157.035
157.036
157.036
157.036
157.036
157.036
157.036
157.036
157.037
157.037
157.037
157.037
157.037
157.037
157.037
157.037
157.037
157.037
157.037
157.037
157.037
157.037
157.037
157.037
157.037
157.037
157.037
157.037
157.037
157.037
157.037
157.037
157.037
157.037
157.037
157.037
157.037
157.037
157.037
157.037
157.037
157.037
157.037
157.037
157.037
157.037
157.037
157.037
157.037
157.037
157.037
157.037
157.037
157.037
157.037
157.037
157.037
157.037
157.037
157.037
157.037
157.037
157.037
157.037
157.037
157.037
157.037
157.037
157.037
157.037
157.037
157.037
157.037
157.037
157.037
157.037
157.037
157.037
157.037
157.037
157.037
157.037
157.037
157.037
157.037
157.037
157.037
157.037
157.037
157.037
157.037
157.037
157.037
157.037
157.037
157.037
157.037
157.037
157.037
157.037
157.037
157.037
157.037
157.037
157.037
157.037
157.037
157.037
157.037
157.037
157.037
157.037
157.037
157.037
157.037
157.037
157.037
157.037
157.037
157.037
157.037
157.037
157.037
157.037
157.037
157.037
157.037
157.037
157.037
157.037
157.037
157.037
157.037
157.037
157.037
157.037
157.037
157.037
157.037
157.037
157.037
157.037
157.037
157.037
157.037
157.037
157.037
157.037
157.037
157.037
157.037
157.037
157.037
157.037
157.037
157.037
157.037
157.037
157.037
157.037
157.037
157.037
157.037
157.037
157.037
157.037
157.037
157.037
157.037
157.037
157.037
157.037
157.037
157.037
157.037
157.037
157.037
157.037
157.037
157.037
157.037
157.037
157.037
157.037
157.037
157.037
157.037
157.037
157.037
157.037
157.037
157.037
157.037
157.037
157.037
157.037
157.037
157.037
157.037
157.037
157.037
157.037
157.037
157.037
157.037
157.037
157.037
157.037
157.037
157.037
157.037
157.037
157.037
157.037
157.037
157.037
157.037
157.037
157.037
157.037
157.037
157.037
157.037
157.037
96.9675
125.541
130.912
128.889
124.654
120.125
116.206
113.258
111.047
109.363
108.148
107.266
106.644
106.193
105.88
105.689
105.595
105.591
105.649
105.75
105.898
106.086
106.307
106.553
106.823
107.087
107.317
107.517
107.693
107.847
107.982
108.099
108.2
108.286
108.36
108.423
108.476
108.521
108.559
108.592
108.619
108.642
108.661
108.677
108.692
108.704
108.714
108.722
108.729
108.735
108.741
108.745
108.749
108.752
108.755
108.758
108.76
108.762
108.763
108.764
108.766
108.767
108.768
108.768
108.769
108.77
108.77
108.77
108.771
108.771
108.771
108.772
108.772
108.772
108.772
108.772
108.772
108.773
108.773
108.773
108.773
108.773
108.773
108.773
108.773
108.773
108.773
108.773
108.773
108.773
108.773
108.773
108.773
108.773
108.773
108.773
108.773
108.773
108.773
108.773
108.773
108.773
108.773
108.773
108.773
108.773
108.773
108.773
108.773
108.773
108.773
108.773
108.773
108.773
108.773
108.773
108.773
108.773
108.773
108.773
108.773
108.773
108.773
108.773
108.773
108.773
108.773
108.773
108.773
108.773
108.773
108.773
108.773
108.773
108.773
108.773
108.773
108.773
108.773
108.773
108.773
108.773
108.773
108.773
108.773
108.773
108.773
108.773
108.773
108.773
108.773
108.773
108.773
108.773
108.773
108.773
108.773
108.773
108.773
108.773
108.773
108.773
108.773
108.773
108.773
108.773
108.773
108.773
108.773
108.773
108.773
108.773
108.773
108.773
108.773
108.773
108.773
108.773
108.773
108.773
108.773
108.773
108.773
108.773
108.773
108.773
108.773
108.773
108.773
108.773
108.773
108.773
108.773
108.773
108.773
108.773
108.773
108.773
108.773
108.773
108.773
108.773
108.773
108.773
108.773
108.773
108.773
108.773
108.773
108.773
108.773
108.773
108.773
108.773
108.773
108.773
108.773
108.773
108.773
108.773
108.773
108.773
108.773
108.773
108.773
108.773
108.773
108.773
108.773
108.773
108.773
108.773
108.773
108.773
108.773
108.773
108.773
108.773
108.773
108.773
108.773
108.773
108.773
108.773
108.773
108.773
108.773
108.773
108.773
108.773
108.773
108.773
108.773
108.773
108.773
108.773
108.773
108.773
108.773
108.773
108.773
108.773
108.773
108.773
108.773
108.773
108.773
108.773
108.773
108.773
108.773
108.773
108.773
108.773
108.773
108.773
108.773
108.773
108.773
108.773
108.773
108.773
108.773
108.773
108.773
108.773
108.773
108.773
108.773
108.773
108.773
108.773
108.773
108.773
108.773
108.773
108.773
108.773
108.773
108.773
53.6588
82.9917
95.8415
98.1967
98.0205
96.4827
93.9101
91.3826
89.2079
87.3973
85.983
84.8773
84.0236
83.3689
82.8717
82.5009
82.231
82.0515
81.9404
81.8784
81.8623
81.886
81.9407
82.018
82.1083
82.1751
82.2055
82.2178
82.2229
82.2256
82.2275
82.2291
82.2304
82.2316
82.2326
82.2334
82.234
82.2344
82.2347
82.2349
82.2349
82.2348
82.2345
82.2342
82.234
82.2339
82.2336
82.2333
82.233
82.2326
82.2323
82.232
82.2317
82.2315
82.2312
82.231
82.2308
82.2306
82.2304
82.2303
82.2302
82.2301
82.23
82.2299
82.2298
82.2297
82.2297
82.2296
82.2296
82.2295
82.2295
82.2295
82.2294
82.2294
82.2294
82.2294
82.2294
82.2294
82.2294
82.2294
82.2294
82.2294
82.2294
82.2294
82.2294
82.2294
82.2294
82.2294
82.2294
82.2294
82.2294
82.2294
82.2293
82.2293
82.2293
82.2293
82.2293
82.2293
82.2293
82.2293
82.2293
82.2293
82.2293
82.2293
82.2293
82.2293
82.2293
82.2293
82.2293
82.2293
82.2293
82.2293
82.2293
82.2293
82.2293
82.2293
82.2293
82.2293
82.2293
82.2293
82.2293
82.2293
82.2293
82.2293
82.2293
82.2293
82.2293
82.2293
82.2293
82.2293
82.2293
82.2293
82.2293
82.2293
82.2293
82.2293
82.2293
82.2293
82.2293
82.2293
82.2293
82.2293
82.2293
82.2293
82.2293
82.2293
82.2293
82.2293
82.2293
82.2293
82.2293
82.2293
82.2293
82.2293
82.2293
82.2293
82.2293
82.2293
82.2293
82.2293
82.2293
82.2293
82.2293
82.2293
82.2293
82.2293
82.2293
82.2293
82.2293
82.2293
82.2293
82.2293
82.2293
82.2293
82.2293
82.2293
82.2293
82.2293
82.2293
82.2293
82.2293
82.2293
82.2293
82.2293
82.2293
82.2293
82.2293
82.2293
82.2293
82.2293
82.2293
82.2293
82.2293
82.2293
82.2293
82.2293
82.2293
82.2293
82.2293
82.2293
82.2293
82.2293
82.2293
82.2293
82.2293
82.2293
82.2293
82.2293
82.2293
82.2293
82.2293
82.2293
82.2293
82.2293
82.2293
82.2293
82.2293
82.2293
82.2293
82.2293
82.2293
82.2293
82.2293
82.2293
82.2293
82.2293
82.2293
82.2293
82.2293
82.2293
82.2293
82.2293
82.2293
82.2293
82.2293
82.2293
82.2293
82.2293
82.2293
82.2293
82.2293
82.2293
82.2293
82.2293
82.2293
82.2293
82.2293
82.2293
82.2293
82.2293
82.2293
82.2293
82.2293
82.2293
82.2293
82.2293
82.2293
82.2293
82.2293
82.2293
82.2293
82.2293
82.2293
82.2293
82.2293
82.2293
82.2293
82.2293
82.2293
82.2293
82.2293
82.2293
82.2293
82.2293
82.2293
82.2293
82.2293
82.2293
82.2293
82.2293
82.2293
82.2293
82.2293
82.2293
82.2293
82.2293
82.2293
82.2293
82.2293
82.2293
82.2293
82.2293
82.2293
82.2293
82.2293
82.2293
82.2293
82.2293
82.2293
82.2294
29.6224
52.8865
68.5533
76.3231
79.0556
79.098
78.5787
77.2784
75.6547
74.0624
72.6449
71.4414
70.4499
69.6406
68.9972
68.4826
68.0682
67.7441
67.4949
67.3054
67.1624
67.0602
66.9859
66.9291
66.865
66.7579
66.6209
66.4786
66.3432
66.2196
66.1091
66.0117
65.9266
65.8528
65.7891
65.7344
65.6875
65.6474
65.6131
65.5838
65.5588
65.5375
65.5191
65.5033
65.4899
65.4785
65.4686
65.4602
65.4529
65.4466
65.4412
65.4365
65.4325
65.429
65.4259
65.4233
65.421
65.419
65.4173
65.4158
65.4145
65.4133
65.4124
65.4115
65.4108
65.4102
65.4096
65.4091
65.4087
65.4084
65.4081
65.4078
65.4076
65.4074
65.4072
65.4071
65.407
65.4069
65.4068
65.4067
65.4066
65.4066
65.4065
65.4065
65.4065
65.4065
65.4064
65.4064
65.4064
65.4064
65.4064
65.4064
65.4063
65.4063
65.4063
65.4063
65.4063
65.4063
65.4063
65.4063
65.4063
65.4063
65.4063
65.4063
65.4063
65.4063
65.4063
65.4063
65.4063
65.4063
65.4062
65.4062
65.4062
65.4062
65.4062
65.4062
65.4062
65.4062
65.4062
65.4062
65.4063
65.4063
65.4063
65.4063
65.4063
65.4063
65.4063
65.4063
65.4063
65.4063
65.4063
65.4063
65.4063
65.4063
65.4063
65.4063
65.4063
65.4063
65.4063
65.4063
65.4063
65.4063
65.4063
65.4063
65.4063
65.4063
65.4063
65.4063
65.4063
65.4063
65.4063
65.4063
65.4063
65.4063
65.4063
65.4063
65.4063
65.4063
65.4063
65.4063
65.4063
65.4063
65.4063
65.4063
65.4063
65.4063
65.4063
65.4063
65.4063
65.4063
65.4063
65.4063
65.4063
65.4063
65.4063
65.4063
65.4063
65.4063
65.4063
65.4063
65.4063
65.4063
65.4063
65.4063
65.4063
65.4063
65.4063
65.4063
65.4063
65.4063
65.4063
65.4063
65.4063
65.4063
65.4063
65.4063
65.4063
65.4063
65.4063
65.4063
65.4063
65.4063
65.4063
65.4063
65.4063
65.4063
65.4063
65.4063
65.4063
65.4063
65.4063
65.4063
65.4063
65.4063
65.4063
65.4063
65.4063
65.4063
65.4063
65.4063
65.4063
65.4063
65.4063
65.4063
65.4063
65.4063
65.4063
65.4063
65.4063
65.4063
65.4063
65.4063
65.4063
65.4063
65.4063
65.4063
65.4063
65.4063
65.4063
65.4063
65.4063
65.4063
65.4063
65.4063
65.4063
65.4063
65.4063
65.4063
65.4063
65.4063
65.4063
65.4063
65.4063
65.4063
65.4063
65.4063
65.4063
65.4063
65.4063
65.4063
65.4063
65.4063
65.4063
65.4063
65.4063
65.4063
65.4063
65.4063
65.4063
65.4063
65.4063
65.4063
65.4063
65.4063
65.4063
65.4063
65.4063
65.4063
65.4063
65.4063
65.4063
65.4063
65.4063
65.4063
65.4063
65.4063
65.4063
65.4063
65.4063
65.4063
65.4063
65.4063
65.4063
65.4063
65.4063
65.4063
65.4063
65.4063
65.4063
65.4063
16.4258
31.8685
45.6129
57.0105
63.517
65.8203
66.3904
66.1641
65.6054
64.6485
63.5364
62.451
61.4675
60.6075
59.8746
59.261
58.7455
58.3128
57.9549
57.6561
57.4027
57.1915
57.0027
56.8209
56.597
56.3142
56.0275
55.7525
55.4973
55.2657
55.0585
54.8754
54.7148
54.5751
54.4543
54.3502
54.2608
54.1843
54.1189
54.0631
54.0154
53.9748
53.9399
53.9102
53.8847
53.863
53.8444
53.8286
53.815
53.8033
53.7933
53.7847
53.7772
53.7708
53.7652
53.7604
53.7563
53.7527
53.7496
53.7469
53.7446
53.7425
53.7408
53.7393
53.738
53.7369
53.7359
53.735
53.7343
53.7337
53.7331
53.7327
53.7323
53.7319
53.7316
53.7314
53.7312
53.731
53.7308
53.7307
53.7306
53.7305
53.7304
53.7303
53.7303
53.7302
53.7302
53.7302
53.7301
53.7301
53.7301
53.7301
53.73
53.73
53.73
53.73
53.73
53.73
53.73
53.7299
53.7299
53.7299
53.7299
53.7299
53.7299
53.7299
53.7299
53.7299
53.7299
53.7299
53.7299
53.7299
53.7299
53.7299
53.7299
53.7299
53.7299
53.7299
53.7299
53.7299
53.7299
53.7299
53.7299
53.7299
53.7299
53.7299
53.7299
53.7299
53.7299
53.7299
53.7299
53.7299
53.7299
53.7299
53.7299
53.7299
53.7299
53.7299
53.7299
53.7299
53.7299
53.7299
53.7299
53.7299
53.7299
53.7299
53.7299
53.7299
53.7299
53.7299
53.7299
53.7299
53.7299
53.7299
53.7299
53.7299
53.7299
53.7299
53.7299
53.7299
53.7299
53.7299
53.7299
53.7299
53.7299
53.7299
53.7299
53.7299
53.7299
53.7299
53.7299
53.7299
53.7299
53.7299
53.7299
53.7299
53.7299
53.7299
53.7299
53.7299
53.7299
53.7299
53.7299
53.7299
53.7299
53.7299
53.7299
53.7299
53.7299
53.7299
53.7299
53.7299
53.7299
53.7299
53.7299
53.7299
53.7299
53.7299
53.7299
53.7299
53.7299
53.7299
53.7299
53.7299
53.7299
53.7299
53.7299
53.7299
53.7299
53.7299
53.7299
53.7299
53.7299
53.7299
53.7299
53.7299
53.7299
53.7299
53.7299
53.7299
53.7299
53.7299
53.7299
53.7299
53.7299
53.7299
53.7299
53.7299
53.7299
53.7299
53.7299
53.7299
53.7299
53.7299
53.7299
53.7299
53.7299
53.7299
53.7299
53.7299
53.7299
53.7299
53.7299
53.7299
53.7299
53.7299
53.7299
53.7299
53.7299
53.7299
53.7299
53.7299
53.7299
53.7299
53.7299
53.7299
53.7299
53.7299
53.7299
53.7299
53.7299
53.7299
53.7299
53.7299
53.7299
53.7299
53.7299
53.7299
53.7299
53.7299
53.7299
53.7299
53.7299
53.7299
53.7299
53.7299
53.7299
53.7299
53.7299
53.7299
53.7299
53.7299
53.7299
53.7299
53.7299
53.7299
53.7299
53.7299
53.7299
53.7299
53.7299
53.7299
53.7299
53.7299
53.7299
53.7299
53.7299
53.7299
53.7299
53.7299
9.25928
18.6984
28.1528
39.2276
48.4399
53.7949
56.267
57.0769
57.0556
56.8164
56.3518
55.6509
54.8697
54.105
53.3863
52.7425
52.1804
51.6884
51.2572
50.8727
50.5253
50.2135
49.9082
49.5854
49.1891
48.749
48.3334
47.9458
47.5896
47.2668
46.9779
46.7221
46.4976
46.302
46.1325
45.9863
45.8607
45.753
45.6609
45.5822
45.515
45.4577
45.4086
45.3667
45.3309
45.3003
45.2742
45.252
45.2329
45.2166
45.2026
45.1906
45.1802
45.1713
45.1636
45.157
45.1512
45.1463
45.142
45.1383
45.1351
45.1323
45.1299
45.1279
45.1261
45.1246
45.1232
45.1221
45.1211
45.1202
45.1195
45.1189
45.1183
45.1179
45.1175
45.1171
45.1168
45.1166
45.1163
45.1162
45.116
45.1159
45.1158
45.1157
45.1156
45.1155
45.1155
45.1154
45.1154
45.1153
45.1153
45.1153
45.1153
45.1152
45.1152
45.1152
45.1152
45.1152
45.1152
45.1151
45.1151
45.1151
45.1151
45.1151
45.1151
45.1151
45.1151
45.1151
45.1151
45.115
45.115
45.115
45.115
45.115
45.115
45.115
45.115
45.115
45.115
45.115
45.115
45.115
45.115
45.115
45.115
45.1151
45.1151
45.1151
45.1151
45.1151
45.1151
45.1151
45.1151
45.1151
45.1151
45.1151
45.1151
45.115
45.115
45.115
45.115
45.115
45.115
45.1151
45.1151
45.1151
45.1151
45.1151
45.1151
45.1151
45.1151
45.1151
45.1151
45.1151
45.1151
45.1151
45.1151
45.1151
45.1151
45.1151
45.1151
45.1151
45.1151
45.1151
45.1151
45.1151
45.1151
45.1151
45.1151
45.1151
45.1151
45.1151
45.1151
45.1151
45.1151
45.1151
45.1151
45.1151
45.1151
45.1151
45.1151
45.1151
45.1151
45.1151
45.1151
45.1151
45.1151
45.1151
45.1151
45.1151
45.1151
45.1151
45.1151
45.1151
45.1151
45.1151
45.1151
45.1151
45.1151
45.1151
45.1151
45.1151
45.1151
45.1151
45.1151
45.1151
45.1151
45.1151
45.1151
45.1151
45.1151
45.1151
45.1151
45.115
45.115
45.115
45.115
45.115
45.115
45.115
45.115
45.1151
45.1151
45.1151
45.1151
45.1151
45.1151
45.1151
45.1151
45.1151
45.1151
45.1151
45.1151
45.1151
45.1151
45.1151
45.1151
45.1151
45.1151
45.1151
45.1151
45.1151
45.1151
45.1151
45.1151
45.1151
45.1151
45.1151
45.1151
45.1151
45.1151
45.1151
45.1151
45.1151
45.1151
45.1151
45.1151
45.1151
45.1151
45.1151
45.1151
45.1151
45.1151
45.1151
45.1151
45.1151
45.1151
45.1151
45.1151
45.1151
45.1151
45.1151
45.1151
45.1151
45.1151
45.1151
45.1151
45.1151
45.1151
45.1151
45.1151
45.1151
45.1151
45.1151
45.1151
45.1151
45.1151
45.1151
45.1151
45.1151
45.1151
45.1151
45.1151
45.1151
45.1151
45.1151
45.1151
45.1151
45.1151
45.1151
5.31386
11.1598
16.8341
24.8075
33.8688
41.4777
46.2974
48.8423
49.8139
50.1051
49.9762
49.7515
49.3973
48.9025
48.3376
47.7691
47.2258
46.7265
46.2614
45.823
45.3991
44.9872
44.5519
44.067
43.5117
42.9614
42.4454
41.9673
41.5294
41.133
40.7784
40.4644
40.1887
39.9485
39.7403
39.5606
39.4061
39.2736
39.1602
39.0632
38.9804
38.9098
38.8494
38.7977
38.7536
38.7159
38.6838
38.6564
38.633
38.6129
38.5958
38.581
38.5683
38.5575
38.5481
38.54
38.533
38.527
38.5218
38.5173
38.5135
38.5101
38.5073
38.5048
38.5026
38.5008
38.4992
38.4978
38.4966
38.4956
38.4947
38.4939
38.4933
38.4927
38.4922
38.4918
38.4914
38.4911
38.4909
38.4907
38.4905
38.4903
38.4902
38.4901
38.49
38.4899
38.4898
38.4898
38.4897
38.4897
38.4896
38.4896
38.4896
38.4895
38.4895
38.4895
38.4895
38.4895
38.4894
38.4894
38.4894
38.4894
38.4894
38.4894
38.4894
38.4893
38.4893
38.4893
38.4893
38.4893
38.4893
38.4893
38.4893
38.4893
38.4893
38.4893
38.4893
38.4893
38.4893
38.4893
38.4893
38.4893
38.4893
38.4893
38.4893
38.4893
38.4893
38.4893
38.4893
38.4893
38.4893
38.4893
38.4893
38.4893
38.4893
38.4893
38.4893
38.4893
38.4893
38.4893
38.4893
38.4893
38.4893
38.4893
38.4893
38.4893
38.4893
38.4893
38.4893
38.4893
38.4893
38.4894
38.4894
38.4894
38.4894
38.4894
38.4894
38.4894
38.4894
38.4894
38.4894
38.4894
38.4894
38.4894
38.4894
38.4894
38.4894
38.4894
38.4894
38.4894
38.4894
38.4894
38.4894
38.4894
38.4894
38.4894
38.4894
38.4894
38.4894
38.4894
38.4894
38.4894
38.4894
38.4894
38.4894
38.4894
38.4894
38.4894
38.4894
38.4894
38.4894
38.4894
38.4894
38.4894
38.4894
38.4894
38.4894
38.4894
38.4894
38.4894
38.4894
38.4894
38.4894
38.4894
38.4894
38.4894
38.4894
38.4894
38.4893
38.4893
38.4893
38.4893
38.4893
38.4893
38.4893
38.4893
38.4893
38.4893
38.4893
38.4893
38.4893
38.4893
38.4893
38.4893
38.4893
38.4893
38.4893
38.4893
38.4894
38.4894
38.4894
38.4894
38.4894
38.4894
38.4894
38.4894
38.4894
38.4894
38.4894
38.4894
38.4894
38.4894
38.4894
38.4894
38.4894
38.4894
38.4894
38.4894
38.4894
38.4894
38.4894
38.4894
38.4894
38.4894
38.4894
38.4894
38.4894
38.4894
38.4894
38.4894
38.4894
38.4894
38.4894
38.4894
38.4894
38.4894
38.4894
38.4894
38.4894
38.4894
38.4894
38.4894
38.4894
38.4894
38.4894
38.4894
38.4894
38.4894
38.4894
38.4894
38.4894
38.4894
38.4894
38.4894
38.4894
38.4894
38.4894
38.4894
38.4894
38.4894
38.4894
38.4894
38.4894
38.4894
38.4894
38.4894
38.4894
38.4894
38.4894
38.4894
3.3609
6.59651
10.2771
15.1894
21.8255
29.3439
35.8055
40.2256
42.7748
44.0117
44.4634
44.5546
44.4201
44.2307
43.9651
43.6061
43.1714
42.7266
42.2701
41.8107
41.3264
40.8105
40.2368
39.6008
38.9462
38.3287
37.7425
37.198
36.6992
36.2483
35.8455
35.4893
35.1769
34.9048
34.669
34.4655
34.2905
34.1404
34.0119
33.902
33.808
33.7279
33.6593
33.6007
33.5506
33.5079
33.4714
33.4404
33.4138
33.3911
33.3717
33.3551
33.3408
33.3285
33.3179
33.3088
33.301
33.2943
33.2885
33.2835
33.2791
33.2754
33.2722
33.2694
33.267
33.265
33.2632
33.2617
33.2604
33.2592
33.2582
33.2574
33.2567
33.256
33.2555
33.255
33.2546
33.2543
33.254
33.2538
33.2536
33.2534
33.2532
33.2531
33.253
33.2529
33.2528
33.2528
33.2527
33.2527
33.2526
33.2526
33.2525
33.2525
33.2525
33.2524
33.2524
33.2524
33.2524
33.2524
33.2523
33.2523
33.2523
33.2523
33.2523
33.2523
33.2523
33.2523
33.2522
33.2522
33.2522
33.2522
33.2522
33.2522
33.2522
33.2522
33.2522
33.2522
33.2522
33.2522
33.2522
33.2522
33.2522
33.2522
33.2522
33.2522
33.2522
33.2522
33.2522
33.2522
33.2522
33.2522
33.2522
33.2522
33.2522
33.2522
33.2522
33.2522
33.2522
33.2522
33.2522
33.2522
33.2522
33.2522
33.2522
33.2522
33.2522
33.2523
33.2523
33.2523
33.2523
33.2523
33.2523
33.2523
33.2523
33.2523
33.2523
33.2523
33.2523
33.2523
33.2523
33.2523
33.2523
33.2523
33.2523
33.2523
33.2523
33.2523
33.2523
33.2523
33.2523
33.2523
33.2523
33.2523
33.2523
33.2523
33.2523
33.2523
33.2523
33.2523
33.2523
33.2523
33.2523
33.2523
33.2523
33.2523
33.2523
33.2523
33.2523
33.2523
33.2523
33.2523
33.2523
33.2523
33.2523
33.2523
33.2523
33.2523
33.2523
33.2523
33.2523
33.2523
33.2523
33.2523
33.2523
33.2523
33.2523
33.2523
33.2523
33.2523
33.2523
33.2523
33.2522
33.2522
33.2522
33.2522
33.2522
33.2522
33.2522
33.2522
33.2522
33.2522
33.2522
33.2523
33.2523
33.2523
33.2523
33.2523
33.2523
33.2523
33.2523
33.2523
33.2523
33.2523
33.2523
33.2523
33.2523
33.2523
33.2523
33.2523
33.2523
33.2523
33.2523
33.2523
33.2523
33.2523
33.2523
33.2523
33.2523
33.2523
33.2523
33.2523
33.2523
33.2523
33.2523
33.2523
33.2523
33.2523
33.2523
33.2523
33.2523
33.2523
33.2523
33.2523
33.2523
33.2523
33.2523
33.2523
33.2523
33.2523
33.2523
33.2523
33.2523
33.2523
33.2523
33.2523
33.2523
33.2523
33.2523
33.2523
33.2523
33.2523
33.2523
33.2523
33.2523
33.2523
33.2523
33.2523
33.2523
33.2523
33.2523
33.2523
33.2523
33.2523
33.2523
33.2523
33.2523
33.2523
33.2523
33.2523
2.2983
4.11784
6.26018
9.56396
13.7008
19.2684
25.5046
31.0759
35.1782
37.7228
39.152
39.8247
40.0488
40.061
39.9378
39.7566
39.5155
39.2015
38.8056
38.3521
37.8285
37.2211
36.5382
35.8219
35.1377
34.4817
33.8538
33.2678
32.7309
32.2464
31.8145
31.4333
31.0996
30.8092
30.5577
30.3408
30.1542
29.9941
29.8569
29.7396
29.6392
29.5535
29.4803
29.4176
29.364
29.3182
29.2793
29.2461
29.2177
29.1935
29.1727
29.155
29.1397
29.1267
29.1155
29.1058
29.0975
29.0904
29.0843
29.079
29.0744
29.0705
29.0671
29.0642
29.0617
29.0596
29.0577
29.0561
29.0547
29.0535
29.0525
29.0516
29.0508
29.0502
29.0496
29.0491
29.0487
29.0484
29.0481
29.0478
29.0476
29.0474
29.0472
29.0471
29.047
29.0469
29.0468
29.0467
29.0467
29.0466
29.0466
29.0465
29.0465
29.0465
29.0464
29.0464
29.0464
29.0464
29.0463
29.0463
29.0463
29.0463
29.0463
29.0463
29.0462
29.0462
29.0462
29.0462
29.0462
29.0462
29.0462
29.0462
29.0462
29.0462
29.0462
29.0462
29.0462
29.0462
29.0462
29.0462
29.0462
29.0462
29.0462
29.0462
29.0462
29.0462
29.0462
29.0462
29.0462
29.0462
29.0462
29.0462
29.0462
29.0462
29.0462
29.0462
29.0462
29.0462
29.0462
29.0462
29.0462
29.0462
29.0462
29.0462
29.0462
29.0462
29.0462
29.0462
29.0462
29.0462
29.0462
29.0462
29.0462
29.0462
29.0462
29.0462
29.0462
29.0462
29.0462
29.0463
29.0463
29.0463
29.0463
29.0463
29.0463
29.0463
29.0463
29.0463
29.0463
29.0463
29.0463
29.0463
29.0463
29.0463
29.0463
29.0463
29.0463
29.0463
29.0463
29.0463
29.0463
29.0463
29.0463
29.0463
29.0463
29.0463
29.0463
29.0463
29.0463
29.0463
29.0463
29.0463
29.0463
29.0463
29.0463
29.0463
29.0463
29.0463
29.0463
29.0463
29.0463
29.0463
29.0463
29.0463
29.0463
29.0462
29.0462
29.0462
29.0462
29.0462
29.0462
29.0462
29.0462
29.0462
29.0462
29.0462
29.0462
29.0462
29.0462
29.0462
29.0462
29.0462
29.0462
29.0462
29.0462
29.0462
29.0462
29.0462
29.0462
29.0462
29.0462
29.0462
29.0462
29.0463
29.0463
29.0463
29.0463
29.0463
29.0463
29.0463
29.0463
29.0463
29.0463
29.0463
29.0463
29.0463
29.0463
29.0463
29.0463
29.0463
29.0463
29.0463
29.0463
29.0463
29.0463
29.0463
29.0463
29.0463
29.0463
29.0463
29.0463
29.0463
29.0463
29.0463
29.0463
29.0463
29.0463
29.0463
29.0463
29.0463
29.0463
29.0463
29.0463
29.0463
29.0463
29.0463
29.0463
29.0463
29.0463
29.0463
29.0463
29.0463
29.0463
29.0463
29.0463
29.0463
29.0463
29.0463
29.0463
29.0463
29.0463
29.0463
29.0463
29.0463
29.0463
29.0463
29.0463
29.0463
29.0463
29.0463
1.61862
2.85912
4.04645
6.03244
8.90989
12.4466
17.0519
22.2503
27.1089
30.9059
33.4498
35.0011
35.8529
36.2508
36.3612
36.309
36.1502
35.8931
35.5441
35.1077
34.5777
33.9438
33.2467
32.5457
31.865
31.1969
30.5543
29.9525
29.4013
28.9051
28.4641
28.0759
27.7366
27.4416
27.1862
26.9659
26.7763
26.6135
26.474
26.3545
26.2522
26.1649
26.0901
26.0261
25.9713
25.9246
25.8848
25.8508
25.8219
25.7971
25.776
25.7579
25.7424
25.7291
25.7177
25.7079
25.6995
25.6923
25.6861
25.6808
25.6762
25.6723
25.6689
25.666
25.6634
25.6613
25.6594
25.6578
25.6564
25.6552
25.6542
25.6533
25.6525
25.6519
25.6513
25.6508
25.6504
25.6501
25.6497
25.6495
25.6493
25.6491
25.6489
25.6488
25.6487
25.6486
25.6485
25.6484
25.6484
25.6483
25.6483
25.6482
25.6482
25.6482
25.6481
25.6481
25.6481
25.648
25.648
25.648
25.648
25.648
25.6479
25.6479
25.6479
25.6479
25.6479
25.6479
25.6479
25.6479
25.6479
25.6479
25.6479
25.6478
25.6478
25.6478
25.6478
25.6478
25.6478
25.6478
25.6478
25.6478
25.6478
25.6479
25.6479
25.6479
25.6479
25.6479
25.6479
25.6479
25.6479
25.6479
25.6479
25.6479
25.6479
25.6479
25.6479
25.6479
25.6479
25.6479
25.6479
25.6479
25.6479
25.6479
25.6479
25.6479
25.6479
25.6479
25.6479
25.6479
25.6479
25.6479
25.6479
25.6479
25.6479
25.6479
25.6479
25.6479
25.6479
25.6479
25.6479
25.6479
25.6479
25.6479
25.6479
25.6479
25.6479
25.6479
25.6479
25.6479
25.6479
25.6479
25.6479
25.6479
25.6479
25.6479
25.6479
25.6479
25.6479
25.6479
25.6479
25.6479
25.6479
25.6479
25.6479
25.6479
25.6479
25.6479
25.6479
25.6479
25.6479
25.6479
25.6479
25.6479
25.6479
25.6479
25.6479
25.6479
25.6479
25.6479
25.6479
25.6479
25.6479
25.6479
25.6479
25.6479
25.6479
25.6479
25.6479
25.6479
25.6479
25.6479
25.6479
25.6479
25.6479
25.6479
25.6479
25.6479
25.6479
25.6479
25.6479
25.6479
25.6479
25.6479
25.6479
25.6479
25.6479
25.6479
25.6479
25.6479
25.6479
25.6479
25.6479
25.6479
25.6479
25.6479
25.6479
25.6479
25.6479
25.6479
25.6479
25.6479
25.6479
25.6479
25.6479
25.6479
25.6479
25.6479
25.6479
25.6479
25.6479
25.6479
25.6479
25.6479
25.6479
25.6479
25.6479
25.6479
25.6479
25.6479
25.6479
25.6479
25.6479
25.6479
25.6479
25.6479
25.6479
25.6479
25.6479
25.6479
25.6479
25.6479
25.6479
25.6479
25.6479
25.6479
25.6479
25.6479
25.6479
25.6479
25.6479
25.6479
25.6479
25.6479
25.6479
25.6479
25.6479
25.6479
25.6479
25.6479
25.6479
25.6479
25.6479
25.6479
25.6479
25.6479
25.6479
25.6479
25.6479
25.6479
1.17752
2.11236
2.88352
4.03533
5.83153
8.37359
11.3543
15.169
19.52
23.7577
27.2403
29.7723
31.4059
32.3965
32.927
33.1316
33.1218
32.9327
32.6051
32.1578
31.6136
30.9973
30.3386
29.6726
29.0064
28.349
27.7155
27.1221
26.5801
26.094
25.6635
25.2852
24.9549
24.6679
24.4192
24.2045
24.0195
23.8604
23.7238
23.6068
23.5065
23.4206
23.3471
23.284
23.23
23.184
23.1448
23.1113
23.0828
23.0584
23.0376
23.0198
23.0046
22.9915
22.9804
22.9708
22.9626
22.9556
22.9495
22.9443
22.9399
22.9361
22.9328
22.9299
22.9275
22.9254
22.9236
22.922
22.9207
22.9195
22.9186
22.9177
22.917
22.9163
22.9158
22.9153
22.9149
22.9146
22.9143
22.914
22.9138
22.9136
22.9135
22.9134
22.9132
22.9132
22.9131
22.913
22.9129
22.9129
22.9128
22.9128
22.9128
22.9127
22.9127
22.9127
22.9126
22.9126
22.9126
22.9126
22.9126
22.9125
22.9125
22.9125
22.9125
22.9125
22.9125
22.9125
22.9125
22.9125
22.9124
22.9124
22.9124
22.9124
22.9124
22.9124
22.9124
22.9124
22.9124
22.9124
22.9124
22.9124
22.9124
22.9124
22.9124
22.9124
22.9124
22.9124
22.9124
22.9124
22.9124
22.9124
22.9124
22.9124
22.9124
22.9124
22.9124
22.9124
22.9124
22.9124
22.9124
22.9124
22.9124
22.9124
22.9124
22.9124
22.9124
22.9125
22.9125
22.9125
22.9125
22.9125
22.9125
22.9125
22.9125
22.9125
22.9125
22.9125
22.9125
22.9125
22.9125
22.9125
22.9125
22.9125
22.9125
22.9125
22.9125
22.9125
22.9125
22.9125
22.9125
22.9125
22.9125
22.9125
22.9125
22.9125
22.9125
22.9125
22.9125
22.9125
22.9125
22.9125
22.9125
22.9125
22.9125
22.9125
22.9125
22.9125
22.9125
22.9125
22.9125
22.9125
22.9125
22.9125
22.9125
22.9125
22.9125
22.9125
22.9125
22.9125
22.9125
22.9125
22.9125
22.9125
22.9125
22.9125
22.9125
22.9125
22.9125
22.9125
22.9125
22.9125
22.9125
22.9124
22.9124
22.9124
22.9124
22.9124
22.9124
22.9124
22.9124
22.9124
22.9124
22.9124
22.9125
22.9125
22.9125
22.9125
22.9125
22.9125
22.9125
22.9125
22.9125
22.9125
22.9125
22.9125
22.9125
22.9125
22.9125
22.9125
22.9125
22.9125
22.9125
22.9125
22.9125
22.9125
22.9125
22.9125
22.9125
22.9125
22.9125
22.9125
22.9125
22.9125
22.9125
22.9125
22.9125
22.9125
22.9125
22.9125
22.9125
22.9125
22.9125
22.9125
22.9125
22.9125
22.9125
22.9125
22.9125
22.9125
22.9125
22.9125
22.9125
22.9125
22.9125
22.9125
22.9125
22.9125
22.9125
22.9125
22.9125
22.9125
22.9125
22.9125
22.9125
22.9125
22.9125
22.9125
22.9125
22.9125
22.9125
22.9125
22.9125
22.9125
22.9125
22.9125
22.9125
22.9125
22.9125
22.9125
0.905938
1.60759
2.20597
2.99077
4.05657
5.70799
7.91507
10.4409
13.6068
17.2633
20.9165
24.1086
26.5525
28.2556
29.3316
29.9436
30.2184
30.2154
29.9957
29.6033
29.0878
28.4951
27.8547
27.197
26.5411
25.8976
25.2833
24.7148
24.2015
23.7447
23.3415
22.9876
22.6784
22.4091
22.1754
21.9731
21.7983
21.6477
21.5181
21.4068
21.3112
21.2292
21.1589
21.0984
21.0467
21.0025
20.9649
20.9328
20.9054
20.882
20.862
20.845
20.8304
20.8179
20.8073
20.7982
20.7904
20.7837
20.7779
20.773
20.7688
20.7652
20.7621
20.7594
20.7571
20.7552
20.7535
20.752
20.7507
20.7497
20.7487
20.7479
20.7472
20.7466
20.7461
20.7457
20.7453
20.745
20.7447
20.7445
20.7443
20.7441
20.744
20.7439
20.7437
20.7437
20.7436
20.7435
20.7435
20.7434
20.7434
20.7433
20.7433
20.7433
20.7432
20.7432
20.7432
20.7431
20.7431
20.7431
20.7431
20.7431
20.7431
20.743
20.743
20.743
20.743
20.743
20.743
20.743
20.743
20.743
20.743
20.743
20.743
20.743
20.743
20.743
20.743
20.743
20.743
20.743
20.743
20.743
20.743
20.743
20.743
20.743
20.743
20.743
20.743
20.743
20.743
20.743
20.743
20.743
20.743
20.743
20.743
20.743
20.743
20.743
20.743
20.743
20.743
20.743
20.743
20.743
20.743
20.743
20.743
20.743
20.743
20.743
20.743
20.743
20.743
20.743
20.743
20.743
20.743
20.743
20.743
20.743
20.743
20.743
20.743
20.743
20.743
20.743
20.743
20.743
20.743
20.743
20.743
20.743
20.743
20.743
20.743
20.743
20.743
20.743
20.743
20.743
20.743
20.743
20.743
20.743
20.743
20.743
20.743
20.743
20.743
20.743
20.743
20.743
20.743
20.743
20.743
20.743
20.743
20.743
20.743
20.743
20.743
20.743
20.743
20.743
20.743
20.743
20.743
20.743
20.743
20.743
20.743
20.743
20.743
20.743
20.743
20.743
20.743
20.743
20.743
20.743
20.743
20.743
20.743
20.743
20.743
20.743
20.743
20.743
20.743
20.743
20.743
20.743
20.743
20.743
20.743
20.743
20.743
20.743
20.743
20.743
20.743
20.743
20.743
20.743
20.743
20.743
20.743
20.743
20.743
20.743
20.743
20.743
20.743
20.743
20.743
20.743
20.743
20.743
20.743
20.743
20.743
20.743
20.743
20.743
20.743
20.743
20.743
20.743
20.743
20.743
20.743
20.743
20.743
20.743
20.743
20.743
20.743
20.743
20.743
20.743
20.743
20.743
20.743
20.743
20.743
20.743
20.743
20.743
20.743
20.743
20.743
20.743
20.743
20.743
20.743
20.743
0.754515
1.26405
1.7907
2.3955
3.13428
4.14128
5.63448
7.56186
9.72049
12.3859
15.4277
18.5718
21.4279
23.7441
25.4346
26.5653
27.2232
27.5166
27.5184
27.2864
26.8761
26.3399
25.7329
25.0927
24.444
23.8124
23.2306
22.7085
22.244
21.8323
21.4686
21.1486
20.8678
20.6223
20.4082
20.2222
20.0609
19.9213
19.8008
19.697
19.6076
19.5307
19.4645
19.4075
19.3587
19.317
19.2815
19.2511
19.2252
19.2031
19.1843
19.1682
19.1545
19.1428
19.1328
19.1242
19.1169
19.1107
19.1053
19.1008
19.0968
19.0935
19.0906
19.0881
19.086
19.0842
19.0826
19.0812
19.0801
19.0791
19.0782
19.0775
19.0768
19.0763
19.0758
19.0754
19.0751
19.0748
19.0745
19.0743
19.0741
19.074
19.0738
19.0737
19.0736
19.0735
19.0735
19.0734
19.0733
19.0733
19.0733
19.0732
19.0732
19.0732
19.0731
19.0731
19.0731
19.0731
19.073
19.073
19.073
19.073
19.073
19.073
19.0729
19.0729
19.0729
19.0729
19.0729
19.0729
19.0729
19.0729
19.0729
19.0729
19.0729
19.0729
19.0729
19.0729
19.0729
19.0729
19.0729
19.0729
19.0729
19.0729
19.0729
19.0729
19.0729
19.0729
19.0729
19.0729
19.0729
19.0729
19.0729
19.0729
19.0729
19.0729
19.0729
19.0729
19.0729
19.0729
19.0729
19.0729
19.0729
19.0729
19.0729
19.0729
19.0729
19.0729
19.0729
19.0729
19.0729
19.0729
19.0729
19.0729
19.0729
19.0729
19.0729
19.0729
19.0729
19.0729
19.0729
19.0729
19.0729
19.0729
19.0729
19.0729
19.0729
19.0729
19.0729
19.0729
19.0729
19.0729
19.0729
19.0729
19.0729
19.0729
19.0729
19.0729
19.0729
19.0729
19.0729
19.0729
19.0729
19.0729
19.0729
19.0729
19.0729
19.0729
19.0729
19.0729
19.0729
19.0729
19.0729
19.0729
19.0729
19.0729
19.0729
19.0729
19.0729
19.0729
19.0729
19.0729
19.0729
19.0729
19.0729
19.0729
19.0729
19.0729
19.0729
19.0729
19.0729
19.0729
19.0729
19.0729
19.0729
19.0729
19.0729
19.0729
19.0729
19.0729
19.0729
19.0729
19.0729
19.0729
19.0729
19.0729
19.0729
19.0729
19.0729
19.0729
19.0729
19.0729
19.0729
19.0729
19.0729
19.0729
19.0729
19.0729
19.0729
19.0729
19.0729
19.0729
19.0729
19.0729
19.0729
19.0729
19.0729
19.0729
19.0729
19.0729
19.0729
19.0729
19.0729
19.0729
19.0729
19.0729
19.0729
19.0729
19.0729
19.0729
19.0729
19.0729
19.0729
19.0729
19.0729
19.0729
19.0729
19.0729
19.0729
19.0729
19.0729
19.0729
19.0729
19.0729
19.0729
19.0729
19.0729
19.0729
19.0729
19.0729
19.0729
19.0729
19.0729
19.0729
19.0729
19.0729
19.0729
19.0729
19.0729
19.0729
19.0729
19.0729
19.0729
19.0729
19.0729
19.0729
19.0729
19.0729
19.0729
19.0729
0.670526
1.04215
1.53521
2.04486
2.62252
3.33736
4.28772
5.64336
7.33408
9.27971
11.5
14.0604
16.7269
19.2257
21.3259
22.9353
24.036
24.7087
25.0305
25.0551
24.84
24.4141
23.8573
23.2466
22.6441
22.0856
21.5789
21.1263
20.7227
20.3629
20.0428
19.7589
19.5081
19.2872
19.0934
18.924
18.7763
18.6479
18.5366
18.4404
18.3571
18.2853
18.2233
18.1698
18.124
18.0848
18.0513
18.0227
17.9984
17.9776
17.9599
17.9448
17.9319
17.9209
17.9116
17.9036
17.8968
17.8909
17.886
17.8817
17.8781
17.8749
17.8723
17.87
17.868
17.8663
17.8649
17.8636
17.8626
17.8616
17.8608
17.8602
17.8596
17.8591
17.8586
17.8583
17.858
17.8577
17.8575
17.8573
17.8571
17.8569
17.8568
17.8567
17.8566
17.8565
17.8565
17.8564
17.8564
17.8563
17.8563
17.8562
17.8562
17.8562
17.8562
17.8561
17.8561
17.8561
17.8561
17.856
17.856
17.856
17.856
17.856
17.856
17.856
17.856
17.856
17.856
17.8559
17.8559
17.8559
17.8559
17.8559
17.8559
17.8559
17.8559
17.8559
17.8559
17.8559
17.8559
17.8559
17.8559
17.8559
17.8559
17.8559
17.8559
17.8559
17.8559
17.8559
17.8559
17.8559
17.8559
17.8559
17.8559
17.8559
17.8559
17.8559
17.8559
17.8559
17.8559
17.8559
17.8559
17.8559
17.8559
17.8559
17.8559
17.8559
17.8559
17.8559
17.8559
17.8559
17.8559
17.8559
17.8559
17.8559
17.856
17.856
17.856
17.856
17.856
17.856
17.856
17.856
17.856
17.856
17.856
17.856
17.856
17.856
17.856
17.856
17.856
17.856
17.856
17.856
17.856
17.856
17.856
17.856
17.856
17.856
17.856
17.856
17.856
17.856
17.856
17.856
17.856
17.856
17.856
17.856
17.856
17.856
17.856
17.856
17.856
17.856
17.856
17.856
17.856
17.856
17.856
17.856
17.856
17.856
17.856
17.856
17.856
17.856
17.8559
17.8559
17.8559
17.8559
17.8559
17.8559
17.8559
17.8559
17.8559
17.8559
17.8559
17.8559
17.8559
17.8559
17.8559
17.8559
17.8559
17.8559
17.8559
17.8559
17.8559
17.856
17.856
17.856
17.856
17.856
17.856
17.856
17.856
17.856
17.856
17.856
17.856
17.856
17.856
17.856
17.856
17.856
17.856
17.856
17.856
17.856
17.856
17.856
17.856
17.856
17.856
17.856
17.856
17.856
17.856
17.856
17.856
17.856
17.856
17.856
17.856
17.856
17.856
17.856
17.856
17.856
17.856
17.856
17.856
17.856
17.856
17.856
17.856
17.856
17.856
17.856
17.856
17.856
17.856
17.856
17.856
17.856
17.856
17.856
17.856
17.856
17.856
17.856
17.856
17.856
17.856
17.856
17.856
17.856
0.622141
0.909701
1.38111
1.84553
2.3428
2.92031
3.63075
4.55292
5.81396
7.30294
9.09802
11.1134
13.2965
15.5376
17.6613
19.5089
20.9559
21.9936
22.6604
22.9564
22.9147
22.6546
22.2496
21.7682
21.2815
20.8275
20.4068
20.0227
19.6745
19.3601
19.0772
18.8238
18.5978
18.3972
18.2199
18.0639
17.9271
17.8078
17.7039
17.6138
17.5354
17.4675
17.4087
17.3581
17.3146
17.2773
17.2454
17.2183
17.1951
17.1754
17.1585
17.1442
17.132
17.1216
17.1128
17.1052
17.0988
17.0933
17.0886
17.0846
17.0812
17.0783
17.0758
17.0736
17.0718
17.0702
17.0688
17.0677
17.0667
17.0658
17.0651
17.0645
17.0639
17.0634
17.063
17.0627
17.0624
17.0621
17.0619
17.0617
17.0616
17.0614
17.0613
17.0612
17.0611
17.0611
17.061
17.0609
17.0609
17.0609
17.0608
17.0608
17.0608
17.0607
17.0607
17.0607
17.0607
17.0606
17.0606
17.0606
17.0606
17.0606
17.0606
17.0606
17.0605
17.0605
17.0605
17.0605
17.0605
17.0605
17.0605
17.0605
17.0605
17.0605
17.0605
17.0605
17.0605
17.0605
17.0605
17.0605
17.0605
17.0605
17.0605
17.0605
17.0605
17.0605
17.0605
17.0605
17.0605
17.0605
17.0605
17.0605
17.0605
17.0605
17.0605
17.0605
17.0605
17.0605
17.0605
17.0605
17.0605
17.0605
17.0605
17.0605
17.0605
17.0605
17.0605
17.0605
17.0605
17.0605
17.0605
17.0605
17.0605
17.0605
17.0605
17.0605
17.0605
17.0605
17.0605
17.0605
17.0605
17.0605
17.0605
17.0605
17.0605
17.0605
17.0605
17.0605
17.0605
17.0605
17.0605
17.0605
17.0605
17.0605
17.0605
17.0605
17.0605
17.0605
17.0605
17.0605
17.0605
17.0605
17.0605
17.0605
17.0605
17.0605
17.0605
17.0605
17.0605
17.0605
17.0605
17.0605
17.0605
17.0605
17.0605
17.0605
17.0605
17.0605
17.0605
17.0605
17.0605
17.0605
17.0605
17.0605
17.0605
17.0605
17.0605
17.0605
17.0605
17.0605
17.0605
17.0605
17.0605
17.0605
17.0605
17.0605
17.0605
17.0605
17.0605
17.0605
17.0605
17.0605
17.0605
17.0605
17.0605
17.0605
17.0605
17.0605
17.0605
17.0605
17.0605
17.0605
17.0605
17.0605
17.0605
17.0605
17.0605
17.0605
17.0605
17.0605
17.0605
17.0605
17.0605
17.0605
17.0605
17.0605
17.0605
17.0605
17.0605
17.0605
17.0605
17.0605
17.0605
17.0605
17.0605
17.0605
17.0605
17.0605
17.0605
17.0605
17.0605
17.0605
17.0605
17.0605
17.0605
17.0605
17.0605
17.0605
17.0605
17.0605
17.0605
17.0605
17.0605
17.0605
17.0605
17.0605
17.0605
17.0605
17.0605
17.0605
17.0605
17.0605
17.0605
17.0605
17.0605
17.0605
17.0605
17.0605
17.0605
17.0605
17.0605
17.0605
17.0605
17.0605
17.0605
17.0605
17.0605
17.0605
17.0605
17.0605
0.596599
0.847533
1.30542
1.7543
2.21783
2.73916
3.35619
4.11907
5.09866
6.29751
7.77974
9.42307
11.2504
13.2217
15.2201
17.1044
18.717
20.0067
20.9501
21.4922
21.6445
21.556
21.3059
20.951
20.5565
20.1674
19.7979
19.4543
19.1386
18.8504
18.5889
18.3528
18.1409
17.9516
17.7836
17.6351
17.5045
17.3901
17.2904
17.2036
17.1277
17.0617
17.0047
16.9555
16.9131
16.8768
16.8459
16.8195
16.7969
16.7778
16.7614
16.7475
16.7357
16.7256
16.7171
16.7097
16.7035
16.6982
16.6937
16.6898
16.6865
16.6837
16.6813
16.6792
16.6775
16.6759
16.6746
16.6735
16.6726
16.6717
16.671
16.6704
16.6699
16.6695
16.6691
16.6687
16.6684
16.6682
16.668
16.6678
16.6677
16.6675
16.6674
16.6673
16.6672
16.6672
16.6671
16.6671
16.667
16.667
16.6669
16.6669
16.6669
16.6668
16.6668
16.6668
16.6668
16.6668
16.6667
16.6667
16.6667
16.6667
16.6667
16.6667
16.6667
16.6667
16.6667
16.6666
16.6666
16.6666
16.6666
16.6666
16.6666
16.6666
16.6666
16.6666
16.6666
16.6666
16.6666
16.6666
16.6666
16.6666
16.6666
16.6666
16.6666
16.6666
16.6666
16.6666
16.6666
16.6666
16.6666
16.6666
16.6666
16.6666
16.6666
16.6666
16.6666
16.6666
16.6666
16.6666
16.6666
16.6666
16.6666
16.6666
16.6666
16.6666
16.6666
16.6666
16.6666
16.6666
16.6666
16.6666
16.6666
16.6666
16.6666
16.6666
16.6666
16.6666
16.6666
16.6666
16.6666
16.6666
16.6666
16.6666
16.6666
16.6666
16.6666
16.6666
16.6666
16.6666
16.6666
16.6666
16.6666
16.6666
16.6666
16.6666
16.6666
16.6666
16.6666
16.6666
16.6666
16.6666
16.6666
16.6666
16.6666
16.6666
16.6666
16.6666
16.6666
16.6666
16.6666
16.6666
16.6666
16.6666
16.6666
16.6666
16.6666
16.6666
16.6666
16.6666
16.6666
16.6666
16.6666
16.6666
16.6666
16.6666
16.6666
16.6666
16.6666
16.6666
16.6666
16.6666
16.6666
16.6666
16.6666
16.6666
16.6666
16.6666
16.6666
16.6666
16.6666
16.6666
16.6666
16.6666
16.6666
16.6666
16.6666
16.6666
16.6666
16.6666
16.6666
16.6666
16.6666
16.6666
16.6666
16.6666
16.6666
16.6666
16.6666
16.6666
16.6666
16.6666
16.6666
16.6666
16.6666
16.6666
16.6666
16.6666
16.6666
16.6666
16.6666
16.6666
16.6666
16.6666
16.6666
16.6666
16.6666
16.6666
16.6666
16.6666
16.6666
16.6666
16.6666
16.6666
16.6666
16.6666
16.6666
16.6666
16.6666
16.6666
16.6666
16.6666
16.6666
16.6666
16.6666
16.6666
16.6666
16.6666
16.6666
16.6666
16.6666
16.6666
16.6666
16.6666
16.6666
16.6666
16.6666
16.6666
16.6666
16.6666
16.6666
16.6666
16.6666
16.6666
16.6666
16.6666
16.6666
16.6666
16.6666
16.6666
)
;

boundaryField
{
    inlet
    {
        type            fixedValue;
        value           uniform 0.48;
    }
    outlet
    {
        type            zeroGradient;
    }
    sideWall
    {
        type            empty;
    }
    bed
    {
        type            omegaWallFunction;
        refValue        nonuniform List<scalar> 
300
(
912.882
737.199
645.288
636.903
630.513
627.153
624.015
622.556
621.658
621.727
622.22
623.132
624.413
625.985
627.78
629.741
631.927
634.224
636.579
639.115
641.799
644.534
647.348
650.183
653.057
655.929
658.582
660.883
662.823
664.446
665.797
666.921
667.854
668.63
669.274
669.81
670.256
670.629
670.942
671.205
671.427
671.614
671.775
671.914
672.031
672.129
672.212
672.284
672.346
672.4
672.447
672.488
672.523
672.554
672.581
672.605
672.625
672.643
672.659
672.672
672.684
672.694
672.703
672.71
672.717
672.723
672.728
672.732
672.736
672.739
672.742
672.744
672.746
672.748
672.749
672.751
672.752
672.753
672.753
672.754
672.755
672.755
672.756
672.756
672.756
672.756
672.757
672.757
672.757
672.757
672.757
672.757
672.757
672.757
672.757
672.758
672.758
672.758
672.758
672.758
672.758
672.758
672.758
672.758
672.758
672.758
672.758
672.758
672.758
672.758
672.758
672.758
672.758
672.758
672.758
672.758
672.758
672.758
672.758
672.758
672.758
672.758
672.758
672.758
672.758
672.758
672.758
672.758
672.758
672.758
672.758
672.758
672.758
672.758
672.758
672.758
672.758
672.758
672.758
672.758
672.758
672.758
672.758
672.758
672.758
672.758
672.758
672.758
672.758
672.758
672.758
672.758
672.758
672.758
672.758
672.758
672.758
672.758
672.758
672.758
672.758
672.758
672.758
672.758
672.758
672.758
672.758
672.758
672.758
672.758
672.758
672.758
672.758
672.758
672.758
672.758
672.758
672.758
672.758
672.758
672.758
672.758
672.758
672.758
672.758
672.758
672.758
672.758
672.758
672.758
672.758
672.758
672.758
672.758
672.758
672.758
672.758
672.758
672.758
672.758
672.758
672.758
672.758
672.758
672.758
672.758
672.758
672.758
672.758
672.758
672.758
672.758
672.758
672.758
672.758
672.758
672.758
672.758
672.758
672.758
672.758
672.758
672.758
672.758
672.758
672.758
672.758
672.758
672.758
672.758
672.758
672.758
672.758
672.758
672.758
672.758
672.758
672.758
672.758
672.758
672.758
672.758
672.758
672.758
672.758
672.758
672.758
672.758
672.758
672.758
672.758
672.758
672.758
672.758
672.758
672.758
672.758
672.758
672.758
672.758
672.758
672.758
672.758
672.758
672.758
672.758
672.758
672.758
672.758
672.758
672.758
672.758
672.758
672.758
672.758
672.758
672.758
672.758
672.758
672.758
672.758
672.758
672.758
672.758
672.758
672.758
672.758
672.758
672.758
672.758
672.758
672.758
672.758
672.758
672.758
672.758
672.758
672.758
672.758
672.757
)
;
        value           nonuniform List<scalar> 
300
(
912.882
737.199
645.288
636.903
630.513
627.153
624.015
622.556
621.658
621.727
622.22
623.132
624.413
625.985
627.78
629.741
631.927
634.224
636.579
639.115
641.799
644.534
647.348
650.183
653.057
655.929
658.582
660.883
662.823
664.446
665.797
666.921
667.854
668.63
669.274
669.81
670.256
670.629
670.942
671.205
671.427
671.614
671.775
671.914
672.031
672.129
672.212
672.284
672.346
672.4
672.447
672.488
672.523
672.554
672.581
672.605
672.625
672.643
672.659
672.672
672.684
672.694
672.703
672.71
672.717
672.723
672.728
672.732
672.736
672.739
672.742
672.744
672.746
672.748
672.749
672.751
672.752
672.753
672.753
672.754
672.755
672.755
672.756
672.756
672.756
672.756
672.757
672.757
672.757
672.757
672.757
672.757
672.757
672.757
672.757
672.758
672.758
672.758
672.758
672.758
672.758
672.758
672.758
672.758
672.758
672.758
672.758
672.758
672.758
672.758
672.758
672.758
672.758
672.758
672.758
672.758
672.758
672.758
672.758
672.758
672.758
672.758
672.758
672.758
672.758
672.758
672.758
672.758
672.758
672.758
672.758
672.758
672.758
672.758
672.758
672.758
672.758
672.758
672.758
672.758
672.758
672.758
672.758
672.758
672.758
672.758
672.758
672.758
672.758
672.758
672.758
672.758
672.758
672.758
672.758
672.758
672.758
672.758
672.758
672.758
672.758
672.758
672.758
672.758
672.758
672.758
672.758
672.758
672.758
672.758
672.758
672.758
672.758
672.758
672.758
672.758
672.758
672.758
672.758
672.758
672.758
672.758
672.758
672.758
672.758
672.758
672.758
672.758
672.758
672.758
672.758
672.758
672.758
672.758
672.758
672.758
672.758
672.758
672.758
672.758
672.758
672.758
672.758
672.758
672.758
672.758
672.758
672.758
672.758
672.758
672.758
672.758
672.758
672.758
672.758
672.758
672.758
672.758
672.758
672.758
672.758
672.758
672.758
672.758
672.758
672.758
672.758
672.758
672.758
672.758
672.758
672.758
672.758
672.758
672.758
672.758
672.758
672.758
672.758
672.758
672.758
672.758
672.758
672.758
672.758
672.758
672.758
672.758
672.758
672.758
672.758
672.758
672.758
672.758
672.758
672.758
672.758
672.758
672.758
672.758
672.758
672.758
672.758
672.758
672.758
672.758
672.758
672.758
672.758
672.758
672.758
672.758
672.758
672.758
672.758
672.758
672.758
672.758
672.758
672.758
672.758
672.758
672.758
672.758
672.758
672.758
672.758
672.758
672.758
672.758
672.758
672.758
672.758
672.758
672.758
672.758
672.758
672.758
672.758
672.757
)
;
        Cmu             0.09;
        kappa           0.41;
        E               9.8;
        beta1           0.075;
    }
    topWall
    {
        type            slip;
        value           nonuniform List<scalar> 
300
(
0.596599
0.847533
1.30542
1.7543
2.21783
2.73916
3.35619
4.11907
5.09866
6.29751
7.77974
9.42307
11.2504
13.2217
15.2201
17.1044
18.717
20.0067
20.9501
21.4922
21.6445
21.556
21.3059
20.951
20.5565
20.1674
19.7979
19.4543
19.1386
18.8504
18.5889
18.3528
18.1409
17.9516
17.7836
17.6351
17.5045
17.3901
17.2904
17.2036
17.1277
17.0617
17.0047
16.9555
16.9131
16.8768
16.8459
16.8195
16.7969
16.7778
16.7614
16.7475
16.7357
16.7256
16.7171
16.7097
16.7035
16.6982
16.6937
16.6898
16.6865
16.6837
16.6813
16.6792
16.6775
16.6759
16.6746
16.6735
16.6726
16.6717
16.671
16.6704
16.6699
16.6695
16.6691
16.6687
16.6684
16.6682
16.668
16.6678
16.6677
16.6675
16.6674
16.6673
16.6672
16.6672
16.6671
16.6671
16.667
16.667
16.6669
16.6669
16.6669
16.6668
16.6668
16.6668
16.6668
16.6668
16.6667
16.6667
16.6667
16.6667
16.6667
16.6667
16.6667
16.6667
16.6667
16.6666
16.6666
16.6666
16.6666
16.6666
16.6666
16.6666
16.6666
16.6666
16.6666
16.6666
16.6666
16.6666
16.6666
16.6666
16.6666
16.6666
16.6666
16.6666
16.6666
16.6666
16.6666
16.6666
16.6666
16.6666
16.6666
16.6666
16.6666
16.6666
16.6666
16.6666
16.6666
16.6666
16.6666
16.6666
16.6666
16.6666
16.6666
16.6666
16.6666
16.6666
16.6666
16.6666
16.6666
16.6666
16.6666
16.6666
16.6666
16.6666
16.6666
16.6666
16.6666
16.6666
16.6666
16.6666
16.6666
16.6666
16.6666
16.6666
16.6666
16.6666
16.6666
16.6666
16.6666
16.6666
16.6666
16.6666
16.6666
16.6666
16.6666
16.6666
16.6666
16.6666
16.6666
16.6666
16.6666
16.6666
16.6666
16.6666
16.6666
16.6666
16.6666
16.6666
16.6666
16.6666
16.6666
16.6666
16.6666
16.6666
16.6666
16.6666
16.6666
16.6666
16.6666
16.6666
16.6666
16.6666
16.6666
16.6666
16.6666
16.6666
16.6666
16.6666
16.6666
16.6666
16.6666
16.6666
16.6666
16.6666
16.6666
16.6666
16.6666
16.6666
16.6666
16.6666
16.6666
16.6666
16.6666
16.6666
16.6666
16.6666
16.6666
16.6666
16.6666
16.6666
16.6666
16.6666
16.6666
16.6666
16.6666
16.6666
16.6666
16.6666
16.6666
16.6666
16.6666
16.6666
16.6666
16.6666
16.6666
16.6666
16.6666
16.6666
16.6666
16.6666
16.6666
16.6666
16.6666
16.6666
16.6666
16.6666
16.6666
16.6666
16.6666
16.6666
16.6666
16.6666
16.6666
16.6666
16.6666
16.6666
16.6666
16.6666
16.6666
16.6666
16.6666
16.6666
16.6666
16.6666
16.6666
16.6666
16.6666
16.6666
16.6666
16.6666
16.6666
16.6666
16.6666
16.6666
16.6666
16.6666
16.6666
16.6666
16.6666
16.6666
16.6666
16.6666
16.6666
16.6666
16.6666
16.6666
16.6666
16.6666
)
;
    }
}


// ************************************************************************* //
