/*--------------------------------*- C++ -*----------------------------------*\
| =========                 |                                                 |
| \\      /  F ield         | foam-extend: Open Source CFD                    |
|  \\    /   O peration     | Version:     3.2                                |
|   \\  /    A nd           | Web:         http://www.foam-extend.org         |
|    \\/     M anipulation  | For copyright notice see file Copyright         |
\*---------------------------------------------------------------------------*/
FoamFile
{
    version     2.0;
    format      ascii;
    class       volScalarField;
    location    "200";
    object      pd;
}
// * * * * * * * * * * * * * * * * * * * * * * * * * * * * * * * * * * * * * //

dimensions      [1 -1 -2 0 0 0 0];

internalField   nonuniform List<scalar> 
5400
(
2355.53
2306.51
2304.45
2292.68
2285.08
2276.3
2268.57
2260.79
2253.4
2246.13
2239.03
2232.05
2225.17
2218.37
2211.63
2204.94
2198.29
2191.64
2185.05
2178.45
2171.82
2165.15
2158.44
2151.67
2144.84
2137.91
2130.88
2123.72
2116.46
2109.12
2101.7
2094.22
2086.69
2079.11
2071.5
2063.85
2056.18
2048.49
2040.78
2033.06
2025.32
2017.57
2009.82
2002.05
1994.28
1986.51
1978.73
1970.95
1963.16
1955.37
1947.58
1939.79
1931.99
1924.2
1916.4
1908.6
1900.8
1893
1885.2
1877.4
1869.59
1861.79
1853.99
1846.18
1838.38
1830.57
1822.77
1814.96
1807.16
1799.35
1791.55
1783.74
1775.94
1768.13
1760.33
1752.52
1744.71
1736.91
1729.1
1721.3
1713.49
1705.68
1697.88
1690.07
1682.26
1674.46
1666.65
1658.85
1651.04
1643.23
1635.43
1627.62
1619.81
1612.01
1604.2
1596.4
1588.59
1580.78
1572.98
1565.17
1557.36
1549.56
1541.75
1533.94
1526.14
1518.33
1510.53
1502.72
1494.91
1487.11
1479.3
1471.49
1463.69
1455.88
1448.08
1440.27
1432.46
1424.66
1416.85
1409.04
1401.24
1393.43
1385.62
1377.82
1370.01
1362.21
1354.4
1346.59
1338.79
1330.98
1323.17
1315.37
1307.56
1299.75
1291.95
1284.14
1276.34
1268.53
1260.72
1252.92
1245.11
1237.3
1229.5
1221.69
1213.88
1206.08
1198.27
1190.47
1182.66
1174.85
1167.05
1159.24
1151.43
1143.63
1135.82
1128.02
1120.21
1112.4
1104.6
1096.79
1088.98
1081.18
1073.37
1065.56
1057.76
1049.95
1042.15
1034.34
1026.53
1018.73
1010.92
1003.11
995.308
987.501
979.695
971.889
964.082
956.276
948.47
940.663
932.857
925.051
917.244
909.438
901.632
893.825
886.019
878.213
870.406
862.6
854.794
846.987
839.181
831.375
823.568
815.762
807.956
800.149
792.343
784.537
776.73
768.924
761.118
753.311
745.505
737.699
729.892
722.086
714.28
706.473
698.667
690.861
683.054
675.248
667.442
659.635
651.829
644.023
636.216
628.41
620.604
612.797
604.991
597.184
589.378
581.572
573.765
565.959
558.153
550.346
542.54
534.734
526.927
519.121
511.315
503.508
495.702
487.896
480.089
472.283
464.477
456.67
448.864
441.058
433.251
425.445
417.639
409.832
402.026
394.22
386.413
378.607
370.801
362.994
355.188
347.382
339.575
331.769
323.963
316.156
308.35
300.544
292.737
284.931
277.125
269.318
261.512
253.706
245.899
238.093
230.287
222.48
214.674
206.868
199.061
191.255
183.449
175.642
167.836
160.03
152.224
144.417
136.611
128.805
120.998
113.192
105.386
97.5792
89.7728
81.9665
74.1602
66.3538
58.5475
50.7412
42.9348
35.1285
27.3222
19.5159
11.7095
3.90255
2355.41
2306.61
2304.49
2292.7
2285.08
2276.3
2268.57
2260.79
2253.4
2246.13
2239.03
2232.05
2225.17
2218.37
2211.63
2204.94
2198.29
2191.64
2185.05
2178.45
2171.82
2165.15
2158.44
2151.67
2144.84
2137.91
2130.87
2123.72
2116.46
2109.12
2101.7
2094.22
2086.69
2079.11
2071.5
2063.85
2056.18
2048.49
2040.78
2033.06
2025.32
2017.57
2009.82
2002.05
1994.28
1986.51
1978.73
1970.95
1963.16
1955.37
1947.58
1939.79
1931.99
1924.2
1916.4
1908.6
1900.8
1893
1885.2
1877.4
1869.59
1861.79
1853.99
1846.18
1838.38
1830.57
1822.77
1814.96
1807.16
1799.35
1791.55
1783.74
1775.94
1768.13
1760.33
1752.52
1744.71
1736.91
1729.1
1721.3
1713.49
1705.68
1697.88
1690.07
1682.26
1674.46
1666.65
1658.85
1651.04
1643.23
1635.43
1627.62
1619.81
1612.01
1604.2
1596.4
1588.59
1580.78
1572.98
1565.17
1557.36
1549.56
1541.75
1533.94
1526.14
1518.33
1510.53
1502.72
1494.91
1487.11
1479.3
1471.49
1463.69
1455.88
1448.08
1440.27
1432.46
1424.66
1416.85
1409.04
1401.24
1393.43
1385.62
1377.82
1370.01
1362.21
1354.4
1346.59
1338.79
1330.98
1323.17
1315.37
1307.56
1299.75
1291.95
1284.14
1276.34
1268.53
1260.72
1252.92
1245.11
1237.3
1229.5
1221.69
1213.88
1206.08
1198.27
1190.47
1182.66
1174.85
1167.05
1159.24
1151.43
1143.63
1135.82
1128.02
1120.21
1112.4
1104.6
1096.79
1088.98
1081.18
1073.37
1065.56
1057.76
1049.95
1042.15
1034.34
1026.53
1018.73
1010.92
1003.11
995.308
987.501
979.695
971.889
964.082
956.276
948.47
940.663
932.857
925.051
917.244
909.438
901.632
893.825
886.019
878.213
870.406
862.6
854.794
846.987
839.181
831.375
823.568
815.762
807.956
800.149
792.343
784.537
776.73
768.924
761.118
753.311
745.505
737.699
729.892
722.086
714.28
706.473
698.667
690.861
683.054
675.248
667.442
659.635
651.829
644.023
636.216
628.41
620.604
612.797
604.991
597.184
589.378
581.572
573.765
565.959
558.153
550.346
542.54
534.734
526.927
519.121
511.315
503.508
495.702
487.896
480.089
472.283
464.477
456.67
448.864
441.058
433.251
425.445
417.639
409.832
402.026
394.22
386.413
378.607
370.801
362.994
355.188
347.382
339.575
331.769
323.963
316.156
308.35
300.544
292.737
284.931
277.125
269.318
261.512
253.706
245.899
238.093
230.287
222.48
214.674
206.868
199.061
191.255
183.449
175.642
167.836
160.03
152.224
144.417
136.611
128.805
120.998
113.192
105.386
97.5792
89.7728
81.9665
74.1602
66.3538
58.5475
50.7412
42.9348
35.1285
27.3222
19.5159
11.7095
3.90287
2355.14
2306.77
2304.56
2292.74
2285.11
2276.31
2268.58
2260.8
2253.4
2246.13
2239.04
2232.05
2225.17
2218.37
2211.63
2204.94
2198.29
2191.64
2185.05
2178.45
2171.81
2165.15
2158.44
2151.67
2144.83
2137.91
2130.87
2123.72
2116.46
2109.12
2101.7
2094.22
2086.69
2079.11
2071.5
2063.85
2056.18
2048.49
2040.78
2033.06
2025.32
2017.57
2009.82
2002.05
1994.28
1986.51
1978.73
1970.95
1963.16
1955.37
1947.58
1939.79
1931.99
1924.2
1916.4
1908.6
1900.8
1893
1885.2
1877.4
1869.59
1861.79
1853.99
1846.18
1838.38
1830.57
1822.77
1814.96
1807.16
1799.35
1791.55
1783.74
1775.94
1768.13
1760.33
1752.52
1744.71
1736.91
1729.1
1721.3
1713.49
1705.68
1697.88
1690.07
1682.26
1674.46
1666.65
1658.85
1651.04
1643.23
1635.43
1627.62
1619.81
1612.01
1604.2
1596.4
1588.59
1580.78
1572.98
1565.17
1557.36
1549.56
1541.75
1533.94
1526.14
1518.33
1510.53
1502.72
1494.91
1487.11
1479.3
1471.49
1463.69
1455.88
1448.08
1440.27
1432.46
1424.66
1416.85
1409.04
1401.24
1393.43
1385.62
1377.82
1370.01
1362.21
1354.4
1346.59
1338.79
1330.98
1323.17
1315.37
1307.56
1299.75
1291.95
1284.14
1276.34
1268.53
1260.72
1252.92
1245.11
1237.3
1229.5
1221.69
1213.88
1206.08
1198.27
1190.47
1182.66
1174.85
1167.05
1159.24
1151.43
1143.63
1135.82
1128.02
1120.21
1112.4
1104.6
1096.79
1088.98
1081.18
1073.37
1065.56
1057.76
1049.95
1042.15
1034.34
1026.53
1018.73
1010.92
1003.11
995.308
987.501
979.695
971.889
964.082
956.276
948.47
940.663
932.857
925.051
917.244
909.438
901.632
893.825
886.019
878.213
870.406
862.6
854.794
846.987
839.181
831.375
823.568
815.762
807.956
800.149
792.343
784.537
776.73
768.924
761.118
753.311
745.505
737.699
729.892
722.086
714.28
706.473
698.667
690.861
683.054
675.248
667.442
659.635
651.829
644.023
636.216
628.41
620.604
612.797
604.991
597.184
589.378
581.572
573.765
565.959
558.153
550.346
542.54
534.734
526.927
519.121
511.315
503.508
495.702
487.896
480.089
472.283
464.477
456.67
448.864
441.058
433.251
425.445
417.639
409.832
402.026
394.22
386.413
378.607
370.801
362.994
355.188
347.382
339.575
331.769
323.963
316.156
308.35
300.544
292.737
284.931
277.125
269.318
261.512
253.706
245.899
238.093
230.287
222.48
214.674
206.868
199.061
191.255
183.449
175.642
167.836
160.03
152.224
144.417
136.611
128.805
120.998
113.192
105.386
97.5792
89.7728
81.9665
74.1602
66.3538
58.5475
50.7412
42.9348
35.1285
27.3222
19.5159
11.7095
3.90337
2354.82
2306.98
2304.65
2292.78
2285.13
2276.33
2268.59
2260.81
2253.41
2246.14
2239.04
2232.05
2225.17
2218.37
2211.63
2204.94
2198.29
2191.64
2185.05
2178.45
2171.81
2165.15
2158.44
2151.67
2144.83
2137.91
2130.87
2123.71
2116.46
2109.12
2101.7
2094.22
2086.69
2079.11
2071.5
2063.85
2056.18
2048.49
2040.78
2033.06
2025.32
2017.57
2009.82
2002.05
1994.28
1986.51
1978.73
1970.95
1963.16
1955.37
1947.58
1939.79
1931.99
1924.2
1916.4
1908.6
1900.8
1893
1885.2
1877.4
1869.59
1861.79
1853.99
1846.18
1838.38
1830.57
1822.77
1814.96
1807.16
1799.35
1791.55
1783.74
1775.94
1768.13
1760.33
1752.52
1744.71
1736.91
1729.1
1721.3
1713.49
1705.68
1697.88
1690.07
1682.26
1674.46
1666.65
1658.85
1651.04
1643.23
1635.43
1627.62
1619.81
1612.01
1604.2
1596.4
1588.59
1580.78
1572.98
1565.17
1557.36
1549.56
1541.75
1533.94
1526.14
1518.33
1510.53
1502.72
1494.91
1487.11
1479.3
1471.49
1463.69
1455.88
1448.08
1440.27
1432.46
1424.66
1416.85
1409.04
1401.24
1393.43
1385.62
1377.82
1370.01
1362.21
1354.4
1346.59
1338.79
1330.98
1323.17
1315.37
1307.56
1299.75
1291.95
1284.14
1276.34
1268.53
1260.72
1252.92
1245.11
1237.3
1229.5
1221.69
1213.88
1206.08
1198.27
1190.47
1182.66
1174.85
1167.05
1159.24
1151.43
1143.63
1135.82
1128.02
1120.21
1112.4
1104.6
1096.79
1088.98
1081.18
1073.37
1065.56
1057.76
1049.95
1042.15
1034.34
1026.53
1018.73
1010.92
1003.11
995.308
987.501
979.695
971.889
964.082
956.276
948.47
940.663
932.857
925.051
917.244
909.438
901.632
893.825
886.019
878.213
870.406
862.6
854.794
846.987
839.181
831.375
823.568
815.762
807.956
800.149
792.343
784.537
776.73
768.924
761.118
753.311
745.505
737.699
729.892
722.086
714.28
706.473
698.667
690.861
683.054
675.248
667.442
659.635
651.829
644.023
636.216
628.41
620.604
612.797
604.991
597.184
589.378
581.572
573.765
565.959
558.153
550.346
542.54
534.734
526.927
519.121
511.315
503.508
495.702
487.896
480.089
472.283
464.477
456.67
448.864
441.058
433.251
425.445
417.639
409.832
402.026
394.22
386.413
378.607
370.801
362.994
355.188
347.382
339.575
331.769
323.963
316.156
308.35
300.544
292.737
284.931
277.125
269.318
261.512
253.706
245.899
238.093
230.287
222.48
214.674
206.868
199.061
191.255
183.449
175.642
167.836
160.03
152.224
144.417
136.611
128.805
120.998
113.192
105.386
97.5792
89.7728
81.9665
74.1602
66.3538
58.5475
50.7412
42.9348
35.1285
27.3222
19.5159
11.7095
3.90329
2354.51
2307.15
2304.76
2292.81
2285.16
2276.35
2268.61
2260.82
2253.42
2246.15
2239.05
2232.05
2225.18
2218.37
2211.63
2204.94
2198.29
2191.64
2185.05
2178.45
2171.81
2165.15
2158.44
2151.67
2144.83
2137.91
2130.87
2123.71
2116.46
2109.11
2101.7
2094.22
2086.69
2079.11
2071.49
2063.85
2056.18
2048.49
2040.78
2033.06
2025.32
2017.57
2009.82
2002.05
1994.28
1986.51
1978.73
1970.95
1963.16
1955.37
1947.58
1939.79
1931.99
1924.2
1916.4
1908.6
1900.8
1893
1885.2
1877.4
1869.59
1861.79
1853.99
1846.18
1838.38
1830.57
1822.77
1814.96
1807.16
1799.35
1791.55
1783.74
1775.94
1768.13
1760.33
1752.52
1744.71
1736.91
1729.1
1721.3
1713.49
1705.68
1697.88
1690.07
1682.26
1674.46
1666.65
1658.85
1651.04
1643.23
1635.43
1627.62
1619.81
1612.01
1604.2
1596.4
1588.59
1580.78
1572.98
1565.17
1557.36
1549.56
1541.75
1533.94
1526.14
1518.33
1510.53
1502.72
1494.91
1487.11
1479.3
1471.49
1463.69
1455.88
1448.08
1440.27
1432.46
1424.66
1416.85
1409.04
1401.24
1393.43
1385.62
1377.82
1370.01
1362.21
1354.4
1346.59
1338.79
1330.98
1323.17
1315.37
1307.56
1299.75
1291.95
1284.14
1276.34
1268.53
1260.72
1252.92
1245.11
1237.3
1229.5
1221.69
1213.88
1206.08
1198.27
1190.47
1182.66
1174.85
1167.05
1159.24
1151.43
1143.63
1135.82
1128.02
1120.21
1112.4
1104.6
1096.79
1088.98
1081.18
1073.37
1065.56
1057.76
1049.95
1042.15
1034.34
1026.53
1018.73
1010.92
1003.11
995.308
987.501
979.695
971.889
964.082
956.276
948.47
940.663
932.857
925.051
917.244
909.438
901.632
893.825
886.019
878.213
870.406
862.6
854.794
846.987
839.181
831.375
823.568
815.762
807.956
800.149
792.343
784.537
776.73
768.924
761.118
753.311
745.505
737.699
729.892
722.086
714.28
706.473
698.667
690.861
683.054
675.248
667.442
659.635
651.829
644.023
636.216
628.41
620.604
612.797
604.991
597.184
589.378
581.572
573.765
565.959
558.153
550.346
542.54
534.734
526.927
519.121
511.315
503.508
495.702
487.896
480.089
472.283
464.477
456.67
448.864
441.058
433.251
425.445
417.639
409.832
402.026
394.22
386.413
378.607
370.801
362.994
355.188
347.382
339.575
331.769
323.963
316.156
308.35
300.544
292.737
284.931
277.125
269.318
261.512
253.706
245.899
238.093
230.287
222.48
214.674
206.868
199.061
191.255
183.449
175.642
167.836
160.03
152.224
144.417
136.611
128.805
120.998
113.192
105.386
97.5792
89.7728
81.9665
74.1602
66.3538
58.5475
50.7412
42.9348
35.1285
27.3222
19.5159
11.7095
3.90327
2354.29
2307.22
2304.9
2292.83
2285.18
2276.37
2268.63
2260.84
2253.43
2246.16
2239.05
2232.06
2225.18
2218.37
2211.64
2204.94
2198.29
2191.64
2185.05
2178.45
2171.81
2165.15
2158.44
2151.67
2144.83
2137.9
2130.87
2123.71
2116.46
2109.11
2101.7
2094.22
2086.68
2079.11
2071.49
2063.85
2056.18
2048.49
2040.78
2033.05
2025.32
2017.57
2009.82
2002.05
1994.28
1986.51
1978.73
1970.95
1963.16
1955.37
1947.58
1939.79
1931.99
1924.2
1916.4
1908.6
1900.8
1893
1885.2
1877.4
1869.59
1861.79
1853.99
1846.18
1838.38
1830.57
1822.77
1814.96
1807.16
1799.35
1791.55
1783.74
1775.94
1768.13
1760.33
1752.52
1744.71
1736.91
1729.1
1721.3
1713.49
1705.68
1697.88
1690.07
1682.26
1674.46
1666.65
1658.85
1651.04
1643.23
1635.43
1627.62
1619.81
1612.01
1604.2
1596.4
1588.59
1580.78
1572.98
1565.17
1557.36
1549.56
1541.75
1533.94
1526.14
1518.33
1510.53
1502.72
1494.91
1487.11
1479.3
1471.49
1463.69
1455.88
1448.08
1440.27
1432.46
1424.66
1416.85
1409.04
1401.24
1393.43
1385.62
1377.82
1370.01
1362.21
1354.4
1346.59
1338.79
1330.98
1323.17
1315.37
1307.56
1299.75
1291.95
1284.14
1276.34
1268.53
1260.72
1252.92
1245.11
1237.3
1229.5
1221.69
1213.88
1206.08
1198.27
1190.47
1182.66
1174.85
1167.05
1159.24
1151.43
1143.63
1135.82
1128.02
1120.21
1112.4
1104.6
1096.79
1088.98
1081.18
1073.37
1065.56
1057.76
1049.95
1042.15
1034.34
1026.53
1018.73
1010.92
1003.11
995.308
987.501
979.695
971.889
964.082
956.276
948.47
940.663
932.857
925.051
917.244
909.438
901.632
893.825
886.019
878.213
870.406
862.6
854.794
846.987
839.181
831.375
823.568
815.762
807.956
800.149
792.343
784.537
776.73
768.924
761.118
753.311
745.505
737.699
729.892
722.086
714.28
706.473
698.667
690.861
683.054
675.248
667.442
659.635
651.829
644.023
636.216
628.41
620.604
612.797
604.991
597.184
589.378
581.572
573.765
565.959
558.153
550.346
542.54
534.734
526.927
519.121
511.315
503.508
495.702
487.896
480.089
472.283
464.477
456.67
448.864
441.058
433.251
425.445
417.639
409.832
402.026
394.22
386.413
378.607
370.801
362.994
355.188
347.382
339.575
331.769
323.963
316.156
308.35
300.544
292.737
284.931
277.125
269.318
261.512
253.706
245.899
238.093
230.287
222.48
214.674
206.868
199.061
191.255
183.449
175.642
167.836
160.03
152.224
144.417
136.611
128.805
120.998
113.192
105.386
97.5792
89.7728
81.9665
74.1602
66.3538
58.5475
50.7412
42.9348
35.1285
27.3222
19.5159
11.7095
3.90327
2354.07
2307.34
2304.99
2292.84
2285.19
2276.39
2268.65
2260.85
2253.45
2246.17
2239.06
2232.07
2225.19
2218.38
2211.64
2204.95
2198.3
2191.64
2185.05
2178.45
2171.81
2165.15
2158.44
2151.67
2144.83
2137.9
2130.86
2123.71
2116.45
2109.11
2101.7
2094.22
2086.68
2079.11
2071.49
2063.85
2056.18
2048.49
2040.78
2033.05
2025.32
2017.57
2009.82
2002.05
1994.28
1986.51
1978.73
1970.95
1963.16
1955.37
1947.58
1939.79
1931.99
1924.2
1916.4
1908.6
1900.8
1893
1885.2
1877.4
1869.59
1861.79
1853.99
1846.18
1838.38
1830.57
1822.77
1814.96
1807.16
1799.35
1791.55
1783.74
1775.94
1768.13
1760.33
1752.52
1744.71
1736.91
1729.1
1721.3
1713.49
1705.68
1697.88
1690.07
1682.26
1674.46
1666.65
1658.85
1651.04
1643.23
1635.43
1627.62
1619.81
1612.01
1604.2
1596.4
1588.59
1580.78
1572.98
1565.17
1557.36
1549.56
1541.75
1533.94
1526.14
1518.33
1510.53
1502.72
1494.91
1487.11
1479.3
1471.49
1463.69
1455.88
1448.08
1440.27
1432.46
1424.66
1416.85
1409.04
1401.24
1393.43
1385.62
1377.82
1370.01
1362.21
1354.4
1346.59
1338.79
1330.98
1323.17
1315.37
1307.56
1299.75
1291.95
1284.14
1276.34
1268.53
1260.72
1252.92
1245.11
1237.3
1229.5
1221.69
1213.88
1206.08
1198.27
1190.47
1182.66
1174.85
1167.05
1159.24
1151.43
1143.63
1135.82
1128.02
1120.21
1112.4
1104.6
1096.79
1088.98
1081.18
1073.37
1065.56
1057.76
1049.95
1042.15
1034.34
1026.53
1018.73
1010.92
1003.11
995.308
987.501
979.695
971.889
964.082
956.276
948.47
940.663
932.857
925.051
917.244
909.438
901.632
893.825
886.019
878.213
870.406
862.6
854.794
846.987
839.181
831.375
823.568
815.762
807.956
800.149
792.343
784.537
776.73
768.924
761.118
753.311
745.505
737.699
729.892
722.086
714.28
706.473
698.667
690.861
683.054
675.248
667.442
659.635
651.829
644.023
636.216
628.41
620.604
612.797
604.991
597.184
589.378
581.572
573.765
565.959
558.153
550.346
542.54
534.734
526.927
519.121
511.315
503.508
495.702
487.896
480.089
472.283
464.477
456.67
448.864
441.058
433.251
425.445
417.639
409.832
402.026
394.22
386.413
378.607
370.801
362.994
355.188
347.382
339.575
331.769
323.963
316.156
308.35
300.544
292.737
284.931
277.125
269.318
261.512
253.706
245.899
238.093
230.287
222.48
214.674
206.868
199.061
191.255
183.449
175.642
167.836
160.03
152.224
144.417
136.611
128.805
120.998
113.192
105.386
97.5792
89.7728
81.9665
74.1602
66.3538
58.5475
50.7412
42.9348
35.1285
27.3222
19.5159
11.7095
3.90327
2353.84
2307.49
2305.04
2292.85
2285.21
2276.4
2268.66
2260.86
2253.46
2246.18
2239.08
2232.08
2225.2
2218.39
2211.65
2204.95
2198.3
2191.65
2185.05
2178.45
2171.82
2165.15
2158.44
2151.67
2144.83
2137.9
2130.86
2123.71
2116.45
2109.11
2101.69
2094.22
2086.68
2079.11
2071.49
2063.85
2056.18
2048.49
2040.78
2033.05
2025.32
2017.57
2009.82
2002.05
1994.28
1986.51
1978.73
1970.95
1963.16
1955.37
1947.58
1939.79
1931.99
1924.2
1916.4
1908.6
1900.8
1893
1885.2
1877.4
1869.59
1861.79
1853.99
1846.18
1838.38
1830.57
1822.77
1814.96
1807.16
1799.35
1791.55
1783.74
1775.94
1768.13
1760.33
1752.52
1744.71
1736.91
1729.1
1721.3
1713.49
1705.68
1697.88
1690.07
1682.26
1674.46
1666.65
1658.85
1651.04
1643.23
1635.43
1627.62
1619.81
1612.01
1604.2
1596.4
1588.59
1580.78
1572.98
1565.17
1557.36
1549.56
1541.75
1533.94
1526.14
1518.33
1510.53
1502.72
1494.91
1487.11
1479.3
1471.49
1463.69
1455.88
1448.08
1440.27
1432.46
1424.66
1416.85
1409.04
1401.24
1393.43
1385.62
1377.82
1370.01
1362.21
1354.4
1346.59
1338.79
1330.98
1323.17
1315.37
1307.56
1299.75
1291.95
1284.14
1276.34
1268.53
1260.72
1252.92
1245.11
1237.3
1229.5
1221.69
1213.88
1206.08
1198.27
1190.47
1182.66
1174.85
1167.05
1159.24
1151.43
1143.63
1135.82
1128.02
1120.21
1112.4
1104.6
1096.79
1088.98
1081.18
1073.37
1065.56
1057.76
1049.95
1042.15
1034.34
1026.53
1018.73
1010.92
1003.11
995.308
987.501
979.695
971.889
964.082
956.276
948.47
940.663
932.857
925.051
917.244
909.438
901.632
893.825
886.019
878.213
870.406
862.6
854.794
846.987
839.181
831.375
823.568
815.762
807.956
800.149
792.343
784.537
776.73
768.924
761.118
753.311
745.505
737.699
729.892
722.086
714.28
706.473
698.667
690.861
683.054
675.248
667.442
659.635
651.829
644.023
636.216
628.41
620.604
612.797
604.991
597.184
589.378
581.572
573.765
565.959
558.153
550.346
542.54
534.734
526.927
519.121
511.315
503.508
495.702
487.896
480.089
472.283
464.477
456.67
448.864
441.058
433.251
425.445
417.639
409.832
402.026
394.22
386.413
378.607
370.801
362.994
355.188
347.382
339.575
331.769
323.963
316.156
308.35
300.544
292.737
284.931
277.125
269.318
261.512
253.706
245.899
238.093
230.287
222.48
214.674
206.868
199.061
191.255
183.449
175.642
167.836
160.03
152.224
144.417
136.611
128.805
120.998
113.192
105.386
97.5792
89.7728
81.9665
74.1602
66.3538
58.5475
50.7412
42.9348
35.1285
27.3222
19.5159
11.7095
3.90327
2353.6
2307.62
2305.08
2292.85
2285.23
2276.41
2268.67
2260.87
2253.47
2246.19
2239.09
2232.09
2225.21
2218.4
2211.66
2204.96
2198.31
2191.65
2185.06
2178.46
2171.82
2165.15
2158.44
2151.67
2144.83
2137.91
2130.87
2123.71
2116.45
2109.11
2101.69
2094.22
2086.68
2079.11
2071.49
2063.85
2056.18
2048.49
2040.78
2033.05
2025.32
2017.57
2009.82
2002.05
1994.28
1986.51
1978.73
1970.95
1963.16
1955.37
1947.58
1939.79
1931.99
1924.2
1916.4
1908.6
1900.8
1893
1885.2
1877.4
1869.59
1861.79
1853.99
1846.18
1838.38
1830.57
1822.77
1814.96
1807.16
1799.35
1791.55
1783.74
1775.94
1768.13
1760.33
1752.52
1744.71
1736.91
1729.1
1721.3
1713.49
1705.68
1697.88
1690.07
1682.26
1674.46
1666.65
1658.85
1651.04
1643.23
1635.43
1627.62
1619.81
1612.01
1604.2
1596.4
1588.59
1580.78
1572.98
1565.17
1557.36
1549.56
1541.75
1533.94
1526.14
1518.33
1510.53
1502.72
1494.91
1487.11
1479.3
1471.49
1463.69
1455.88
1448.08
1440.27
1432.46
1424.66
1416.85
1409.04
1401.24
1393.43
1385.62
1377.82
1370.01
1362.21
1354.4
1346.59
1338.79
1330.98
1323.17
1315.37
1307.56
1299.75
1291.95
1284.14
1276.34
1268.53
1260.72
1252.92
1245.11
1237.3
1229.5
1221.69
1213.88
1206.08
1198.27
1190.47
1182.66
1174.85
1167.05
1159.24
1151.43
1143.63
1135.82
1128.02
1120.21
1112.4
1104.6
1096.79
1088.98
1081.18
1073.37
1065.56
1057.76
1049.95
1042.15
1034.34
1026.53
1018.73
1010.92
1003.11
995.308
987.501
979.695
971.889
964.082
956.276
948.47
940.663
932.857
925.051
917.244
909.438
901.632
893.825
886.019
878.213
870.406
862.6
854.794
846.987
839.181
831.375
823.568
815.762
807.956
800.149
792.343
784.537
776.73
768.924
761.118
753.311
745.505
737.699
729.892
722.086
714.28
706.473
698.667
690.861
683.054
675.248
667.442
659.635
651.829
644.023
636.216
628.41
620.604
612.797
604.991
597.184
589.378
581.572
573.765
565.959
558.153
550.346
542.54
534.734
526.927
519.121
511.315
503.508
495.702
487.896
480.089
472.283
464.477
456.67
448.864
441.058
433.251
425.445
417.639
409.832
402.026
394.22
386.413
378.607
370.801
362.994
355.188
347.382
339.575
331.769
323.963
316.156
308.35
300.544
292.737
284.931
277.125
269.318
261.512
253.706
245.899
238.093
230.287
222.48
214.674
206.868
199.061
191.255
183.449
175.642
167.836
160.03
152.224
144.417
136.611
128.805
120.998
113.192
105.386
97.5792
89.7728
81.9665
74.1602
66.3538
58.5475
50.7412
42.9348
35.1285
27.3222
19.5159
11.7095
3.90327
2353.39
2307.7
2305.12
2292.85
2285.23
2276.42
2268.68
2260.88
2253.48
2246.2
2239.1
2232.1
2225.22
2218.41
2211.66
2204.97
2198.31
2191.66
2185.06
2178.46
2171.82
2165.16
2158.45
2151.68
2144.84
2137.91
2130.87
2123.71
2116.46
2109.11
2101.7
2094.22
2086.68
2079.11
2071.49
2063.85
2056.18
2048.49
2040.78
2033.05
2025.32
2017.57
2009.82
2002.05
1994.28
1986.51
1978.73
1970.95
1963.16
1955.37
1947.58
1939.79
1931.99
1924.2
1916.4
1908.6
1900.8
1893
1885.2
1877.4
1869.59
1861.79
1853.99
1846.18
1838.38
1830.57
1822.77
1814.96
1807.16
1799.35
1791.55
1783.74
1775.94
1768.13
1760.33
1752.52
1744.71
1736.91
1729.1
1721.3
1713.49
1705.68
1697.88
1690.07
1682.26
1674.46
1666.65
1658.85
1651.04
1643.23
1635.43
1627.62
1619.81
1612.01
1604.2
1596.4
1588.59
1580.78
1572.98
1565.17
1557.36
1549.56
1541.75
1533.94
1526.14
1518.33
1510.53
1502.72
1494.91
1487.11
1479.3
1471.49
1463.69
1455.88
1448.08
1440.27
1432.46
1424.66
1416.85
1409.04
1401.24
1393.43
1385.62
1377.82
1370.01
1362.21
1354.4
1346.59
1338.79
1330.98
1323.17
1315.37
1307.56
1299.75
1291.95
1284.14
1276.34
1268.53
1260.72
1252.92
1245.11
1237.3
1229.5
1221.69
1213.88
1206.08
1198.27
1190.47
1182.66
1174.85
1167.05
1159.24
1151.43
1143.63
1135.82
1128.02
1120.21
1112.4
1104.6
1096.79
1088.98
1081.18
1073.37
1065.56
1057.76
1049.95
1042.15
1034.34
1026.53
1018.73
1010.92
1003.11
995.308
987.501
979.695
971.889
964.082
956.276
948.47
940.663
932.857
925.051
917.244
909.438
901.632
893.825
886.019
878.213
870.406
862.6
854.794
846.987
839.181
831.375
823.568
815.762
807.956
800.149
792.343
784.537
776.73
768.924
761.118
753.311
745.505
737.699
729.892
722.086
714.28
706.473
698.667
690.861
683.054
675.248
667.442
659.635
651.829
644.023
636.216
628.41
620.604
612.797
604.991
597.184
589.378
581.572
573.765
565.959
558.153
550.346
542.54
534.734
526.927
519.121
511.315
503.508
495.702
487.896
480.089
472.283
464.477
456.67
448.864
441.058
433.251
425.445
417.639
409.832
402.026
394.22
386.413
378.607
370.801
362.994
355.188
347.382
339.575
331.769
323.963
316.156
308.35
300.544
292.737
284.931
277.125
269.318
261.512
253.706
245.899
238.093
230.287
222.48
214.674
206.868
199.061
191.255
183.449
175.642
167.836
160.03
152.224
144.417
136.611
128.805
120.998
113.192
105.386
97.5792
89.7728
81.9665
74.1602
66.3538
58.5475
50.7412
42.9348
35.1285
27.3222
19.5159
11.7095
3.90327
2353.27
2307.75
2305.14
2292.84
2285.23
2276.42
2268.69
2260.89
2253.49
2246.21
2239.1
2232.11
2225.23
2218.41
2211.67
2204.98
2198.32
2191.67
2185.07
2178.47
2171.83
2165.16
2158.45
2151.68
2144.84
2137.91
2130.87
2123.71
2116.46
2109.11
2101.7
2094.22
2086.68
2079.11
2071.49
2063.85
2056.18
2048.49
2040.78
2033.05
2025.32
2017.57
2009.82
2002.05
1994.28
1986.51
1978.73
1970.95
1963.16
1955.37
1947.58
1939.79
1931.99
1924.2
1916.4
1908.6
1900.8
1893
1885.2
1877.4
1869.59
1861.79
1853.99
1846.18
1838.38
1830.57
1822.77
1814.96
1807.16
1799.35
1791.55
1783.74
1775.94
1768.13
1760.33
1752.52
1744.71
1736.91
1729.1
1721.3
1713.49
1705.68
1697.88
1690.07
1682.26
1674.46
1666.65
1658.85
1651.04
1643.23
1635.43
1627.62
1619.81
1612.01
1604.2
1596.4
1588.59
1580.78
1572.98
1565.17
1557.36
1549.56
1541.75
1533.94
1526.14
1518.33
1510.53
1502.72
1494.91
1487.11
1479.3
1471.49
1463.69
1455.88
1448.08
1440.27
1432.46
1424.66
1416.85
1409.04
1401.24
1393.43
1385.62
1377.82
1370.01
1362.21
1354.4
1346.59
1338.79
1330.98
1323.17
1315.37
1307.56
1299.75
1291.95
1284.14
1276.34
1268.53
1260.72
1252.92
1245.11
1237.3
1229.5
1221.69
1213.88
1206.08
1198.27
1190.47
1182.66
1174.85
1167.05
1159.24
1151.43
1143.63
1135.82
1128.02
1120.21
1112.4
1104.6
1096.79
1088.98
1081.18
1073.37
1065.56
1057.76
1049.95
1042.15
1034.34
1026.53
1018.73
1010.92
1003.11
995.308
987.501
979.695
971.889
964.082
956.276
948.47
940.663
932.857
925.051
917.244
909.438
901.632
893.825
886.019
878.213
870.406
862.6
854.794
846.987
839.181
831.375
823.568
815.762
807.956
800.149
792.343
784.537
776.73
768.924
761.118
753.311
745.505
737.699
729.892
722.086
714.28
706.473
698.667
690.861
683.054
675.248
667.442
659.635
651.829
644.023
636.216
628.41
620.604
612.797
604.991
597.184
589.378
581.572
573.765
565.959
558.153
550.346
542.54
534.734
526.927
519.121
511.315
503.508
495.702
487.896
480.089
472.283
464.477
456.67
448.864
441.058
433.251
425.445
417.639
409.832
402.026
394.22
386.413
378.607
370.801
362.994
355.188
347.382
339.575
331.769
323.963
316.156
308.35
300.544
292.737
284.931
277.125
269.318
261.512
253.706
245.899
238.093
230.287
222.48
214.674
206.868
199.061
191.255
183.449
175.642
167.836
160.03
152.224
144.417
136.611
128.805
120.998
113.192
105.386
97.5792
89.7728
81.9665
74.1602
66.3538
58.5475
50.7412
42.9348
35.1285
27.3222
19.5159
11.7095
3.90327
2353.21
2307.79
2305.16
2292.82
2285.23
2276.42
2268.69
2260.89
2253.5
2246.22
2239.11
2232.11
2225.23
2218.42
2211.68
2204.99
2198.33
2191.67
2185.08
2178.48
2171.84
2165.17
2158.46
2151.69
2144.85
2137.91
2130.87
2123.71
2116.46
2109.11
2101.7
2094.22
2086.68
2079.11
2071.49
2063.85
2056.18
2048.49
2040.78
2033.06
2025.32
2017.57
2009.82
2002.05
1994.28
1986.51
1978.73
1970.95
1963.16
1955.37
1947.58
1939.79
1931.99
1924.2
1916.4
1908.6
1900.8
1893
1885.2
1877.4
1869.59
1861.79
1853.99
1846.18
1838.38
1830.57
1822.77
1814.96
1807.16
1799.35
1791.55
1783.74
1775.94
1768.13
1760.33
1752.52
1744.71
1736.91
1729.1
1721.3
1713.49
1705.68
1697.88
1690.07
1682.26
1674.46
1666.65
1658.85
1651.04
1643.23
1635.43
1627.62
1619.81
1612.01
1604.2
1596.4
1588.59
1580.78
1572.98
1565.17
1557.36
1549.56
1541.75
1533.94
1526.14
1518.33
1510.53
1502.72
1494.91
1487.11
1479.3
1471.49
1463.69
1455.88
1448.08
1440.27
1432.46
1424.66
1416.85
1409.04
1401.24
1393.43
1385.62
1377.82
1370.01
1362.21
1354.4
1346.59
1338.79
1330.98
1323.17
1315.37
1307.56
1299.75
1291.95
1284.14
1276.34
1268.53
1260.72
1252.92
1245.11
1237.3
1229.5
1221.69
1213.88
1206.08
1198.27
1190.47
1182.66
1174.85
1167.05
1159.24
1151.43
1143.63
1135.82
1128.02
1120.21
1112.4
1104.6
1096.79
1088.98
1081.18
1073.37
1065.56
1057.76
1049.95
1042.15
1034.34
1026.53
1018.73
1010.92
1003.11
995.308
987.501
979.695
971.889
964.082
956.276
948.47
940.663
932.857
925.051
917.244
909.438
901.632
893.825
886.019
878.213
870.406
862.6
854.794
846.987
839.181
831.375
823.568
815.762
807.956
800.149
792.343
784.537
776.73
768.924
761.118
753.311
745.505
737.699
729.892
722.086
714.28
706.473
698.667
690.861
683.054
675.248
667.442
659.635
651.829
644.023
636.216
628.41
620.604
612.797
604.991
597.184
589.378
581.572
573.765
565.959
558.153
550.346
542.54
534.734
526.927
519.121
511.315
503.508
495.702
487.896
480.089
472.283
464.477
456.67
448.864
441.058
433.251
425.445
417.639
409.832
402.026
394.22
386.413
378.607
370.801
362.994
355.188
347.382
339.575
331.769
323.963
316.156
308.35
300.544
292.737
284.931
277.125
269.318
261.512
253.706
245.899
238.093
230.287
222.48
214.674
206.868
199.061
191.255
183.449
175.642
167.836
160.03
152.224
144.417
136.611
128.805
120.998
113.192
105.386
97.5792
89.7728
81.9665
74.1602
66.3538
58.5475
50.7412
42.9348
35.1285
27.3222
19.5159
11.7095
3.90327
2353.17
2307.85
2305.16
2292.8
2285.21
2276.41
2268.69
2260.89
2253.5
2246.22
2239.11
2232.12
2225.24
2218.43
2211.68
2204.99
2198.34
2191.68
2185.09
2178.49
2171.85
2165.18
2158.47
2151.7
2144.85
2137.92
2130.87
2123.72
2116.46
2109.12
2101.7
2094.22
2086.69
2079.11
2071.5
2063.85
2056.18
2048.49
2040.78
2033.06
2025.32
2017.57
2009.82
2002.05
1994.28
1986.51
1978.73
1970.95
1963.16
1955.37
1947.58
1939.79
1931.99
1924.2
1916.4
1908.6
1900.8
1893
1885.2
1877.4
1869.59
1861.79
1853.99
1846.18
1838.38
1830.57
1822.77
1814.96
1807.16
1799.35
1791.55
1783.74
1775.94
1768.13
1760.33
1752.52
1744.71
1736.91
1729.1
1721.3
1713.49
1705.68
1697.88
1690.07
1682.26
1674.46
1666.65
1658.85
1651.04
1643.23
1635.43
1627.62
1619.81
1612.01
1604.2
1596.4
1588.59
1580.78
1572.98
1565.17
1557.36
1549.56
1541.75
1533.94
1526.14
1518.33
1510.53
1502.72
1494.91
1487.11
1479.3
1471.49
1463.69
1455.88
1448.08
1440.27
1432.46
1424.66
1416.85
1409.04
1401.24
1393.43
1385.62
1377.82
1370.01
1362.21
1354.4
1346.59
1338.79
1330.98
1323.17
1315.37
1307.56
1299.75
1291.95
1284.14
1276.34
1268.53
1260.72
1252.92
1245.11
1237.3
1229.5
1221.69
1213.88
1206.08
1198.27
1190.47
1182.66
1174.85
1167.05
1159.24
1151.43
1143.63
1135.82
1128.02
1120.21
1112.4
1104.6
1096.79
1088.98
1081.18
1073.37
1065.56
1057.76
1049.95
1042.15
1034.34
1026.53
1018.73
1010.92
1003.11
995.308
987.501
979.695
971.889
964.082
956.276
948.47
940.663
932.857
925.051
917.244
909.438
901.632
893.825
886.019
878.213
870.406
862.6
854.794
846.987
839.181
831.375
823.568
815.762
807.956
800.149
792.343
784.537
776.73
768.924
761.118
753.311
745.505
737.699
729.892
722.086
714.28
706.473
698.667
690.861
683.054
675.248
667.442
659.635
651.829
644.023
636.216
628.41
620.604
612.797
604.991
597.184
589.378
581.572
573.765
565.959
558.153
550.346
542.54
534.734
526.927
519.121
511.315
503.508
495.702
487.896
480.089
472.283
464.477
456.67
448.864
441.058
433.251
425.445
417.639
409.832
402.026
394.22
386.413
378.607
370.801
362.994
355.188
347.382
339.575
331.769
323.963
316.156
308.35
300.544
292.737
284.931
277.125
269.318
261.512
253.706
245.899
238.093
230.287
222.48
214.674
206.868
199.061
191.255
183.449
175.642
167.836
160.03
152.224
144.417
136.611
128.805
120.998
113.192
105.386
97.5792
89.7728
81.9665
74.1602
66.3538
58.5475
50.7412
42.9348
35.1285
27.3222
19.5159
11.7095
3.90327
2353.13
2307.92
2305.15
2292.77
2285.2
2276.39
2268.68
2260.89
2253.49
2246.22
2239.12
2232.13
2225.24
2218.43
2211.69
2205
2198.34
2191.69
2185.09
2178.49
2171.86
2165.19
2158.48
2151.7
2144.85
2137.92
2130.88
2123.72
2116.46
2109.12
2101.7
2094.22
2086.69
2079.11
2071.5
2063.85
2056.18
2048.49
2040.78
2033.06
2025.32
2017.57
2009.82
2002.05
1994.28
1986.51
1978.73
1970.95
1963.16
1955.37
1947.58
1939.79
1931.99
1924.2
1916.4
1908.6
1900.8
1893
1885.2
1877.4
1869.59
1861.79
1853.99
1846.18
1838.38
1830.57
1822.77
1814.96
1807.16
1799.35
1791.55
1783.74
1775.94
1768.13
1760.33
1752.52
1744.71
1736.91
1729.1
1721.3
1713.49
1705.68
1697.88
1690.07
1682.26
1674.46
1666.65
1658.85
1651.04
1643.23
1635.43
1627.62
1619.81
1612.01
1604.2
1596.4
1588.59
1580.78
1572.98
1565.17
1557.36
1549.56
1541.75
1533.94
1526.14
1518.33
1510.53
1502.72
1494.91
1487.11
1479.3
1471.49
1463.69
1455.88
1448.08
1440.27
1432.46
1424.66
1416.85
1409.04
1401.24
1393.43
1385.62
1377.82
1370.01
1362.21
1354.4
1346.59
1338.79
1330.98
1323.17
1315.37
1307.56
1299.75
1291.95
1284.14
1276.34
1268.53
1260.72
1252.92
1245.11
1237.3
1229.5
1221.69
1213.88
1206.08
1198.27
1190.47
1182.66
1174.85
1167.05
1159.24
1151.43
1143.63
1135.82
1128.02
1120.21
1112.4
1104.6
1096.79
1088.98
1081.18
1073.37
1065.56
1057.76
1049.95
1042.15
1034.34
1026.53
1018.73
1010.92
1003.11
995.308
987.501
979.695
971.889
964.082
956.276
948.47
940.663
932.857
925.051
917.244
909.438
901.632
893.825
886.019
878.213
870.406
862.6
854.794
846.987
839.181
831.375
823.568
815.762
807.956
800.149
792.343
784.537
776.73
768.924
761.118
753.311
745.505
737.699
729.892
722.086
714.28
706.473
698.667
690.861
683.054
675.248
667.442
659.635
651.829
644.023
636.216
628.41
620.604
612.797
604.991
597.184
589.378
581.572
573.765
565.959
558.153
550.346
542.54
534.734
526.927
519.121
511.315
503.508
495.702
487.896
480.089
472.283
464.477
456.67
448.864
441.058
433.251
425.445
417.639
409.832
402.026
394.22
386.413
378.607
370.801
362.994
355.188
347.382
339.575
331.769
323.963
316.156
308.35
300.544
292.737
284.931
277.125
269.318
261.512
253.706
245.899
238.093
230.287
222.48
214.674
206.868
199.061
191.255
183.449
175.642
167.836
160.03
152.224
144.417
136.611
128.805
120.998
113.192
105.386
97.5792
89.7728
81.9665
74.1602
66.3538
58.5475
50.7412
42.9348
35.1285
27.3222
19.5159
11.7095
3.90327
2353.1
2307.98
2305.14
2292.74
2285.18
2276.38
2268.67
2260.88
2253.49
2246.22
2239.12
2232.13
2225.24
2218.44
2211.7
2205
2198.35
2191.69
2185.1
2178.5
2171.86
2165.19
2158.48
2151.7
2144.86
2137.92
2130.88
2123.72
2116.46
2109.12
2101.7
2094.22
2086.69
2079.11
2071.5
2063.85
2056.18
2048.49
2040.78
2033.06
2025.32
2017.57
2009.82
2002.05
1994.28
1986.51
1978.73
1970.95
1963.16
1955.37
1947.58
1939.79
1931.99
1924.2
1916.4
1908.6
1900.8
1893
1885.2
1877.4
1869.59
1861.79
1853.99
1846.18
1838.38
1830.57
1822.77
1814.96
1807.16
1799.35
1791.55
1783.74
1775.94
1768.13
1760.33
1752.52
1744.71
1736.91
1729.1
1721.3
1713.49
1705.68
1697.88
1690.07
1682.26
1674.46
1666.65
1658.85
1651.04
1643.23
1635.43
1627.62
1619.81
1612.01
1604.2
1596.4
1588.59
1580.78
1572.98
1565.17
1557.36
1549.56
1541.75
1533.94
1526.14
1518.33
1510.53
1502.72
1494.91
1487.11
1479.3
1471.49
1463.69
1455.88
1448.08
1440.27
1432.46
1424.66
1416.85
1409.04
1401.24
1393.43
1385.62
1377.82
1370.01
1362.21
1354.4
1346.59
1338.79
1330.98
1323.17
1315.37
1307.56
1299.75
1291.95
1284.14
1276.34
1268.53
1260.72
1252.92
1245.11
1237.3
1229.5
1221.69
1213.88
1206.08
1198.27
1190.47
1182.66
1174.85
1167.05
1159.24
1151.43
1143.63
1135.82
1128.02
1120.21
1112.4
1104.6
1096.79
1088.98
1081.18
1073.37
1065.56
1057.76
1049.95
1042.15
1034.34
1026.53
1018.73
1010.92
1003.11
995.308
987.501
979.695
971.889
964.082
956.276
948.47
940.663
932.857
925.051
917.244
909.438
901.632
893.825
886.019
878.213
870.406
862.6
854.794
846.987
839.181
831.375
823.568
815.762
807.956
800.149
792.343
784.537
776.73
768.924
761.118
753.311
745.505
737.699
729.892
722.086
714.28
706.473
698.667
690.861
683.054
675.248
667.442
659.635
651.829
644.023
636.216
628.41
620.604
612.797
604.991
597.184
589.378
581.572
573.765
565.959
558.153
550.346
542.54
534.734
526.927
519.121
511.315
503.508
495.702
487.896
480.089
472.283
464.477
456.67
448.864
441.058
433.251
425.445
417.639
409.832
402.026
394.22
386.413
378.607
370.801
362.994
355.188
347.382
339.575
331.769
323.963
316.156
308.35
300.544
292.737
284.931
277.125
269.318
261.512
253.706
245.899
238.093
230.287
222.48
214.674
206.868
199.061
191.255
183.449
175.642
167.836
160.03
152.224
144.417
136.611
128.805
120.998
113.192
105.386
97.5792
89.7728
81.9665
74.1602
66.3538
58.5475
50.7412
42.9348
35.1285
27.3222
19.5159
11.7095
3.90327
2353.1
2308.03
2305.13
2292.71
2285.16
2276.36
2268.66
2260.87
2253.48
2246.22
2239.11
2232.13
2225.25
2218.44
2211.7
2205.01
2198.35
2191.7
2185.1
2178.51
2171.87
2165.2
2158.48
2151.71
2144.86
2137.93
2130.88
2123.72
2116.47
2109.12
2101.7
2094.22
2086.69
2079.11
2071.5
2063.85
2056.18
2048.49
2040.78
2033.06
2025.32
2017.57
2009.82
2002.05
1994.28
1986.51
1978.73
1970.95
1963.16
1955.37
1947.58
1939.79
1931.99
1924.2
1916.4
1908.6
1900.8
1893
1885.2
1877.4
1869.59
1861.79
1853.99
1846.18
1838.38
1830.57
1822.77
1814.96
1807.16
1799.35
1791.55
1783.74
1775.94
1768.13
1760.33
1752.52
1744.71
1736.91
1729.1
1721.3
1713.49
1705.68
1697.88
1690.07
1682.26
1674.46
1666.65
1658.85
1651.04
1643.23
1635.43
1627.62
1619.81
1612.01
1604.2
1596.4
1588.59
1580.78
1572.98
1565.17
1557.36
1549.56
1541.75
1533.94
1526.14
1518.33
1510.53
1502.72
1494.91
1487.11
1479.3
1471.49
1463.69
1455.88
1448.08
1440.27
1432.46
1424.66
1416.85
1409.04
1401.24
1393.43
1385.62
1377.82
1370.01
1362.21
1354.4
1346.59
1338.79
1330.98
1323.17
1315.37
1307.56
1299.75
1291.95
1284.14
1276.34
1268.53
1260.72
1252.92
1245.11
1237.3
1229.5
1221.69
1213.88
1206.08
1198.27
1190.47
1182.66
1174.85
1167.05
1159.24
1151.43
1143.63
1135.82
1128.02
1120.21
1112.4
1104.6
1096.79
1088.98
1081.18
1073.37
1065.56
1057.76
1049.95
1042.15
1034.34
1026.53
1018.73
1010.92
1003.11
995.308
987.501
979.695
971.889
964.082
956.276
948.47
940.663
932.857
925.051
917.244
909.438
901.632
893.825
886.019
878.213
870.406
862.6
854.794
846.987
839.181
831.375
823.568
815.762
807.956
800.149
792.343
784.537
776.73
768.924
761.118
753.311
745.505
737.699
729.892
722.086
714.28
706.473
698.667
690.861
683.054
675.248
667.442
659.635
651.829
644.023
636.216
628.41
620.604
612.797
604.991
597.184
589.378
581.572
573.765
565.959
558.153
550.346
542.54
534.734
526.927
519.121
511.315
503.508
495.702
487.896
480.089
472.283
464.477
456.67
448.864
441.058
433.251
425.445
417.639
409.832
402.026
394.22
386.413
378.607
370.801
362.994
355.188
347.382
339.575
331.769
323.963
316.156
308.35
300.544
292.737
284.931
277.125
269.318
261.512
253.706
245.899
238.093
230.287
222.48
214.674
206.868
199.061
191.255
183.449
175.642
167.836
160.03
152.224
144.417
136.611
128.805
120.998
113.192
105.386
97.5792
89.7728
81.9665
74.1602
66.3538
58.5475
50.7412
42.9348
35.1285
27.3222
19.5159
11.7095
3.90327
2353.1
2308.06
2305.13
2292.7
2285.15
2276.35
2268.65
2260.86
2253.48
2246.21
2239.11
2232.13
2225.24
2218.44
2211.7
2205.01
2198.36
2191.7
2185.11
2178.51
2171.87
2165.2
2158.49
2151.71
2144.86
2137.93
2130.88
2123.72
2116.47
2109.12
2101.7
2094.22
2086.69
2079.11
2071.5
2063.85
2056.18
2048.49
2040.78
2033.06
2025.32
2017.57
2009.82
2002.05
1994.28
1986.51
1978.73
1970.95
1963.16
1955.37
1947.58
1939.79
1931.99
1924.2
1916.4
1908.6
1900.8
1893
1885.2
1877.4
1869.59
1861.79
1853.99
1846.18
1838.38
1830.57
1822.77
1814.96
1807.16
1799.35
1791.55
1783.74
1775.94
1768.13
1760.33
1752.52
1744.71
1736.91
1729.1
1721.3
1713.49
1705.68
1697.88
1690.07
1682.26
1674.46
1666.65
1658.85
1651.04
1643.23
1635.43
1627.62
1619.81
1612.01
1604.2
1596.4
1588.59
1580.78
1572.98
1565.17
1557.36
1549.56
1541.75
1533.94
1526.14
1518.33
1510.53
1502.72
1494.91
1487.11
1479.3
1471.49
1463.69
1455.88
1448.08
1440.27
1432.46
1424.66
1416.85
1409.04
1401.24
1393.43
1385.62
1377.82
1370.01
1362.21
1354.4
1346.59
1338.79
1330.98
1323.17
1315.37
1307.56
1299.75
1291.95
1284.14
1276.34
1268.53
1260.72
1252.92
1245.11
1237.3
1229.5
1221.69
1213.88
1206.08
1198.27
1190.47
1182.66
1174.85
1167.05
1159.24
1151.43
1143.63
1135.82
1128.02
1120.21
1112.4
1104.6
1096.79
1088.98
1081.18
1073.37
1065.56
1057.76
1049.95
1042.15
1034.34
1026.53
1018.73
1010.92
1003.11
995.308
987.501
979.695
971.889
964.082
956.276
948.47
940.663
932.857
925.051
917.244
909.438
901.632
893.825
886.019
878.213
870.406
862.6
854.794
846.987
839.181
831.375
823.568
815.762
807.956
800.149
792.343
784.537
776.73
768.924
761.118
753.311
745.505
737.699
729.892
722.086
714.28
706.473
698.667
690.861
683.054
675.248
667.442
659.635
651.829
644.023
636.216
628.41
620.604
612.797
604.991
597.184
589.378
581.572
573.765
565.959
558.153
550.346
542.54
534.734
526.927
519.121
511.315
503.508
495.702
487.896
480.089
472.283
464.477
456.67
448.864
441.058
433.251
425.445
417.639
409.832
402.026
394.22
386.413
378.607
370.801
362.994
355.188
347.382
339.575
331.769
323.963
316.156
308.35
300.544
292.737
284.931
277.125
269.318
261.512
253.706
245.899
238.093
230.287
222.48
214.674
206.868
199.061
191.255
183.449
175.642
167.836
160.03
152.224
144.417
136.611
128.805
120.998
113.192
105.386
97.5792
89.7728
81.9665
74.1602
66.3538
58.5475
50.7412
42.9348
35.1285
27.3222
19.5159
11.7095
3.90327
2353.11
2308.07
2305.13
2292.69
2285.14
2276.34
2268.64
2260.86
2253.47
2246.21
2239.11
2232.12
2225.24
2218.44
2211.7
2205.01
2198.36
2191.7
2185.11
2178.51
2171.87
2165.2
2158.49
2151.71
2144.87
2137.93
2130.88
2123.73
2116.47
2109.12
2101.7
2094.22
2086.69
2079.11
2071.5
2063.85
2056.18
2048.49
2040.78
2033.06
2025.32
2017.57
2009.82
2002.05
1994.28
1986.51
1978.73
1970.95
1963.16
1955.37
1947.58
1939.79
1931.99
1924.2
1916.4
1908.6
1900.8
1893
1885.2
1877.4
1869.59
1861.79
1853.99
1846.18
1838.38
1830.57
1822.77
1814.96
1807.16
1799.35
1791.55
1783.74
1775.94
1768.13
1760.33
1752.52
1744.71
1736.91
1729.1
1721.3
1713.49
1705.68
1697.88
1690.07
1682.26
1674.46
1666.65
1658.85
1651.04
1643.23
1635.43
1627.62
1619.81
1612.01
1604.2
1596.4
1588.59
1580.78
1572.98
1565.17
1557.36
1549.56
1541.75
1533.94
1526.14
1518.33
1510.53
1502.72
1494.91
1487.11
1479.3
1471.49
1463.69
1455.88
1448.08
1440.27
1432.46
1424.66
1416.85
1409.04
1401.24
1393.43
1385.62
1377.82
1370.01
1362.21
1354.4
1346.59
1338.79
1330.98
1323.17
1315.37
1307.56
1299.75
1291.95
1284.14
1276.34
1268.53
1260.72
1252.92
1245.11
1237.3
1229.5
1221.69
1213.88
1206.08
1198.27
1190.47
1182.66
1174.85
1167.05
1159.24
1151.43
1143.63
1135.82
1128.02
1120.21
1112.4
1104.6
1096.79
1088.98
1081.18
1073.37
1065.56
1057.76
1049.95
1042.15
1034.34
1026.53
1018.73
1010.92
1003.11
995.308
987.501
979.695
971.889
964.082
956.276
948.47
940.663
932.857
925.051
917.244
909.438
901.632
893.825
886.019
878.213
870.406
862.6
854.794
846.987
839.181
831.375
823.568
815.762
807.956
800.149
792.343
784.537
776.73
768.924
761.118
753.311
745.505
737.699
729.892
722.086
714.28
706.473
698.667
690.861
683.054
675.248
667.442
659.635
651.829
644.023
636.216
628.41
620.604
612.797
604.991
597.184
589.378
581.572
573.765
565.959
558.153
550.346
542.54
534.734
526.927
519.121
511.315
503.508
495.702
487.896
480.089
472.283
464.477
456.67
448.864
441.058
433.251
425.445
417.639
409.832
402.026
394.22
386.413
378.607
370.801
362.994
355.188
347.382
339.575
331.769
323.963
316.156
308.35
300.544
292.737
284.931
277.125
269.318
261.512
253.706
245.899
238.093
230.287
222.48
214.674
206.868
199.061
191.255
183.449
175.642
167.836
160.03
152.224
144.417
136.611
128.805
120.998
113.192
105.386
97.5792
89.7728
81.9665
74.1602
66.3538
58.5475
50.7412
42.9348
35.1285
27.3222
19.5159
11.7095
3.90327
)
;

boundaryField
{
    inlet
    {
        type            fixedFluxPressure;
        gradient        nonuniform List<scalar> 
18
(
1.28476e-11
-3.41262e-11
7.79026e-11
-3.63585e-11
1.69851e-10
7.9183e-11
-1.31178e-10
1.02112e-10
-1.33352e-10
-3.19327e-11
-6.46011e-11
1.45764e-10
0
-2.5568e-11
7.6964e-11
2.0476e-10
-1.62582e-10
1.31127e-10
)
;
    }
    outlet
    {
        type            fixedValue;
        value           uniform 0;
    }
    sideWall
    {
        type            empty;
    }
    bed
    {
        type            fixedFluxPressure;
        gradient        uniform 0;
    }
    topWall
    {
        type            slip;
        value           nonuniform List<scalar> 
300
(
2353.11
2308.07
2305.13
2292.69
2285.14
2276.34
2268.64
2260.86
2253.47
2246.21
2239.11
2232.12
2225.24
2218.44
2211.7
2205.01
2198.36
2191.7
2185.11
2178.51
2171.87
2165.2
2158.49
2151.71
2144.87
2137.93
2130.88
2123.73
2116.47
2109.12
2101.7
2094.22
2086.69
2079.11
2071.5
2063.85
2056.18
2048.49
2040.78
2033.06
2025.32
2017.57
2009.82
2002.05
1994.28
1986.51
1978.73
1970.95
1963.16
1955.37
1947.58
1939.79
1931.99
1924.2
1916.4
1908.6
1900.8
1893
1885.2
1877.4
1869.59
1861.79
1853.99
1846.18
1838.38
1830.57
1822.77
1814.96
1807.16
1799.35
1791.55
1783.74
1775.94
1768.13
1760.33
1752.52
1744.71
1736.91
1729.1
1721.3
1713.49
1705.68
1697.88
1690.07
1682.26
1674.46
1666.65
1658.85
1651.04
1643.23
1635.43
1627.62
1619.81
1612.01
1604.2
1596.4
1588.59
1580.78
1572.98
1565.17
1557.36
1549.56
1541.75
1533.94
1526.14
1518.33
1510.53
1502.72
1494.91
1487.11
1479.3
1471.49
1463.69
1455.88
1448.08
1440.27
1432.46
1424.66
1416.85
1409.04
1401.24
1393.43
1385.62
1377.82
1370.01
1362.21
1354.4
1346.59
1338.79
1330.98
1323.17
1315.37
1307.56
1299.75
1291.95
1284.14
1276.34
1268.53
1260.72
1252.92
1245.11
1237.3
1229.5
1221.69
1213.88
1206.08
1198.27
1190.47
1182.66
1174.85
1167.05
1159.24
1151.43
1143.63
1135.82
1128.02
1120.21
1112.4
1104.6
1096.79
1088.98
1081.18
1073.37
1065.56
1057.76
1049.95
1042.15
1034.34
1026.53
1018.73
1010.92
1003.11
995.308
987.501
979.695
971.889
964.082
956.276
948.47
940.663
932.857
925.051
917.244
909.438
901.632
893.825
886.019
878.213
870.406
862.6
854.794
846.987
839.181
831.375
823.568
815.762
807.956
800.149
792.343
784.537
776.73
768.924
761.118
753.311
745.505
737.699
729.892
722.086
714.28
706.473
698.667
690.861
683.054
675.248
667.442
659.635
651.829
644.023
636.216
628.41
620.604
612.797
604.991
597.184
589.378
581.572
573.765
565.959
558.153
550.346
542.54
534.734
526.927
519.121
511.315
503.508
495.702
487.896
480.089
472.283
464.477
456.67
448.864
441.058
433.251
425.445
417.639
409.832
402.026
394.22
386.413
378.607
370.801
362.994
355.188
347.382
339.575
331.769
323.963
316.156
308.35
300.544
292.737
284.931
277.125
269.318
261.512
253.706
245.899
238.093
230.287
222.48
214.674
206.868
199.061
191.255
183.449
175.642
167.836
160.03
152.224
144.417
136.611
128.805
120.998
113.192
105.386
97.5792
89.7728
81.9665
74.1602
66.3538
58.5475
50.7412
42.9348
35.1285
27.3222
19.5159
11.7095
3.90327
)
;
    }
}


// ************************************************************************* //
