/*--------------------------------*- C++ -*----------------------------------*\
| =========                 |                                                 |
| \\      /  F ield         | foam-extend: Open Source CFD                    |
|  \\    /   O peration     | Version:     3.2                                |
|   \\  /    A nd           | Web:         http://www.foam-extend.org         |
|    \\/     M anipulation  | For copyright notice see file Copyright         |
\*---------------------------------------------------------------------------*/
FoamFile
{
    version     2.0;
    format      ascii;
    class       volScalarField;
    location    "50";
    object      omega;
}
// * * * * * * * * * * * * * * * * * * * * * * * * * * * * * * * * * * * * * //

dimensions      [0 0 -1 0 0 0 0];

internalField   nonuniform List<scalar> 
5400
(
953.373
765.351
661.611
662.663
652.658
652.64
647.744
647.512
645.757
646.422
646.581
647.723
648.874
650.696
652.405
654.56
656.751
659.2
661.627
664.281
667.072
669.941
672.885
675.862
678.864
681.898
684.725
687.191
689.271
691.01
692.462
693.663
694.667
695.493
696.188
696.754
697.24
697.629
697.975
698.242
698.496
698.676
698.872
698.992
699.148
699.22
699.342
699.363
699.511
699.448
699.697
699.414
699.956
699.164
700.511
698.392
701.895
696.617
707.306
686.307
592.67
587.252
596.542
598.687
605.143
606.096
608.104
609.397
609.418
609.837
611.354
608.589
607.679
611.175
612.502
607.78
601.439
612.634
614.489
604.55
610.843
603.766
599.076
606.339
606.761
605.614
614.932
608.076
597.251
615.882
622.419
591.971
597.511
631.283
614.204
578.878
610.631
639.017
604.697
583.986
612.812
628.289
611.067
595.839
599.593
615.45
617.632
605.48
601.734
606.588
611.177
611.855
611.278
610.353
608.765
607.701
607.302
607.541
608.026
607.936
607.646
607.858
608.205
608.229
608.097
608.051
608.068
608.096
608.125
608.158
608.172
608.186
608.204
608.203
608.21
608.222
608.199
608.199
608.21
608.212
608.214
608.207
608.217
608.22
608.223
608.242
608.233
608.235
608.236
608.212
608.262
608.272
608.212
608.257
608.307
608.3
608.273
608.25
608.301
608.355
608.3
608.256
608.339
608.363
608.306
608.316
608.348
608.351
608.336
608.329
608.4
608.394
608.324
608.385
608.462
608.367
608.303
608.524
608.41
608.315
608.639
608.266
608.432
608.663
608.088
608.791
608.673
607.693
609.115
608.926
607.27
609.272
609.244
606.954
609.29
609.673
606.759
608.944
610.279
606.995
608.307
610.116
607.706
608.477
609.431
607.597
609.068
609.788
607.24
608.728
610.159
607.597
608.67
609.803
607.524
608.85
610.14
607.575
608.68
609.962
607.507
608.649
610.037
607.568
608.673
610.11
607.63
608.681
610.164
607.689
608.695
610.219
607.743
608.706
610.282
607.803
608.711
610.339
607.87
608.721
610.388
607.938
608.739
610.44
607.997
608.76
610.491
608.062
608.781
610.53
608.152
608.758
610.636
608.169
608.788
610.694
608.156
608.967
610.514
608.502
608.714
610.772
608.527
608.588
611.01
608.213
609.294
609.816
609.699
608.691
609.613
609.697
609.231
609.804
608.899
609.682
609.505
610.216
608.594
609.47
609.741
610.402
608.645
609.536
609.441
610.079
609.088
609.654
609.035
609.739
609.157
609.583
609.04
610.022
601.263
655.914
753.058
726.649
691.431
699.013
374.192
345.005
302.785
288.412
276.261
271.691
266.984
265.03
262.955
262.219
261.537
261.378
261.388
261.631
262.002
262.545
263.164
263.923
264.71
265.576
266.522
267.524
268.574
269.655
270.765
271.911
273.004
273.988
274.846
275.582
276.212
276.742
277.194
277.569
277.89
278.153
278.381
278.564
278.727
278.854
278.974
279.06
279.15
279.208
279.28
279.317
279.371
279.394
279.443
279.448
279.503
279.471
279.569
279.454
279.681
279.354
279.927
279.059
281.455
282.659
256.593
241.093
239.317
238.882
240.821
241.604
242.813
243.563
244.061
244.3
244.865
244.473
244.152
245.092
245.704
244.512
242.866
245.134
246.513
244.29
244.588
243.234
241.596
242.973
244.22
244.218
246.058
245.182
242.581
245.696
248.067
242.291
241.199
249.03
247.352
238.158
242.301
251.72
246.353
238.204
242.889
250.12
247.576
241.395
241.222
245.928
247.979
244.986
242.498
243.413
245.544
246.296
246.088
245.624
244.96
244.408
244.206
244.27
244.48
244.517
244.452
244.488
244.62
244.664
244.628
244.598
244.598
244.612
244.625
244.641
244.65
244.657
244.665
244.669
244.67
244.671
244.67
244.67
244.669
244.669
244.669
244.668
244.671
244.673
244.675
244.681
244.68
244.682
244.685
244.68
244.691
244.7
244.689
244.693
244.711
244.715
244.707
244.701
244.714
244.733
244.725
244.712
244.729
244.742
244.734
244.732
244.742
244.746
244.745
244.745
244.762
244.768
244.754
244.765
244.787
244.773
244.758
244.797
244.797
244.766
244.824
244.784
244.785
244.858
244.764
244.846
244.891
244.695
244.886
244.975
244.631
244.89
245.065
244.594
244.886
245.16
244.576
244.817
245.231
244.703
244.713
245.175
244.855
244.798
245.077
244.77
244.934
245.191
244.723
244.843
245.238
244.86
244.86
245.168
244.813
244.911
245.257
244.864
244.87
245.199
244.828
244.862
245.22
244.859
244.886
245.248
244.89
244.902
245.269
244.916
244.918
245.29
244.94
244.932
245.311
244.966
244.945
245.331
244.992
244.959
245.349
245.018
244.974
245.368
245.041
244.988
245.386
245.065
245.003
245.401
245.092
245.009
245.423
245.111
245.018
245.445
245.114
245.063
245.431
245.171
245.04
245.47
245.199
244.995
245.502
245.158
245.142
245.357
245.352
245.117
245.228
245.367
245.218
245.338
245.176
245.286
245.3
245.402
245.145
245.202
245.358
245.501
245.173
245.191
245.268
245.424
245.265
245.283
245.171
245.263
245.219
245.212
245.193
245.463
240.549
248.194
282.25
293.208
284.645
282.585
187.962
199.714
194.472
184.186
173.716
168.225
163.585
160.94
158.753
157.464
156.422
155.838
155.449
155.236
155.182
155.242
155.397
155.655
155.966
156.326
156.74
157.202
157.702
158.23
158.785
159.359
159.9
160.389
160.823
161.201
161.529
161.809
162.05
162.253
162.427
162.572
162.697
162.799
162.889
162.96
163.026
163.075
163.123
163.158
163.195
163.218
163.246
163.262
163.284
163.295
163.312
163.316
163.335
163.328
163.362
163.329
163.4
163.226
163.824
167.113
161.595
148.988
143.933
141.622
141.144
141.073
141.517
141.777
142.173
142.268
142.581
142.611
142.504
142.605
142.985
143.002
142.539
142.331
143.366
142.934
142.575
142.583
141.811
141.526
142.3
142.447
142.813
143.471
142.84
142.346
143.484
143.592
141.224
142.698
144.889
142.959
140.146
143.345
145.636
142.49
140.312
143.462
145.014
142.834
141.56
142.232
143.751
143.961
142.521
142.061
142.811
143.494
143.657
143.559
143.295
142.982
142.765
142.707
142.755
142.804
142.797
142.79
142.833
142.875
142.883
142.871
142.865
142.869
142.875
142.883
142.89
142.895
142.901
142.906
142.908
142.908
142.91
142.911
142.91
142.907
142.906
142.908
142.908
142.909
142.911
142.915
142.916
142.917
142.919
142.919
142.92
142.927
142.927
142.924
142.93
142.935
142.935
142.932
142.933
142.941
142.946
142.942
142.94
142.949
142.952
142.95
142.952
142.957
142.958
142.958
142.961
142.969
142.968
142.966
142.973
142.98
142.972
142.975
142.992
142.977
142.986
143.003
142.978
143.012
143.007
142.978
143.041
143.007
142.963
143.078
143.022
142.944
143.106
143.04
142.932
143.128
143.065
142.91
143.107
143.116
142.926
143.072
143.131
142.993
143.101
143.092
143.001
143.152
143.113
142.969
143.128
143.157
143.012
143.141
143.134
143.011
143.156
143.169
143.018
143.145
143.148
143.006
143.143
143.161
143.02
143.155
143.179
143.035
143.165
143.194
143.048
143.175
143.208
143.06
143.184
143.222
143.072
143.193
143.237
143.084
143.201
143.25
143.096
143.21
143.263
143.107
143.218
143.275
143.118
143.223
143.287
143.128
143.227
143.304
143.134
143.247
143.306
143.146
143.247
143.304
143.165
143.23
143.339
143.155
143.266
143.333
143.181
143.27
143.28
143.285
143.198
143.298
143.243
143.287
143.249
143.253
143.269
143.283
143.309
143.2
143.264
143.297
143.348
143.201
143.27
143.264
143.345
143.242
143.278
143.201
143.278
143.203
143.253
143.471
140.885
139.254
151.685
164.599
166.766
165.618
102.276
130.976
137.042
134.43
129.561
125.096
120.851
117.883
115.485
113.784
112.466
111.58
110.903
110.433
110.116
109.908
109.809
109.803
109.861
109.967
110.119
110.316
110.546
110.804
111.086
111.37
111.617
111.832
112.02
112.185
112.33
112.455
112.564
112.656
112.736
112.802
112.86
112.907
112.949
112.983
113.013
113.036
113.058
113.075
113.091
113.102
113.114
113.122
113.131
113.138
113.143
113.15
113.15
113.162
113.153
113.177
113.14
113.11
113.189
116.269
117.625
109.119
103.927
100.85
99.221
98.4981
98.3249
98.2101
98.3783
98.3436
98.4969
98.5899
98.5578
98.401
98.6158
98.9753
98.9209
98.1675
98.8203
98.8964
98.5429
98.9067
98.4992
97.9096
98.2693
98.3816
98.3493
99.2535
99.2249
98.1236
98.7549
99.962
98.1194
97.7309
100.239
100.616
97.081
97.6742
101.032
100.278
97.2512
98.0173
100.05
99.7282
98.526
97.9601
98.8024
99.777
99.1462
98.455
98.5518
99.0153
99.2755
99.3445
99.2723
99.1024
98.9187
98.8211
98.7945
98.8229
98.83
98.813
98.8211
98.85
98.8703
98.8686
98.8642
98.8643
98.867
98.871
98.8764
98.8804
98.8845
98.8886
98.8907
98.8917
98.8947
98.8959
98.8956
98.8944
98.8936
98.8948
98.8953
98.896
98.8971
98.8989
98.9007
98.901
98.9031
98.9044
98.9025
98.9073
98.9102
98.9062
98.9081
98.9119
98.9143
98.9135
98.9104
98.9142
98.9212
98.9213
98.916
98.9211
98.926
98.9254
98.9257
98.9287
98.9307
98.9304
98.9298
98.9364
98.9395
98.9345
98.9369
98.9463
98.9425
98.9378
98.9533
98.9467
98.9462
98.9669
98.9447
98.9615
98.9719
98.9353
98.9832
98.9842
98.9173
99.0011
99.0116
98.9031
99.0096
99.0373
98.8933
99.0121
99.0707
98.886
98.9852
99.0869
98.9213
98.9651
99.0665
98.9646
99.0092
99.0601
98.9445
99.0318
99.0929
98.9376
99.0053
99.0961
98.9743
99.0309
99.0957
98.9624
99.0301
99.1118
98.9808
99.0337
99.1046
98.9704
99.0262
99.1074
98.9779
99.0324
99.1176
98.9892
99.0401
99.1269
98.9994
99.0473
99.136
99.0088
99.0534
99.1448
99.0185
99.0592
99.1529
99.0281
99.0652
99.1606
99.0372
99.0712
99.1683
99.0455
99.0769
99.1751
99.0538
99.0806
99.1808
99.0624
99.0824
99.1919
99.0677
99.0949
99.1965
99.0713
99.0977
99.1826
99.0909
99.0718
99.2114
99.0937
99.1056
99.2135
99.0926
99.1239
99.135
99.1931
99.0896
99.1487
99.127
99.1487
99.1431
99.1275
99.1344
99.1372
99.2053
99.1
99.1134
99.1152
99.236
99.1098
99.1493
99.0999
99.2155
99.1187
99.1826
99.0799
99.1658
99.0968
99.1442
99.3575
98.0815
94.6666
98.3559
108.246
113.027
113.858
56.7613
86.5927
100.567
102.4
102.461
100.702
97.8318
95.2155
92.8645
90.9934
89.4688
88.3378
87.4127
86.7351
86.2213
85.8232
85.544
85.3529
85.2358
85.1708
85.1526
85.177
85.2336
85.3159
85.4132
85.4917
85.5293
85.5451
85.5524
85.5561
85.559
85.5608
85.5629
85.564
85.5656
85.5662
85.5674
85.5676
85.5683
85.5683
85.5685
85.5682
85.5681
85.5678
85.5675
85.5672
85.5669
85.5666
85.5658
85.5669
85.5643
85.5681
85.5614
85.5727
85.5548
85.5838
85.529
85.5212
85.4257
88.0797
91.4744
86.3473
81.9939
78.8052
76.7903
75.6567
75.057
74.6605
74.5891
74.4231
74.446
74.4974
74.4619
74.24
74.3476
74.7318
74.7886
74.0618
74.4537
74.6429
74.4005
74.8016
74.5722
74.052
74.1574
74.1961
74.0827
74.8666
74.9787
74.0402
74.4605
75.636
74.3596
73.5881
75.5608
76.3584
73.6653
73.3976
76.0873
76.2006
73.8572
73.6769
75.2495
75.6297
74.7761
73.9369
74.3478
75.2817
75.1074
74.5541
74.368
74.6377
74.8746
75.0092
75.0365
74.9578
74.8236
74.7228
74.665
74.6719
74.6772
74.6578
74.6504
74.6683
74.6872
74.691
74.689
74.6879
74.6889
74.6911
74.6951
74.6982
74.7015
74.7048
74.7068
74.7085
74.7114
74.713
74.7133
74.7131
74.7128
74.7135
74.7142
74.7149
74.7153
74.7161
74.7176
74.7179
74.7195
74.7208
74.7187
74.722
74.725
74.7221
74.7224
74.7249
74.7276
74.7279
74.7245
74.7262
74.7321
74.7334
74.7289
74.7319
74.7361
74.7363
74.7361
74.7382
74.7401
74.74
74.7384
74.7435
74.7472
74.743
74.7438
74.7516
74.7499
74.745
74.7562
74.7532
74.7513
74.7681
74.7518
74.7611
74.7711
74.7428
74.7765
74.7833
74.7292
74.7864
74.807
74.721
74.7901
74.8281
74.7152
74.7879
74.8562
74.7163
74.766
74.8639
74.7483
74.7547
74.8391
74.7736
74.7932
74.8416
74.7526
74.8036
74.8719
74.7569
74.7835
74.8649
74.7823
74.8078
74.8717
74.7716
74.803
74.88
74.7896
74.8116
74.8797
74.7826
74.8039
74.8784
74.7856
74.8071
74.8846
74.7938
74.813
74.8914
74.8016
74.8187
74.8981
74.8089
74.8235
74.9044
74.8164
74.8281
74.9101
74.8238
74.8329
74.9155
74.8307
74.8377
74.9209
74.8369
74.842
74.9256
74.843
74.8453
74.9292
74.8495
74.8469
74.9367
74.8537
74.8549
74.9406
74.8555
74.8581
74.9294
74.8691
74.8389
74.9476
74.8739
74.8624
74.9517
74.8705
74.8778
74.8863
74.9436
74.8649
74.8979
74.8867
74.9007
74.9039
74.8867
74.8879
74.8913
74.9502
74.8756
74.8688
74.8615
74.9679
74.8868
74.9091
74.8552
74.9484
74.8808
74.9412
74.853
74.923
74.8687
74.9075
75.1147
74.61
71.1966
71.0814
78.0135
82.3873
84.421
31.4746
55.4289
72.2462
79.6013
82.9339
82.666
82.0452
80.6441
78.8625
77.1896
75.6523
74.4068
73.3351
72.4964
71.8186
71.2731
70.8443
70.4993
70.2388
70.0404
69.8899
69.7829
69.7055
69.6493
69.5901
69.4871
69.3479
69.1998
69.0576
68.9268
68.8097
68.706
68.6156
68.5367
68.469
68.4104
68.3605
68.3176
68.281
68.2498
68.2229
68.2003
68.1803
68.164
68.1489
68.1373
68.126
68.1174
68.1083
68.103
68.0953
68.0942
68.0843
68.0906
68.072
68.0942
68.0433
68.0299
67.8693
70.1332
73.7349
71.0321
67.7278
64.7955
62.7923
61.4586
60.6058
60.0121
59.7432
59.458
59.3668
59.3465
59.2773
59.0446
59.0782
59.3875
59.4494
58.8602
59.1043
59.2878
59.1396
59.4893
59.3627
58.9597
58.9398
58.917
58.8091
59.412
59.5268
58.8219
59.1736
60.1228
59.2272
58.4846
59.9528
60.6203
58.7494
58.3047
60.275
60.5631
58.9427
58.5102
59.6319
60.1907
59.6277
58.8449
59.02
59.7405
59.7752
59.3882
59.1233
59.2582
59.4359
59.584
59.6592
59.6393
59.5486
59.4618
59.3963
59.3878
59.3868
59.3671
59.3527
59.362
59.3758
59.3815
59.3811
59.3798
59.3799
59.381
59.3838
59.3863
59.389
59.3918
59.3935
59.3955
59.3982
59.3996
59.4003
59.4006
59.4012
59.4019
59.4023
59.403
59.4029
59.4032
59.4044
59.4047
59.4059
59.407
59.4053
59.4077
59.4101
59.4082
59.4078
59.4096
59.412
59.4127
59.4098
59.4105
59.4151
59.4165
59.4134
59.4152
59.4185
59.419
59.4188
59.4203
59.4219
59.4219
59.4204
59.4243
59.4275
59.4245
59.4249
59.4309
59.4301
59.4262
59.4341
59.4326
59.431
59.4435
59.4323
59.438
59.4453
59.4247
59.4493
59.4554
59.4147
59.4557
59.4739
59.4096
59.4582
59.4902
59.4059
59.4555
59.5125
59.4105
59.4389
59.5178
59.4377
59.4325
59.4958
59.4526
59.463
59.4995
59.4349
59.468
59.5252
59.4432
59.4538
59.5169
59.4609
59.4744
59.5248
59.4531
59.4691
59.5304
59.4685
59.4789
59.5332
59.4645
59.4725
59.5303
59.465
59.4738
59.5342
59.4708
59.4783
59.5394
59.4768
59.4829
59.5448
59.4826
59.4869
59.5498
59.4886
59.4909
59.5543
59.4943
59.4948
59.5585
59.4996
59.4987
59.5627
59.5044
59.5022
59.5663
59.5092
59.505
59.5691
59.514
59.5066
59.5746
59.5173
59.512
59.5773
59.5186
59.5149
59.5702
59.5279
59.5018
59.582
59.5321
59.5174
59.585
59.5299
59.5287
59.535
59.5805
59.5259
59.5455
59.5377
59.548
59.553
59.5382
59.5363
59.5408
59.5862
59.5346
59.5223
59.5144
59.5941
59.5438
59.5588
59.5129
59.5782
59.5333
59.5827
59.5178
59.5688
59.5287
59.5601
59.7546
59.6654
56.681
54.9372
59.6021
62.9946
65.2267
17.476
33.5549
48.4813
59.6163
66.6681
68.8373
69.4838
69.1593
68.5062
67.4674
66.243
65.1051
64.0421
63.1433
62.3634
61.7162
61.1779
60.7178
60.3434
60.0297
59.7638
59.5433
59.3477
59.1645
58.9451
58.6555
58.3566
58.067
57.7971
57.5511
57.3308
57.1354
56.9643
56.815
56.686
56.5746
56.4792
56.3974
56.3274
56.2679
56.2165
56.1735
56.1357
56.1046
56.0764
56.0542
56.033
56.0166
56.0005
55.9891
55.977
55.971
55.9589
55.9597
55.942
55.9561
55.9129
55.8914
55.7074
57.6401
60.8218
59.6356
57.3373
54.8701
53.0473
51.6731
50.7122
49.9973
49.5842
49.2042
49.0168
48.9231
48.8109
48.5758
48.5565
48.7734
48.8049
48.3459
48.5018
48.6504
48.5636
48.8499
48.7793
48.4746
48.4026
48.3396
48.247
48.7031
48.7863
48.2512
48.5831
49.3257
48.6674
48.0503
49.1519
49.6304
48.3033
47.9057
49.3504
49.6057
48.4823
48.0605
48.8683
49.4106
49.0331
48.3855
48.4511
48.9754
49.0835
48.8198
48.5651
48.6173
48.7397
48.8753
48.9685
48.9843
48.9278
48.8596
48.7981
48.7812
48.7743
48.7548
48.7374
48.7404
48.7492
48.7544
48.7546
48.7534
48.753
48.7533
48.7552
48.757
48.7592
48.7615
48.7631
48.7651
48.7673
48.7684
48.7693
48.77
48.7713
48.772
48.7721
48.7727
48.7726
48.7727
48.7736
48.7739
48.7749
48.7759
48.7745
48.7763
48.7783
48.777
48.7764
48.7776
48.7797
48.7804
48.7782
48.7784
48.7819
48.7832
48.781
48.7823
48.7848
48.7854
48.7852
48.7863
48.7877
48.7878
48.7865
48.7895
48.7921
48.7901
48.7904
48.795
48.7946
48.7917
48.7975
48.7965
48.7955
48.8047
48.7968
48.8009
48.8059
48.7906
48.8094
48.8138
48.783
48.8141
48.828
48.7792
48.8165
48.8408
48.7763
48.8143
48.8585
48.7822
48.8015
48.863
48.8055
48.798
48.8451
48.8149
48.8218
48.8481
48.7999
48.8244
48.8693
48.8093
48.8144
48.8621
48.8224
48.8314
48.8694
48.8167
48.8266
48.8738
48.8298
48.8364
48.878
48.8279
48.8314
48.8749
48.8272
48.8315
48.8772
48.8313
48.8349
48.8813
48.836
48.8387
48.8857
48.8407
48.8421
48.8898
48.8455
48.8455
48.8936
48.8502
48.8488
48.897
48.8544
48.8521
48.9005
48.8583
48.855
48.9034
48.862
48.8574
48.9059
48.8658
48.8589
48.9101
48.8684
48.8627
48.9118
48.8695
48.8651
48.9081
48.876
48.8564
48.9164
48.8793
48.8666
48.9173
48.8782
48.8746
48.8797
48.9141
48.8759
48.889
48.8828
48.8909
48.8956
48.8834
48.8803
48.8852
48.9196
48.8828
48.8706
48.8645
48.922
48.8896
48.9008
48.8654
48.9098
48.8791
48.9172
48.8725
48.9081
48.8795
48.9054
49.0816
49.124
46.6212
44.2045
47.4103
49.9716
51.8905
9.95525
19.7273
30.1574
41.2543
50.8383
56.2671
58.9948
59.7241
59.6806
59.3812
58.8435
58.0895
57.2379
56.4286
55.6581
54.9772
54.3829
53.8606
53.4079
53.0029
52.6394
52.3152
52.0009
51.6752
51.278
50.8174
50.3795
49.9692
49.5911
49.2475
48.9397
48.6667
48.427
48.2178
48.0365
47.8801
47.7457
47.6306
47.5318
47.4479
47.3755
47.3147
47.2616
47.2176
47.1782
47.1466
47.1173
47.094
47.0719
47.0553
47.0394
47.029
47.0149
47.0112
46.9943
47.0014
46.9654
46.9388
46.7586
48.3957
51.0663
50.6674
49.2134
47.2767
45.7072
44.3953
43.4293
42.659
42.155
41.7089
41.4478
41.29
41.1347
40.8955
40.8357
40.9699
40.9636
40.5981
40.6985
40.8098
40.7591
40.9879
40.9446
40.7119
40.6241
40.5396
40.4594
40.8064
40.8552
40.4365
40.7496
41.3382
40.8286
40.3407
41.1885
41.5381
40.54
40.2303
41.3166
41.5235
40.6969
40.3515
40.9558
41.4215
41.1547
40.6404
40.6612
41.0432
41.1608
40.9767
40.7616
40.7686
40.8489
40.9625
41.0569
41.0922
41.0611
41.0101
40.9578
40.938
40.9272
40.9082
40.8899
40.8885
40.8932
40.8968
40.897
40.8958
40.8951
40.8949
40.896
40.8973
40.899
40.9008
40.9022
40.9039
40.9058
40.9067
40.9075
40.9085
40.9099
40.9106
40.9108
40.9114
40.9113
40.9114
40.9121
40.9124
40.9133
40.9141
40.9131
40.9146
40.9161
40.9152
40.9145
40.9154
40.9171
40.9178
40.9161
40.9161
40.9189
40.9199
40.9184
40.9193
40.9213
40.9218
40.9217
40.9226
40.9237
40.9239
40.9229
40.9252
40.9272
40.9259
40.9263
40.9299
40.9296
40.9275
40.9319
40.9312
40.9305
40.9374
40.9316
40.9348
40.9382
40.9266
40.9416
40.9445
40.9205
40.9455
40.9555
40.9171
40.9479
40.9658
40.9145
40.9463
40.9801
40.9206
40.9362
40.9841
40.9409
40.9344
40.9698
40.9475
40.9531
40.972
40.9345
40.9544
40.9894
40.9438
40.9473
40.9838
40.9542
40.9614
40.9901
40.9498
40.9573
40.9938
40.9611
40.9665
40.9985
40.9606
40.9629
40.9957
40.9594
40.9623
40.997
40.9623
40.9649
41.0002
40.966
40.968
41.0038
40.9699
40.9709
41.0073
40.9739
40.9738
41.0105
40.9777
40.9767
41.0134
40.9812
40.9795
41.0164
40.9844
40.9819
41.0189
40.9875
40.984
41.0211
40.9906
40.9854
41.0245
40.9926
40.9882
41.0255
40.9936
40.9903
41.0244
40.9983
40.9843
41.0308
41.001
40.991
41.0296
41.0005
40.9966
41.0011
41.0268
40.9992
41.0092
41.0041
41.0108
41.0146
41.0047
41.0011
41.006
41.0322
41.0049
40.9944
40.9906
41.0322
41.0098
41.0185
40.9925
41.0228
41.0012
41.0296
40.9994
41.0244
41.004
41.0258
41.1813
41.181
39.1047
36.7632
38.8869
40.7831
42.3261
5.70598
11.7784
18.0255
26.2228
35.5821
43.4075
48.5763
51.144
52.1907
52.4334
52.2713
52.0134
51.6125
51.0724
50.4588
49.8514
49.2704
48.7396
48.2493
47.7862
47.345
46.9189
46.4731
45.9799
45.4079
44.8256
44.2784
43.7705
43.3045
42.8819
42.5034
42.1679
41.8732
41.6161
41.3932
41.2008
41.0353
40.8936
40.7719
40.6684
40.5793
40.5042
40.4388
40.3843
40.3361
40.2967
40.2611
40.2321
40.2056
40.1846
40.1656
40.1518
40.1362
40.1289
40.1126
40.1142
40.0842
40.0556
39.8991
41.2603
43.503
43.4827
42.6066
41.1537
39.8617
38.6723
37.7617
36.9893
36.4438
35.9601
35.6483
35.4405
35.2472
35.0027
34.9105
34.9783
34.9358
34.6332
34.694
34.7716
34.74
34.9183
34.8864
34.7043
34.6165
34.5238
34.4529
34.7187
34.7394
34.4052
34.6882
35.1654
34.7521
34.374
35.0436
35.3094
34.5268
34.2938
35.133
35.3012
34.6604
34.3898
34.8612
35.2424
35.041
34.6376
34.6442
34.9284
35.0316
34.8979
34.7241
34.7101
34.7611
34.8515
34.9386
34.9822
34.9689
34.932
34.8903
34.8711
34.8586
34.8404
34.8226
34.8183
34.8199
34.8217
34.8214
34.8201
34.8191
34.8185
34.8191
34.8199
34.8211
34.8225
34.8236
34.8251
34.8267
34.8275
34.8282
34.8291
34.8304
34.8312
34.8315
34.8321
34.8321
34.8323
34.8329
34.8331
34.8339
34.8346
34.8339
34.8351
34.8364
34.8356
34.835
34.8358
34.8371
34.8377
34.8364
34.8364
34.8385
34.8393
34.8382
34.839
34.8405
34.841
34.8409
34.8416
34.8427
34.8428
34.8421
34.8439
34.8455
34.8445
34.845
34.8479
34.8477
34.8461
34.8496
34.849
34.8487
34.8539
34.8495
34.8522
34.8545
34.8454
34.8577
34.8595
34.8403
34.8613
34.8682
34.8371
34.8636
34.8766
34.8349
34.8624
34.8882
34.8406
34.8543
34.892
34.8584
34.8534
34.8807
34.8634
34.8683
34.8821
34.852
34.8692
34.8965
34.8607
34.8639
34.8922
34.8694
34.8758
34.8976
34.8658
34.8723
34.9009
34.8757
34.8808
34.9056
34.8761
34.8782
34.9033
34.8747
34.8774
34.904
34.8768
34.8793
34.9065
34.8798
34.8818
34.9095
34.883
34.8843
34.9125
34.8864
34.8869
34.9152
34.8897
34.8894
34.9178
34.8926
34.8918
34.9203
34.8953
34.8939
34.9225
34.8979
34.8958
34.9246
34.9004
34.8971
34.9274
34.9021
34.8992
34.928
34.903
34.9009
34.9285
34.9067
34.8969
34.9342
34.9089
34.9013
34.931
34.9086
34.9051
34.9094
34.9287
34.908
34.9162
34.9121
34.9177
34.9206
34.9125
34.909
34.9136
34.9337
34.9128
34.9042
34.9023
34.933
34.9164
34.923
34.9043
34.9258
34.9102
34.9309
34.9102
34.9284
34.9134
34.9321
35.0662
34.9749
33.2585
31.3861
32.6718
34.0229
35.2364
3.53511
6.92841
10.987
15.9998
22.8814
30.719
37.5516
42.1586
44.8731
46.1094
46.5781
46.6447
46.4849
46.2688
45.9695
45.5734
45.1024
44.6276
44.1447
43.6585
43.1575
42.6255
42.0358
41.3767
40.6845
40.0298
39.4063
38.8263
38.2944
37.8128
37.3822
37.001
36.6666
36.3751
36.1224
35.9044
35.7168
35.5561
35.4181
35.3006
35.1996
35.1142
35.0402
34.9781
34.9236
34.8785
34.8386
34.8054
34.7759
34.7518
34.7305
34.7142
34.6975
34.6876
34.6719
34.6694
34.6443
34.6163
34.4911
35.5957
37.474
37.64
37.113
36.0545
35.0267
33.994
33.1693
32.4333
31.8846
31.39
31.0486
30.8063
30.5834
30.3352
30.2176
30.233
30.1599
29.9001
29.9289
29.9769
29.9529
30.0872
30.0582
29.911
29.829
29.7366
29.6731
29.8772
29.8772
29.608
29.8533
30.2461
29.8997
29.6099
30.1481
30.3505
29.7301
29.5556
30.2169
30.3474
29.8421
29.6343
30.0111
30.3164
30.1556
29.8396
29.8444
30.0611
30.1438
30.0425
29.9044
29.8827
29.9147
29.9843
30.0601
30.1048
30.1032
30.0772
30.0455
30.0289
30.0164
29.9995
29.9828
29.9769
29.9763
29.9765
29.9755
29.974
29.9728
29.9719
29.972
29.9723
29.9731
29.9742
29.9751
29.9763
29.9776
29.9784
29.979
29.9798
29.9809
29.9816
29.982
29.9826
29.9828
29.983
29.9835
29.9837
29.9845
29.985
29.9846
29.9856
29.9866
29.986
29.9855
29.9861
29.9872
29.9877
29.9867
29.9866
29.9883
29.9889
29.9881
29.9888
29.99
29.9904
29.9904
29.991
29.9919
29.992
29.9916
29.993
29.9943
29.9936
29.9941
29.9965
29.9963
29.9951
29.9979
29.9974
29.9973
30.0013
29.9979
30.0002
30.0018
29.9945
30.0049
30.0059
29.9903
30.0081
30.0129
29.9876
30.0103
30.0198
29.9857
30.0094
30.0293
29.9907
30.003
30.0327
30.0061
30.0026
30.0239
30.0104
30.0147
30.0249
30.0003
30.0155
30.0369
30.0082
30.0115
30.0337
30.0157
30.0214
30.0382
30.0127
30.0187
30.0412
30.0215
30.0263
30.0458
30.0223
30.0245
30.044
30.0211
30.0237
30.0444
30.0226
30.0251
30.0463
30.025
30.0272
30.0488
30.0277
30.0294
30.0513
30.0306
30.0316
30.0538
30.0334
30.0338
30.056
30.0359
30.0359
30.0583
30.0383
30.0378
30.0602
30.0405
30.0395
30.0623
30.0426
30.0407
30.0647
30.044
30.0424
30.0648
30.0449
30.0439
30.0661
30.0481
30.0413
30.0718
30.0497
30.044
30.0673
30.0496
30.0468
30.0509
30.0653
30.0493
30.0563
30.0532
30.058
30.0601
30.0534
30.0502
30.0544
30.0699
30.0536
30.0467
30.0461
30.0692
30.0563
30.0611
30.0479
30.0637
30.0523
30.0671
30.0526
30.0662
30.055
30.0709
30.1835
30.0561
28.6373
27.1843
27.962
28.9039
29.8291
2.36125
4.26761
6.61786
10.0145
14.2576
20.0763
26.6544
32.5486
36.9019
39.5488
41.0638
41.7358
41.9654
41.9627
41.82
41.6214
41.3559
41.0192
40.5981
40.1175
39.5764
38.9476
38.2348
37.4735
36.7423
36.0457
35.3765
34.751
34.1772
33.6586
33.1961
32.7876
32.4298
32.1184
31.8486
31.616
31.4158
31.2441
31.0969
30.9712
30.8634
30.7718
30.6929
30.6261
30.5683
30.5195
30.4774
30.4415
30.4105
30.3845
30.3619
30.3439
30.3267
30.3152
30.3001
30.295
30.2738
30.248
30.1539
31.0198
32.5707
32.8054
32.4914
31.7317
30.9332
30.0693
29.346
28.6712
28.146
27.6623
27.3101
27.0479
26.8053
26.5575
26.4206
26.3946
26.2978
26.0687
26.0702
26.092
26.0677
26.1641
26.1332
26.0104
25.9352
25.8478
25.7907
25.9464
25.9324
25.716
25.9209
26.242
25.9523
25.7311
26.1657
26.3194
25.8288
25.6981
26.2237
26.3217
25.9219
25.7635
26.0676
26.3089
26.1759
25.9288
25.9356
26.1038
26.1669
26.0874
25.9794
25.9563
25.9763
26.0288
26.0919
26.1336
26.1386
26.1209
26.0977
26.0844
26.0729
26.0577
26.0427
26.0361
26.0341
26.033
26.0313
26.0296
26.0282
26.0271
26.0267
26.0267
26.0272
26.0279
26.0285
26.0295
26.0306
26.0313
26.0319
26.0326
26.0334
26.0341
26.0346
26.0352
26.0354
26.0357
26.0361
26.0364
26.037
26.0375
26.0372
26.0381
26.0389
26.0384
26.038
26.0385
26.0394
26.0398
26.039
26.039
26.0404
26.0409
26.0403
26.0408
26.0418
26.0422
26.0422
26.0428
26.0435
26.0437
26.0434
26.0445
26.0456
26.045
26.0455
26.0476
26.0474
26.0466
26.0488
26.0484
26.0484
26.0515
26.0489
26.0508
26.052
26.0461
26.055
26.0554
26.043
26.0578
26.0611
26.0408
26.0598
26.0668
26.0393
26.0592
26.0746
26.0435
26.0542
26.0777
26.0565
26.0542
26.071
26.0603
26.0642
26.0718
26.0517
26.065
26.0818
26.0587
26.062
26.0795
26.0651
26.0703
26.0833
26.0628
26.0683
26.0861
26.0704
26.0749
26.0903
26.0716
26.0739
26.089
26.0706
26.0731
26.0892
26.0717
26.0742
26.0907
26.0737
26.0759
26.0928
26.076
26.0778
26.0951
26.0785
26.0798
26.0972
26.0809
26.0818
26.0992
26.0831
26.0837
26.1013
26.0852
26.0854
26.1031
26.0871
26.0869
26.1051
26.0889
26.088
26.1072
26.0902
26.0895
26.1071
26.0912
26.0908
26.1085
26.0941
26.0893
26.1143
26.0952
26.0911
26.1093
26.0951
26.093
26.0968
26.1077
26.095
26.1011
26.0988
26.1028
26.1043
26.0989
26.096
26.0998
26.1117
26.0988
26.0934
26.0938
26.1112
26.101
26.1043
26.0952
26.1071
26.0988
26.1092
26.0987
26.1091
26.1007
26.1139
26.2059
26.0984
24.95
23.8233
24.2971
24.9477
25.6413
1.63164
2.92193
4.20355
6.24531
9.19154
12.8463
17.6743
23.2009
28.3709
32.3892
35.089
36.7036
37.6043
38.0094
38.1203
38.0621
37.8892
37.6192
37.2533
36.8008
36.2452
35.5797
34.8344
34.0809
33.3528
32.6404
31.954
31.3101
30.7197
30.1877
29.7145
29.2978
28.9335
28.6167
28.3425
28.106
27.9024
27.7277
27.5778
27.4497
27.3399
27.2463
27.1659
27.0975
27.0386
26.9885
26.9459
26.9089
26.8776
26.8508
26.8278
26.8092
26.792
26.7796
26.7654
26.7586
26.7408
26.7181
26.6507
27.2929
28.5521
28.7811
28.5885
28.0444
27.4325
26.7304
26.1133
25.5141
25.0304
24.5727
24.2255
23.956
23.7038
23.4604
23.3101
23.2516
23.1377
22.9325
22.9104
22.909
22.8796
22.943
22.9079
22.803
22.7337
22.6536
22.6024
22.7187
22.696
22.5239
22.6892
22.9445
22.71
22.5414
22.8891
23.0044
22.6223
22.5247
22.9408
23.0124
22.699
22.5794
22.8235
23.0114
22.9002
22.7088
22.7175
22.8486
22.8952
22.8314
22.7478
22.7268
22.7398
22.7788
22.8293
22.8655
22.8738
22.8621
22.8457
22.8357
22.8257
22.8125
22.7995
22.7928
22.7899
22.7879
22.7858
22.7838
22.7822
22.7809
22.7803
22.78
22.7801
22.7806
22.781
22.7817
22.7826
22.7832
22.7838
22.7844
22.785
22.7856
22.7861
22.7867
22.787
22.7872
22.7877
22.7879
22.7885
22.7889
22.7888
22.7895
22.7902
22.7898
22.7895
22.7899
22.7907
22.791
22.7904
22.7905
22.7916
22.792
22.7916
22.792
22.7929
22.7932
22.7933
22.7937
22.7944
22.7946
22.7944
22.7954
22.7962
22.7959
22.7963
22.798
22.7979
22.7973
22.7992
22.7988
22.7989
22.8014
22.7993
22.801
22.8018
22.7973
22.8046
22.8047
22.7952
22.8071
22.8094
22.7937
22.809
22.8141
22.7925
22.8087
22.8205
22.796
22.805
22.8234
22.8067
22.8053
22.8186
22.8102
22.8136
22.8193
22.8032
22.8145
22.8276
22.8093
22.8124
22.8261
22.8147
22.8193
22.8293
22.813
22.818
22.8319
22.8196
22.8237
22.8357
22.8209
22.8232
22.8349
22.8202
22.8226
22.835
22.8211
22.8234
22.8362
22.8227
22.8249
22.838
22.8247
22.8266
22.84
22.8269
22.8284
22.842
22.829
22.8302
22.8438
22.831
22.8319
22.8457
22.8328
22.8334
22.8474
22.8345
22.8349
22.8493
22.8362
22.836
22.8512
22.8374
22.8372
22.8511
22.8383
22.8385
22.8524
22.8411
22.8378
22.8578
22.842
22.839
22.8532
22.842
22.8404
22.8437
22.8518
22.8418
22.847
22.8454
22.8487
22.8498
22.8454
22.843
22.8462
22.8554
22.8452
22.8411
22.8419
22.8552
22.847
22.8492
22.8429
22.852
22.8459
22.8532
22.8455
22.8535
22.8471
22.8578
22.9307
22.8521
21.9517
21.1092
21.4002
21.8523
22.369
1.17464
2.13684
2.95435
4.12215
5.96012
8.55751
11.6379
15.669
20.2912
24.8169
28.5311
31.2172
32.9468
33.987
34.5479
34.7656
34.7568
34.5615
34.2193
33.7591
33.1752
32.5206
31.8131
31.0988
30.3853
29.6825
29.0045
28.3683
27.7864
27.2641
26.8012
26.3945
26.0394
25.7308
25.4635
25.2327
25.0339
24.863
24.7163
24.5906
24.4829
24.3908
24.3118
24.2443
24.1864
24.1369
24.095
24.0585
24.0278
24.0012
23.9787
23.9602
23.9435
23.9309
23.9177
23.91
23.8951
23.876
23.8295
24.2626
25.2567
25.441
25.3084
24.9127
24.4448
23.8853
23.37
22.8524
22.4195
21.9991
21.6678
21.4007
21.1485
20.9127
20.7542
20.6704
20.5454
20.36
20.318
20.2964
20.2594
20.2935
20.2533
20.1618
20.0976
20.0258
19.9799
20.0634
20.036
19.9021
20.0303
20.2261
20.043
19.9165
20.1888
20.2728
19.9838
19.9125
20.2357
20.2865
20.0467
19.9577
20.1498
20.2931
20.2011
20.0556
20.065
20.1662
20.1991
20.1477
20.084
20.067
20.076
20.1046
20.1436
20.1733
20.1823
20.1749
20.1636
20.1564
20.1481
20.1371
20.1261
20.1198
20.1164
20.1139
20.1115
20.1093
20.1075
20.1061
20.1052
20.1047
20.1046
20.1048
20.1051
20.1056
20.1062
20.1068
20.1073
20.1078
20.1083
20.1088
20.1093
20.1098
20.1101
20.1104
20.1108
20.1111
20.1117
20.112
20.112
20.1126
20.1132
20.1129
20.1127
20.1131
20.1137
20.114
20.1136
20.1137
20.1146
20.1149
20.1146
20.1151
20.1157
20.116
20.1162
20.1166
20.1172
20.1174
20.1173
20.1181
20.1188
20.1186
20.1191
20.1205
20.1204
20.1201
20.1215
20.1213
20.1215
20.1234
20.1219
20.1233
20.1239
20.1206
20.1264
20.1264
20.1195
20.1286
20.1303
20.1186
20.1305
20.1342
20.1179
20.1307
20.1395
20.1208
20.1281
20.1423
20.1294
20.1287
20.1391
20.1327
20.1355
20.1397
20.1274
20.1366
20.1466
20.1324
20.1353
20.1458
20.1371
20.1409
20.1486
20.1359
20.1403
20.151
20.1415
20.1451
20.1543
20.1429
20.145
20.1539
20.1425
20.1447
20.1541
20.1433
20.1454
20.1551
20.1447
20.1467
20.1567
20.1464
20.1482
20.1585
20.1483
20.1498
20.1603
20.1502
20.1515
20.1621
20.152
20.1531
20.1638
20.1537
20.1546
20.1654
20.1553
20.156
20.1671
20.1569
20.1571
20.1688
20.1581
20.1583
20.1689
20.159
20.1594
20.1701
20.1615
20.1594
20.1748
20.1625
20.1604
20.1711
20.1624
20.1612
20.1641
20.1699
20.1621
20.1664
20.1654
20.1681
20.1688
20.1653
20.1634
20.1661
20.173
20.1652
20.1621
20.1631
20.173
20.1666
20.168
20.1638
20.1707
20.1663
20.1713
20.1656
20.1715
20.1669
20.1752
20.2307
20.1758
19.5107
18.9172
19.0978
19.423
19.8103
0.901262
1.61285
2.23907
3.0236
4.10444
5.79367
8.03698
10.6627
13.991
17.8873
21.7943
25.2165
27.825
29.6366
30.7795
31.4329
31.7305
31.7331
31.5044
31.0987
30.5444
29.9124
29.2283
28.5232
27.8205
27.1315
26.4727
25.8615
25.309
24.8171
24.3828
24.0017
23.6687
23.3789
23.1274
22.9097
22.7218
22.5599
22.4206
22.301
22.1983
22.1103
22.0346
21.9699
21.9143
21.8669
21.8267
21.7918
21.7623
21.7368
21.7151
21.6973
21.6814
21.6692
21.657
21.6491
21.6366
21.621
21.5894
21.8625
22.5858
22.7057
22.5936
22.2945
21.932
21.4904
21.0656
20.628
20.2477
19.8715
19.5626
19.3043
19.0591
18.8336
18.6712
18.5678
18.4365
18.2687
18.2101
18.1714
18.1261
18.1344
18.089
18.0076
17.9478
17.8843
17.8436
17.8993
17.8701
17.7692
17.8643
18.0079
17.87
17.7785
17.9845
18.0427
17.834
17.7839
18.0268
18.0618
17.8853
17.8212
17.9671
18.0734
17.999
17.8918
17.9007
17.977
17.9986
17.9578
17.9106
17.898
17.9049
17.9256
17.9547
17.9777
17.9859
17.9813
17.9737
17.9686
17.962
17.953
17.9441
17.9384
17.9349
17.9321
17.9294
17.9271
17.9252
17.9237
17.9227
17.9221
17.9218
17.9218
17.9219
17.9223
17.9227
17.9232
17.9236
17.9241
17.9245
17.925
17.9254
17.9259
17.9262
17.9265
17.9269
17.9272
17.9276
17.928
17.9281
17.9286
17.929
17.9289
17.9288
17.9292
17.9297
17.9299
17.9297
17.9299
17.9306
17.9309
17.9307
17.9311
17.9317
17.932
17.9322
17.9325
17.933
17.9333
17.9333
17.934
17.9346
17.9345
17.935
17.9361
17.9361
17.936
17.9372
17.9371
17.9373
17.9388
17.9378
17.9389
17.9394
17.9372
17.9415
17.9415
17.9368
17.9436
17.9449
17.9368
17.9456
17.9482
17.9365
17.9463
17.9527
17.9391
17.9448
17.9553
17.9458
17.9456
17.9535
17.9489
17.9512
17.9542
17.9453
17.9525
17.9598
17.9494
17.9518
17.9596
17.9533
17.9565
17.9621
17.9528
17.9564
17.9644
17.9575
17.9604
17.9672
17.9588
17.9607
17.9672
17.9587
17.9605
17.9675
17.9594
17.9612
17.9684
17.9607
17.9624
17.9698
17.9622
17.9638
17.9715
17.9639
17.9654
17.9732
17.9657
17.967
17.9749
17.9674
17.9685
17.9765
17.969
17.9699
17.978
17.9705
17.9713
17.9796
17.9721
17.9725
17.9812
17.9732
17.9737
17.9816
17.9741
17.9747
17.9827
17.9764
17.9751
17.9863
17.9774
17.9761
17.984
17.9774
17.9765
17.9787
17.9828
17.9769
17.9803
17.9797
17.9818
17.9823
17.9796
17.9782
17.9805
17.9854
17.9796
17.9775
17.9785
17.9856
17.9808
17.9816
17.9789
17.9839
17.9808
17.9842
17.98
17.9842
17.9809
17.9872
18.0276
17.9938
17.5437
17.1672
17.2771
17.5331
17.8309
0.751542
1.25967
1.80732
2.40324
3.14452
4.17135
5.68283
7.65577
9.8816
12.6853
15.9194
19.295
22.363
24.8522
26.6633
27.8722
28.5789
28.8971
28.905
28.6678
28.2343
27.6638
27.0161
26.3312
25.637
24.9584
24.3311
23.7673
23.2658
22.8215
22.4291
22.084
21.7813
21.5168
21.2863
21.0859
20.9123
20.7621
20.6325
20.5209
20.4248
20.3422
20.271
20.2101
20.1576
20.1129
20.0748
20.042
20.0141
19.99
19.9696
19.9526
19.9378
19.9262
19.9151
19.9074
19.8969
19.8844
19.8622
20.0319
20.4907
20.5291
20.4134
20.1721
19.8822
19.5319
19.1825
18.8167
18.4857
18.1545
17.8705
17.6244
17.3903
17.1765
17.0132
16.8952
16.761
16.609
16.5372
16.4844
16.4312
16.4172
16.3669
16.2938
16.2374
16.1818
16.1458
16.1785
16.1493
16.0768
16.1435
16.2423
16.1433
16.0804
16.2287
16.2659
16.1254
16.0922
16.2662
16.2902
16.1674
16.1235
16.229
16.3051
16.2467
16.1712
16.1792
16.2346
16.2468
16.2151
16.1818
16.1735
16.1792
16.194
16.2149
16.2317
16.2382
16.2352
16.2301
16.2265
16.2214
16.2142
16.2071
16.2021
16.1987
16.1958
16.193
16.1907
16.1888
16.1872
16.1861
16.1854
16.185
16.1848
16.1848
16.185
16.1854
16.1857
16.1861
16.1865
16.1869
16.1873
16.1877
16.1881
16.1884
16.1887
16.1891
16.1894
16.1898
16.1901
16.1903
16.1908
16.1911
16.1911
16.1911
16.1915
16.1919
16.1921
16.1921
16.1922
16.1928
16.1931
16.1931
16.1934
16.1939
16.1942
16.1945
16.1948
16.1952
16.1955
16.1957
16.1962
16.1967
16.1968
16.1972
16.1981
16.1983
16.1983
16.1992
16.1993
16.1996
16.2007
16.2001
16.201
16.2014
16.2002
16.2032
16.2033
16.2005
16.2053
16.2063
16.2013
16.2076
16.2094
16.2017
16.2087
16.2132
16.204
16.2083
16.2157
16.2092
16.2093
16.2151
16.212
16.2138
16.2159
16.21
16.2153
16.2204
16.2133
16.2152
16.2208
16.2166
16.2191
16.223
16.2167
16.2195
16.2252
16.2205
16.2228
16.2276
16.2218
16.2233
16.2279
16.222
16.2234
16.2283
16.2227
16.2241
16.2292
16.2238
16.2253
16.2305
16.2253
16.2266
16.2321
16.2269
16.2281
16.2337
16.2286
16.2297
16.2353
16.2302
16.2312
16.2369
16.2317
16.2326
16.2384
16.2333
16.234
16.2399
16.2348
16.2353
16.2414
16.236
16.2364
16.2421
16.2369
16.2375
16.243
16.2388
16.2381
16.2457
16.24
16.2392
16.2447
16.2401
16.2393
16.2408
16.2434
16.2393
16.2417
16.2414
16.243
16.2433
16.2414
16.2405
16.2422
16.2457
16.2416
16.2402
16.241
16.246
16.2425
16.243
16.2413
16.2447
16.2426
16.2447
16.2418
16.2446
16.2423
16.247
16.2748
16.2605
15.9974
15.8066
15.8859
16.1011
16.3379
0.669982
1.03405
1.53445
2.03842
2.61571
3.33705
4.29664
5.67186
7.39938
9.39942
11.7298
14.4537
17.3102
20.0043
22.2708
24.0061
25.1938
25.9199
26.2712
26.3076
26.0879
25.6469
25.0581
24.4044
23.7538
23.1497
22.6009
22.1108
21.6742
21.2852
20.9395
20.6331
20.3625
20.1243
19.9155
19.7329
19.5738
19.4356
19.3158
19.2123
19.1228
19.0457
18.9789
18.9217
18.8724
18.8304
18.7944
18.7637
18.7374
18.7148
18.6956
18.6796
18.6657
18.6551
18.6448
18.6376
18.6284
18.6187
18.6016
18.6938
18.9369
18.8834
18.7559
18.5447
18.3011
18.0164
17.7249
17.4177
17.1283
16.8375
16.5767
16.3435
16.1217
15.9196
15.7568
15.6283
15.4934
15.3549
15.2733
15.2097
15.1495
15.1173
15.0628
14.9962
14.9427
14.8941
14.8622
14.8763
14.8483
14.799
14.8428
14.9051
14.8377
14.7966
14.8967
14.9183
14.8324
14.8127
14.9306
14.9471
14.8677
14.8403
14.9125
14.9645
14.9201
14.8702
14.877
14.9155
14.9201
14.8962
14.8742
14.8696
14.8747
14.8851
14.8997
14.9112
14.9157
14.9136
14.91
14.9072
14.9032
14.8976
14.892
14.8877
14.8843
14.8814
14.8787
14.8763
14.8744
14.8729
14.8717
14.8709
14.8704
14.8702
14.8701
14.8702
14.8704
14.8707
14.871
14.8713
14.8717
14.8721
14.8724
14.8728
14.8731
14.8734
14.8738
14.8741
14.8744
14.8747
14.875
14.8754
14.8758
14.8759
14.876
14.8763
14.8766
14.8769
14.8769
14.8771
14.8776
14.8779
14.878
14.8783
14.8787
14.879
14.8793
14.8797
14.88
14.8803
14.8806
14.8811
14.8815
14.8817
14.8821
14.8828
14.883
14.8832
14.8839
14.8841
14.8845
14.8853
14.8851
14.8858
14.8862
14.8857
14.8878
14.8881
14.8867
14.8898
14.891
14.8884
14.8925
14.8939
14.8896
14.8942
14.8973
14.8917
14.8946
14.8998
14.8958
14.8959
14.9
14.8984
14.8995
14.901
14.8977
14.9011
14.9046
14.9004
14.9017
14.9056
14.9032
14.9048
14.9076
14.9039
14.9057
14.9097
14.907
14.9085
14.9117
14.9082
14.9091
14.9122
14.9086
14.9095
14.9127
14.9094
14.9102
14.9137
14.9104
14.9113
14.9149
14.9118
14.9127
14.9164
14.9133
14.9142
14.918
14.915
14.9157
14.9196
14.9166
14.9172
14.9212
14.9181
14.9187
14.9227
14.9196
14.9201
14.9241
14.9211
14.9214
14.9256
14.9224
14.9227
14.9265
14.9234
14.9237
14.9273
14.9248
14.9245
14.9292
14.9262
14.9257
14.9295
14.9263
14.9255
14.9264
14.9278
14.9251
14.9265
14.9266
14.9277
14.928
14.9266
14.9261
14.9274
14.9299
14.9271
14.9263
14.9269
14.9303
14.9279
14.9281
14.927
14.9292
14.9278
14.9289
14.927
14.9286
14.9271
14.9308
14.9489
14.9517
14.8407
14.802
14.8887
15.072
15.2671
0.623432
0.900784
1.36326
1.83057
2.32783
2.9075
3.62011
4.54899
5.82831
7.35741
9.20521
11.309
13.6156
16.0125
18.301
20.3004
21.8711
22.9993
23.7321
24.075
24.0581
23.7879
23.3617
22.8461
22.3179
21.8251
21.3688
20.9524
20.5753
20.2352
19.9295
19.6557
19.4118
19.1954
19.0042
18.8361
18.6888
18.5602
18.4484
18.3514
18.2671
18.1942
18.131
18.0767
18.0298
17.9899
17.9556
17.9266
17.9015
17.8802
17.8619
17.8467
17.8335
17.8241
17.8141
17.8076
17.7991
17.7915
17.7765
17.8106
17.8988
17.7832
17.6269
17.4258
17.2081
16.9653
16.7134
16.4479
16.189
15.9289
15.6858
15.4636
15.2525
15.0601
14.898
14.7625
14.6281
14.4999
14.4115
14.3406
14.275
14.2294
14.1719
14.11
14.0583
14.0156
13.9868
13.9872
13.961
13.9289
13.956
13.9912
13.947
13.9185
13.982
13.9958
13.9485
13.9379
14.0203
14.0282
13.98
13.9644
14.0138
14.0467
14.0138
13.9829
13.9891
14.0151
14.0143
13.9963
13.9828
13.9807
13.9855
13.9929
14.0034
14.0109
14.0138
14.0115
14.0085
14.0061
14.0028
13.9984
13.9939
13.9901
13.987
13.9841
13.9813
13.979
13.9771
13.9755
13.9744
13.9736
13.973
13.9727
13.9726
13.9726
13.9728
13.973
13.9733
13.9736
13.9739
13.9742
13.9746
13.9749
13.9753
13.9756
13.9759
13.9762
13.9766
13.9769
13.9772
13.9776
13.9779
13.9781
13.9782
13.9786
13.9789
13.9791
13.9792
13.9795
13.9799
13.9802
13.9804
13.9807
13.981
13.9813
13.9817
13.982
13.9824
13.9826
13.983
13.9834
13.9838
13.9841
13.9845
13.9851
13.9854
13.9857
13.9863
13.9866
13.987
13.9876
13.9877
13.9883
13.9887
13.9887
13.99
13.9907
13.9903
13.9922
13.9939
13.9932
13.9954
13.9968
13.9951
13.9976
13.9999
13.9972
13.9987
14.0024
14.0004
14.0001
14.0033
14.0028
14.0029
14.0044
14.0032
14.0048
14.0075
14.0054
14.0058
14.0088
14.008
14.0085
14.0106
14.009
14.0097
14.0127
14.0116
14.012
14.0145
14.0128
14.0128
14.0151
14.0134
14.0133
14.0158
14.0142
14.0142
14.0167
14.0153
14.0153
14.018
14.0166
14.0167
14.0195
14.0181
14.0181
14.021
14.0197
14.0197
14.0226
14.0213
14.0213
14.0242
14.0229
14.0228
14.0257
14.0244
14.0242
14.0271
14.0259
14.0256
14.0286
14.0272
14.0269
14.0297
14.0283
14.028
14.0301
14.0293
14.0288
14.0314
14.0307
14.03
14.0329
14.0306
14.0295
14.0298
14.0305
14.0289
14.0295
14.0298
14.0305
14.031
14.0299
14.0298
14.0307
14.0326
14.0306
14.0303
14.0307
14.0331
14.0314
14.0312
14.0306
14.0319
14.0309
14.0313
14.0301
14.0308
14.0299
14.0335
14.0451
14.0606
14.06
14.1344
14.2457
14.4068
14.5743
0.597889
0.838519
1.27881
1.73529
2.19947
2.72166
3.33874
4.10357
5.08956
6.31971
7.8283
9.51781
11.423
13.5068
15.643
17.6773
19.4276
20.8348
21.8767
22.4969
22.6992
22.6143
22.3548
21.9772
21.5508
21.1286
20.7275
20.3548
20.0128
19.701
19.4182
19.1632
18.9344
18.7302
18.5489
18.3889
18.2482
18.125
18.0175
17.9242
17.8425
17.7718
17.7103
17.6576
17.612
17.5731
17.5397
17.5116
17.4871
17.4666
17.4487
17.4342
17.4211
17.4132
17.4026
17.3974
17.3884
17.3827
17.3676
17.368
17.3704
17.2211
17.0434
16.8426
16.6366
16.4143
16.1826
15.9394
15.6968
15.4536
15.2192
15.0044
14.7997
14.6131
14.4504
14.3119
14.178
14.0558
13.9632
13.8895
13.8197
13.7673
13.7081
13.649
13.5975
13.5591
13.5316
13.5238
13.5001
13.4776
13.4948
13.5153
13.484
13.4701
13.5134
13.5158
13.4861
13.4905
13.5511
13.5498
13.5168
13.5131
13.551
13.5685
13.5422
13.5222
13.5275
13.5473
13.5438
13.5288
13.5203
13.5188
13.5233
13.5296
13.5382
13.5438
13.5457
13.5421
13.539
13.5367
13.5339
13.53
13.5261
13.5227
13.5196
13.5167
13.514
13.5117
13.5098
13.5083
13.5071
13.5063
13.5057
13.5054
13.5052
13.5052
13.5054
13.5055
13.5058
13.5061
13.5064
13.5067
13.5071
13.5074
13.5078
13.5081
13.5084
13.5087
13.509
13.5093
13.5097
13.5101
13.5104
13.5106
13.5108
13.5111
13.5114
13.5116
13.5118
13.5121
13.5125
13.5127
13.513
13.5133
13.5136
13.5139
13.5143
13.5146
13.515
13.5153
13.5156
13.5161
13.5165
13.5168
13.5172
13.5177
13.5181
13.5184
13.5189
13.5193
13.5197
13.5202
13.5206
13.521
13.5216
13.5218
13.5227
13.524
13.5239
13.525
13.5282
13.5286
13.5286
13.5312
13.5311
13.5312
13.5342
13.5333
13.5327
13.5366
13.5361
13.5342
13.5379
13.5381
13.5366
13.539
13.5392
13.5387
13.5418
13.5413
13.5399
13.5435
13.5438
13.5423
13.5452
13.5449
13.5438
13.5473
13.5473
13.5459
13.5489
13.5485
13.5467
13.5496
13.5491
13.5473
13.5503
13.5499
13.5482
13.5513
13.551
13.5494
13.5526
13.5524
13.5507
13.554
13.5539
13.5522
13.5556
13.5555
13.5538
13.5572
13.5571
13.5554
13.5588
13.5587
13.557
13.5603
13.5602
13.5584
13.5615
13.5616
13.5599
13.563
13.5631
13.5612
13.5645
13.5643
13.5623
13.564
13.5649
13.5632
13.565
13.5662
13.5644
13.5678
13.5653
13.5636
13.5634
13.5639
13.5628
13.5629
13.5636
13.5638
13.5648
13.5635
13.5639
13.5642
13.5666
13.5644
13.5646
13.5646
13.5671
13.5651
13.5647
13.5643
13.5651
13.5643
13.5643
13.5635
13.5637
13.5631
13.5679
13.5762
13.598
13.6579
13.7973
13.9301
14.0803
14.2362
)
;

boundaryField
{
    inlet
    {
        type            fixedValue;
        value           uniform 0.48;
    }
    outlet
    {
        type            zeroGradient;
    }
    sideWall
    {
        type            empty;
    }
    bed
    {
        type            omegaWallFunction;
        refValue        nonuniform List<scalar> 
300
(
953.373
765.351
661.611
662.663
652.658
652.64
647.744
647.512
645.757
646.422
646.581
647.723
648.874
650.696
652.405
654.56
656.751
659.2
661.627
664.281
667.072
669.941
672.885
675.862
678.864
681.898
684.725
687.191
689.271
691.01
692.462
693.663
694.667
695.493
696.188
696.754
697.24
697.629
697.975
698.242
698.496
698.676
698.872
698.992
699.148
699.22
699.342
699.363
699.511
699.448
699.697
699.414
699.956
699.164
700.511
698.392
701.895
696.617
707.306
686.307
592.67
587.252
596.542
598.687
605.143
606.096
608.104
609.397
609.418
609.837
611.354
608.589
607.679
611.175
612.502
607.78
601.439
612.634
614.489
604.55
610.843
603.766
599.076
606.339
606.761
605.614
614.932
608.076
597.251
615.882
622.419
591.971
597.511
631.283
614.204
578.878
610.631
639.017
604.697
583.986
612.812
628.289
611.067
595.839
599.593
615.45
617.632
605.48
601.734
606.588
611.177
611.855
611.278
610.353
608.765
607.701
607.302
607.541
608.026
607.936
607.646
607.858
608.205
608.229
608.097
608.051
608.068
608.096
608.125
608.158
608.172
608.186
608.204
608.203
608.21
608.222
608.199
608.199
608.21
608.212
608.214
608.207
608.217
608.22
608.223
608.242
608.233
608.235
608.236
608.212
608.262
608.272
608.212
608.257
608.307
608.3
608.273
608.25
608.301
608.355
608.3
608.256
608.339
608.363
608.306
608.316
608.348
608.351
608.336
608.329
608.4
608.394
608.324
608.385
608.462
608.367
608.303
608.524
608.41
608.315
608.639
608.266
608.432
608.663
608.088
608.791
608.673
607.693
609.115
608.926
607.27
609.272
609.244
606.954
609.29
609.673
606.759
608.944
610.279
606.995
608.307
610.116
607.706
608.477
609.431
607.597
609.068
609.788
607.24
608.728
610.159
607.597
608.67
609.803
607.524
608.85
610.14
607.575
608.68
609.962
607.507
608.649
610.037
607.568
608.673
610.11
607.63
608.681
610.164
607.689
608.695
610.219
607.743
608.706
610.282
607.803
608.711
610.339
607.87
608.721
610.388
607.938
608.739
610.44
607.997
608.76
610.491
608.062
608.781
610.53
608.152
608.758
610.636
608.169
608.788
610.694
608.156
608.967
610.514
608.502
608.714
610.772
608.527
608.588
611.01
608.213
609.294
609.816
609.699
608.691
609.613
609.697
609.231
609.804
608.899
609.682
609.505
610.216
608.594
609.47
609.741
610.402
608.645
609.536
609.441
610.079
609.088
609.654
609.035
609.739
609.157
609.583
609.04
610.022
601.263
655.914
753.058
726.649
691.431
699.013
)
;
        value           nonuniform List<scalar> 
300
(
953.373
765.351
661.611
662.663
652.658
652.64
647.744
647.512
645.757
646.422
646.581
647.723
648.874
650.696
652.405
654.56
656.751
659.2
661.627
664.281
667.072
669.941
672.885
675.862
678.864
681.898
684.725
687.191
689.271
691.01
692.462
693.663
694.667
695.493
696.188
696.754
697.24
697.629
697.975
698.242
698.496
698.676
698.872
698.992
699.148
699.22
699.342
699.363
699.511
699.448
699.697
699.414
699.956
699.164
700.511
698.392
701.895
696.617
707.306
686.307
592.67
587.252
596.542
598.687
605.143
606.096
608.104
609.397
609.418
609.837
611.354
608.589
607.679
611.175
612.502
607.78
601.439
612.634
614.489
604.55
610.843
603.766
599.076
606.339
606.761
605.614
614.932
608.076
597.251
615.882
622.419
591.971
597.511
631.283
614.204
578.878
610.631
639.017
604.697
583.986
612.812
628.289
611.067
595.839
599.593
615.45
617.632
605.48
601.734
606.588
611.177
611.855
611.278
610.353
608.765
607.701
607.302
607.541
608.026
607.936
607.646
607.858
608.205
608.229
608.097
608.051
608.068
608.096
608.125
608.158
608.172
608.186
608.204
608.203
608.21
608.222
608.199
608.199
608.21
608.212
608.214
608.207
608.217
608.22
608.223
608.242
608.233
608.235
608.236
608.212
608.262
608.272
608.212
608.257
608.307
608.3
608.273
608.25
608.301
608.355
608.3
608.256
608.339
608.363
608.306
608.316
608.348
608.351
608.336
608.329
608.4
608.394
608.324
608.385
608.462
608.367
608.303
608.524
608.41
608.315
608.639
608.266
608.432
608.663
608.088
608.791
608.673
607.693
609.115
608.926
607.27
609.272
609.244
606.954
609.29
609.673
606.759
608.944
610.279
606.995
608.307
610.116
607.706
608.477
609.431
607.597
609.068
609.788
607.24
608.728
610.159
607.597
608.67
609.803
607.524
608.85
610.14
607.575
608.68
609.962
607.507
608.649
610.037
607.568
608.673
610.11
607.63
608.681
610.164
607.689
608.695
610.219
607.743
608.706
610.282
607.803
608.711
610.339
607.87
608.721
610.388
607.938
608.739
610.44
607.997
608.76
610.491
608.062
608.781
610.53
608.152
608.758
610.636
608.169
608.788
610.694
608.156
608.967
610.514
608.502
608.714
610.772
608.527
608.588
611.01
608.213
609.294
609.816
609.699
608.691
609.613
609.697
609.231
609.804
608.899
609.682
609.505
610.216
608.594
609.47
609.741
610.402
608.645
609.536
609.441
610.079
609.088
609.654
609.035
609.739
609.157
609.583
609.04
610.022
601.263
655.914
753.058
726.649
691.431
699.013
)
;
        Cmu             0.09;
        kappa           0.41;
        E               9.8;
        beta1           0.075;
    }
    topWall
    {
        type            slip;
        value           nonuniform List<scalar> 
300
(
0.597889
0.838519
1.27881
1.73529
2.19947
2.72166
3.33874
4.10357
5.08956
6.31971
7.8283
9.51781
11.423
13.5068
15.643
17.6773
19.4276
20.8348
21.8767
22.4969
22.6992
22.6143
22.3548
21.9772
21.5508
21.1286
20.7275
20.3548
20.0128
19.701
19.4182
19.1632
18.9344
18.7302
18.5489
18.3889
18.2482
18.125
18.0175
17.9242
17.8425
17.7718
17.7103
17.6576
17.612
17.5731
17.5397
17.5116
17.4871
17.4666
17.4487
17.4342
17.4211
17.4132
17.4026
17.3974
17.3884
17.3827
17.3676
17.368
17.3704
17.2211
17.0434
16.8426
16.6366
16.4143
16.1826
15.9394
15.6968
15.4536
15.2192
15.0044
14.7997
14.6131
14.4504
14.3119
14.178
14.0558
13.9632
13.8895
13.8197
13.7673
13.7081
13.649
13.5975
13.5591
13.5316
13.5238
13.5001
13.4776
13.4948
13.5153
13.484
13.4701
13.5134
13.5158
13.4861
13.4905
13.5511
13.5498
13.5168
13.5131
13.551
13.5685
13.5422
13.5222
13.5275
13.5473
13.5438
13.5288
13.5203
13.5188
13.5233
13.5296
13.5382
13.5438
13.5457
13.5421
13.539
13.5367
13.5339
13.53
13.5261
13.5227
13.5196
13.5167
13.514
13.5117
13.5098
13.5083
13.5071
13.5063
13.5057
13.5054
13.5052
13.5052
13.5054
13.5055
13.5058
13.5061
13.5064
13.5067
13.5071
13.5074
13.5078
13.5081
13.5084
13.5087
13.509
13.5093
13.5097
13.5101
13.5104
13.5106
13.5108
13.5111
13.5114
13.5116
13.5118
13.5121
13.5125
13.5127
13.513
13.5133
13.5136
13.5139
13.5143
13.5146
13.515
13.5153
13.5156
13.5161
13.5165
13.5168
13.5172
13.5177
13.5181
13.5184
13.5189
13.5193
13.5197
13.5202
13.5206
13.521
13.5216
13.5218
13.5227
13.524
13.5239
13.525
13.5282
13.5286
13.5286
13.5312
13.5311
13.5312
13.5342
13.5333
13.5327
13.5366
13.5361
13.5342
13.5379
13.5381
13.5366
13.539
13.5392
13.5387
13.5418
13.5413
13.5399
13.5435
13.5438
13.5423
13.5452
13.5449
13.5438
13.5473
13.5473
13.5459
13.5489
13.5485
13.5467
13.5496
13.5491
13.5473
13.5503
13.5499
13.5482
13.5513
13.551
13.5494
13.5526
13.5524
13.5507
13.554
13.5539
13.5522
13.5556
13.5555
13.5538
13.5572
13.5571
13.5554
13.5588
13.5587
13.557
13.5603
13.5602
13.5584
13.5615
13.5616
13.5599
13.563
13.5631
13.5612
13.5645
13.5643
13.5623
13.564
13.5649
13.5632
13.565
13.5662
13.5644
13.5678
13.5653
13.5636
13.5634
13.5639
13.5628
13.5629
13.5636
13.5638
13.5648
13.5635
13.5639
13.5642
13.5666
13.5644
13.5646
13.5646
13.5671
13.5651
13.5647
13.5643
13.5651
13.5643
13.5643
13.5635
13.5637
13.5631
13.5679
13.5762
13.598
13.6579
13.7973
13.9301
14.0803
14.2362
)
;
    }
}


// ************************************************************************* //
