/*--------------------------------*- C++ -*----------------------------------*\
| =========                 |                                                 |
| \\      /  F ield         | foam-extend: Open Source CFD                    |
|  \\    /   O peration     | Version:     3.2                                |
|   \\  /    A nd           | Web:         http://www.foam-extend.org         |
|    \\/     M anipulation  | For copyright notice see file Copyright         |
\*---------------------------------------------------------------------------*/
FoamFile
{
    version     2.0;
    format      ascii;
    class       volScalarField;
    location    "60";
    object      pd;
}
// * * * * * * * * * * * * * * * * * * * * * * * * * * * * * * * * * * * * * //

dimensions      [1 -1 -2 0 0 0 0];

internalField   nonuniform List<scalar> 
5400
(
1540.82
1503.63
1511.64
1496.76
1496.19
1487.78
1484.52
1478.09
1474.25
1468.71
1464.63
1459.6
1455.4
1450.7
1446.4
1441.9
1437.56
1433.13
1428.8
1424.4
1420.02
1415.58
1411.14
1406.63
1402.1
1397.49
1392.81
1388.06
1383.27
1378.42
1373.53
1368.61
1363.66
1358.69
1353.69
1348.68
1343.66
1338.62
1333.57
1328.52
1323.46
1318.39
1313.31
1308.24
1303.16
1298.07
1292.99
1287.9
1282.81
1277.72
1272.63
1267.54
1262.44
1257.35
1252.25
1247.15
1242.06
1236.96
1231.86
1226.76
1221.66
1216.56
1211.46
1206.36
1201.26
1196.16
1191.06
1185.96
1180.86
1175.76
1170.66
1165.56
1160.46
1155.36
1150.26
1145.16
1140.06
1134.96
1129.86
1124.76
1119.66
1114.55
1109.45
1104.35
1099.25
1094.15
1089.05
1083.95
1078.85
1073.75
1068.65
1063.55
1058.44
1053.34
1048.24
1043.14
1038.04
1032.94
1027.84
1022.74
1017.64
1012.54
1007.44
1002.33
997.234
992.133
987.032
981.931
976.83
971.729
966.628
961.527
956.426
951.325
946.224
941.123
936.022
930.921
925.82
920.72
915.619
910.518
905.417
900.316
895.215
890.114
885.013
879.912
874.811
869.71
864.609
859.508
854.407
849.306
844.205
839.104
834.004
828.903
823.802
818.701
813.6
808.499
803.398
798.297
793.196
788.095
782.994
777.893
772.792
767.691
762.59
757.489
752.389
747.288
742.187
737.086
731.985
726.884
721.783
716.682
711.581
706.48
701.379
696.278
691.177
686.076
680.975
675.874
670.773
665.673
660.572
655.471
650.37
645.269
640.168
635.067
629.966
624.865
619.764
614.663
609.562
604.461
599.36
594.259
589.158
584.058
578.957
573.856
568.755
563.654
558.553
553.452
548.351
543.25
538.149
533.048
527.947
522.846
517.745
512.644
507.543
502.443
497.342
492.241
487.14
482.039
476.938
471.837
466.736
461.635
456.534
451.433
446.332
441.231
436.13
431.029
425.928
420.827
415.727
410.626
405.525
400.424
395.323
390.222
385.121
380.02
374.919
369.818
364.717
359.616
354.515
349.414
344.313
339.212
334.112
329.011
323.91
318.809
313.708
308.607
303.506
298.405
293.304
288.203
283.102
278.001
272.9
267.799
262.698
257.597
252.496
247.396
242.295
237.194
232.093
226.992
221.891
216.79
211.689
206.588
201.487
196.386
191.285
186.184
181.083
175.982
170.881
165.781
160.68
155.579
150.478
145.377
140.276
135.175
130.074
124.973
119.872
114.771
109.67
104.569
99.4683
94.3674
89.2664
84.1655
79.0646
73.9636
68.8627
63.7617
58.6608
53.5599
48.4589
43.358
38.2571
33.1561
28.0552
22.9542
17.8533
12.7524
7.65142
2.55009
1540.76
1503.7
1511.67
1496.76
1496.2
1487.78
1484.52
1478.09
1474.25
1468.71
1464.63
1459.6
1455.4
1450.69
1446.4
1441.9
1437.56
1433.13
1428.8
1424.4
1420.02
1415.58
1411.14
1406.63
1402.1
1397.49
1392.81
1388.06
1383.27
1378.42
1373.53
1368.61
1363.66
1358.69
1353.69
1348.68
1343.66
1338.62
1333.57
1328.52
1323.46
1318.39
1313.31
1308.24
1303.16
1298.07
1292.99
1287.9
1282.81
1277.72
1272.63
1267.54
1262.44
1257.35
1252.25
1247.15
1242.06
1236.96
1231.86
1226.76
1221.66
1216.56
1211.46
1206.36
1201.26
1196.16
1191.06
1185.96
1180.86
1175.76
1170.66
1165.56
1160.46
1155.36
1150.26
1145.16
1140.06
1134.96
1129.86
1124.76
1119.66
1114.55
1109.45
1104.35
1099.25
1094.15
1089.05
1083.95
1078.85
1073.75
1068.65
1063.55
1058.44
1053.34
1048.24
1043.14
1038.04
1032.94
1027.84
1022.74
1017.64
1012.54
1007.44
1002.33
997.234
992.133
987.032
981.931
976.83
971.729
966.628
961.527
956.426
951.325
946.224
941.123
936.022
930.921
925.82
920.72
915.619
910.518
905.417
900.316
895.215
890.114
885.013
879.912
874.811
869.71
864.609
859.508
854.407
849.306
844.205
839.104
834.004
828.903
823.802
818.701
813.6
808.499
803.398
798.297
793.196
788.095
782.994
777.893
772.792
767.691
762.59
757.489
752.389
747.288
742.187
737.086
731.985
726.884
721.783
716.682
711.581
706.48
701.379
696.278
691.177
686.076
680.975
675.874
670.773
665.673
660.572
655.471
650.37
645.269
640.168
635.067
629.966
624.865
619.764
614.663
609.562
604.461
599.36
594.259
589.158
584.058
578.957
573.856
568.755
563.654
558.553
553.452
548.351
543.25
538.149
533.048
527.947
522.846
517.745
512.644
507.543
502.443
497.342
492.241
487.14
482.039
476.938
471.837
466.736
461.635
456.534
451.433
446.332
441.231
436.13
431.029
425.928
420.827
415.727
410.626
405.525
400.424
395.323
390.222
385.121
380.02
374.919
369.818
364.717
359.616
354.515
349.414
344.313
339.212
334.112
329.011
323.91
318.809
313.708
308.607
303.506
298.405
293.304
288.203
283.102
278.001
272.9
267.799
262.698
257.597
252.496
247.396
242.295
237.194
232.093
226.992
221.891
216.79
211.689
206.588
201.487
196.386
191.285
186.184
181.083
175.982
170.881
165.781
160.68
155.579
150.478
145.377
140.276
135.175
130.074
124.973
119.872
114.771
109.67
104.569
99.4683
94.3674
89.2664
84.1655
79.0646
73.9636
68.8627
63.7617
58.6608
53.5599
48.4589
43.358
38.2571
33.1561
28.0552
22.9542
17.8533
12.7524
7.65142
2.55027
1540.56
1503.8
1511.72
1496.79
1496.21
1487.79
1484.53
1478.09
1474.25
1468.71
1464.63
1459.61
1455.4
1450.7
1446.4
1441.9
1437.56
1433.13
1428.8
1424.4
1420.02
1415.58
1411.14
1406.63
1402.1
1397.49
1392.81
1388.06
1383.26
1378.42
1373.53
1368.61
1363.66
1358.69
1353.69
1348.68
1343.66
1338.62
1333.57
1328.52
1323.46
1318.39
1313.31
1308.24
1303.16
1298.07
1292.99
1287.9
1282.81
1277.72
1272.63
1267.54
1262.44
1257.35
1252.25
1247.15
1242.06
1236.96
1231.86
1226.76
1221.66
1216.56
1211.46
1206.36
1201.26
1196.16
1191.06
1185.96
1180.86
1175.76
1170.66
1165.56
1160.46
1155.36
1150.26
1145.16
1140.06
1134.96
1129.86
1124.76
1119.66
1114.55
1109.45
1104.35
1099.25
1094.15
1089.05
1083.95
1078.85
1073.75
1068.65
1063.55
1058.44
1053.34
1048.24
1043.14
1038.04
1032.94
1027.84
1022.74
1017.64
1012.54
1007.44
1002.33
997.234
992.133
987.032
981.931
976.83
971.729
966.628
961.527
956.426
951.325
946.224
941.123
936.022
930.921
925.82
920.72
915.619
910.518
905.417
900.316
895.215
890.114
885.013
879.912
874.811
869.71
864.609
859.508
854.407
849.306
844.205
839.104
834.004
828.903
823.802
818.701
813.6
808.499
803.398
798.297
793.196
788.095
782.994
777.893
772.792
767.691
762.59
757.489
752.389
747.288
742.187
737.086
731.985
726.884
721.783
716.682
711.581
706.48
701.379
696.278
691.177
686.076
680.975
675.874
670.773
665.673
660.572
655.471
650.37
645.269
640.168
635.067
629.966
624.865
619.764
614.663
609.562
604.461
599.36
594.259
589.158
584.058
578.957
573.856
568.755
563.654
558.553
553.452
548.351
543.25
538.149
533.048
527.947
522.846
517.745
512.644
507.543
502.443
497.342
492.241
487.14
482.039
476.938
471.837
466.736
461.635
456.534
451.433
446.332
441.231
436.13
431.029
425.928
420.827
415.727
410.626
405.525
400.424
395.323
390.222
385.121
380.02
374.919
369.818
364.717
359.616
354.515
349.414
344.313
339.212
334.112
329.011
323.91
318.809
313.708
308.607
303.506
298.405
293.304
288.203
283.102
278.001
272.9
267.799
262.698
257.597
252.496
247.396
242.295
237.194
232.093
226.992
221.891
216.79
211.689
206.588
201.487
196.386
191.285
186.184
181.083
175.982
170.881
165.781
160.68
155.579
150.478
145.377
140.276
135.175
130.074
124.973
119.872
114.771
109.67
104.569
99.4683
94.3674
89.2664
84.1655
79.0646
73.9636
68.8627
63.7617
58.6608
53.5599
48.4589
43.358
38.2571
33.1561
28.0552
22.9542
17.8533
12.7524
7.65142
2.5506
1540.37
1503.93
1511.77
1496.82
1496.23
1487.8
1484.54
1478.1
1474.25
1468.71
1464.63
1459.61
1455.4
1450.7
1446.4
1441.9
1437.56
1433.13
1428.8
1424.4
1420.02
1415.58
1411.14
1406.63
1402.09
1397.48
1392.81
1388.06
1383.26
1378.42
1373.53
1368.61
1363.66
1358.68
1353.69
1348.68
1343.66
1338.62
1333.57
1328.52
1323.46
1318.39
1313.31
1308.24
1303.16
1298.07
1292.99
1287.9
1282.81
1277.72
1272.63
1267.54
1262.44
1257.35
1252.25
1247.15
1242.06
1236.96
1231.86
1226.76
1221.66
1216.56
1211.46
1206.36
1201.26
1196.16
1191.06
1185.96
1180.86
1175.76
1170.66
1165.56
1160.46
1155.36
1150.26
1145.16
1140.06
1134.96
1129.86
1124.76
1119.66
1114.55
1109.45
1104.35
1099.25
1094.15
1089.05
1083.95
1078.85
1073.75
1068.65
1063.55
1058.44
1053.34
1048.24
1043.14
1038.04
1032.94
1027.84
1022.74
1017.64
1012.54
1007.44
1002.33
997.234
992.133
987.032
981.931
976.83
971.729
966.628
961.527
956.426
951.325
946.224
941.123
936.022
930.921
925.82
920.72
915.619
910.518
905.417
900.316
895.215
890.114
885.013
879.912
874.811
869.71
864.609
859.508
854.407
849.306
844.205
839.104
834.004
828.903
823.802
818.701
813.6
808.499
803.398
798.297
793.196
788.095
782.994
777.893
772.792
767.691
762.59
757.489
752.389
747.288
742.187
737.086
731.985
726.884
721.783
716.682
711.581
706.48
701.379
696.278
691.177
686.076
680.975
675.874
670.773
665.673
660.572
655.471
650.37
645.269
640.168
635.067
629.966
624.865
619.764
614.663
609.562
604.461
599.36
594.259
589.158
584.058
578.957
573.856
568.755
563.654
558.553
553.452
548.351
543.25
538.149
533.048
527.947
522.846
517.745
512.644
507.543
502.443
497.342
492.241
487.14
482.039
476.938
471.837
466.736
461.635
456.534
451.433
446.332
441.231
436.13
431.029
425.928
420.827
415.727
410.626
405.525
400.424
395.323
390.222
385.121
380.02
374.919
369.818
364.717
359.616
354.515
349.414
344.313
339.212
334.112
329.011
323.91
318.809
313.708
308.607
303.506
298.405
293.304
288.203
283.102
278.001
272.9
267.799
262.698
257.597
252.496
247.396
242.295
237.194
232.093
226.992
221.891
216.79
211.689
206.588
201.487
196.386
191.285
186.184
181.083
175.982
170.881
165.781
160.68
155.579
150.478
145.377
140.276
135.175
130.074
124.973
119.872
114.771
109.67
104.569
99.4683
94.3674
89.2664
84.1655
79.0646
73.9636
68.8627
63.7617
58.6608
53.5599
48.4589
43.358
38.2571
33.1561
28.0552
22.9542
17.8533
12.7524
7.65142
2.5505
1540.1
1504.11
1511.85
1496.84
1496.24
1487.81
1484.55
1478.11
1474.26
1468.72
1464.63
1459.61
1455.4
1450.7
1446.4
1441.9
1437.56
1433.13
1428.8
1424.4
1420.02
1415.58
1411.14
1406.63
1402.09
1397.48
1392.8
1388.06
1383.26
1378.42
1373.53
1368.61
1363.66
1358.68
1353.69
1348.68
1343.65
1338.62
1333.57
1328.52
1323.46
1318.39
1313.31
1308.24
1303.16
1298.07
1292.99
1287.9
1282.81
1277.72
1272.63
1267.53
1262.44
1257.35
1252.25
1247.15
1242.06
1236.96
1231.86
1226.76
1221.66
1216.56
1211.46
1206.36
1201.26
1196.16
1191.06
1185.96
1180.86
1175.76
1170.66
1165.56
1160.46
1155.36
1150.26
1145.16
1140.06
1134.96
1129.86
1124.76
1119.66
1114.55
1109.45
1104.35
1099.25
1094.15
1089.05
1083.95
1078.85
1073.75
1068.65
1063.55
1058.44
1053.34
1048.24
1043.14
1038.04
1032.94
1027.84
1022.74
1017.64
1012.54
1007.44
1002.33
997.234
992.133
987.032
981.931
976.83
971.729
966.628
961.527
956.426
951.325
946.224
941.123
936.022
930.921
925.82
920.72
915.619
910.518
905.417
900.316
895.215
890.114
885.013
879.912
874.811
869.71
864.609
859.508
854.407
849.306
844.205
839.104
834.004
828.903
823.802
818.701
813.6
808.499
803.398
798.297
793.196
788.095
782.994
777.893
772.792
767.691
762.59
757.489
752.389
747.288
742.187
737.086
731.985
726.884
721.783
716.682
711.581
706.48
701.379
696.278
691.177
686.076
680.975
675.874
670.773
665.673
660.572
655.471
650.37
645.269
640.168
635.067
629.966
624.865
619.764
614.663
609.562
604.461
599.36
594.259
589.158
584.058
578.957
573.856
568.755
563.654
558.553
553.452
548.351
543.25
538.149
533.048
527.947
522.846
517.745
512.644
507.543
502.443
497.342
492.241
487.14
482.039
476.938
471.837
466.736
461.635
456.534
451.433
446.332
441.231
436.13
431.029
425.928
420.827
415.727
410.626
405.525
400.424
395.323
390.222
385.121
380.02
374.919
369.818
364.717
359.616
354.515
349.414
344.313
339.212
334.112
329.011
323.91
318.809
313.708
308.607
303.506
298.405
293.304
288.203
283.102
278.001
272.9
267.799
262.698
257.597
252.496
247.396
242.295
237.194
232.093
226.992
221.891
216.79
211.689
206.588
201.487
196.386
191.285
186.184
181.083
175.982
170.881
165.781
160.68
155.579
150.478
145.377
140.276
135.175
130.074
124.973
119.872
114.771
109.67
104.569
99.4683
94.3674
89.2664
84.1655
79.0646
73.9636
68.8627
63.7617
58.6608
53.5599
48.4589
43.358
38.2571
33.1561
28.0552
22.9542
17.8533
12.7524
7.65141
2.55051
1539.9
1504.19
1511.94
1496.86
1496.25
1487.83
1484.56
1478.12
1474.27
1468.73
1464.64
1459.61
1455.4
1450.7
1446.4
1441.9
1437.56
1433.13
1428.8
1424.4
1420.02
1415.58
1411.14
1406.63
1402.09
1397.48
1392.8
1388.06
1383.26
1378.41
1373.53
1368.61
1363.66
1358.68
1353.69
1348.68
1343.65
1338.62
1333.57
1328.52
1323.45
1318.39
1313.31
1308.24
1303.16
1298.07
1292.99
1287.9
1282.81
1277.72
1272.63
1267.53
1262.44
1257.35
1252.25
1247.15
1242.06
1236.96
1231.86
1226.76
1221.66
1216.56
1211.46
1206.36
1201.26
1196.16
1191.06
1185.96
1180.86
1175.76
1170.66
1165.56
1160.46
1155.36
1150.26
1145.16
1140.06
1134.96
1129.86
1124.76
1119.66
1114.55
1109.45
1104.35
1099.25
1094.15
1089.05
1083.95
1078.85
1073.75
1068.65
1063.55
1058.44
1053.34
1048.24
1043.14
1038.04
1032.94
1027.84
1022.74
1017.64
1012.54
1007.44
1002.33
997.234
992.133
987.032
981.931
976.83
971.729
966.628
961.527
956.426
951.325
946.224
941.123
936.022
930.921
925.82
920.72
915.619
910.518
905.417
900.316
895.215
890.114
885.013
879.912
874.811
869.71
864.609
859.508
854.407
849.306
844.205
839.104
834.004
828.903
823.802
818.701
813.6
808.499
803.398
798.297
793.196
788.095
782.994
777.893
772.792
767.691
762.59
757.489
752.389
747.288
742.187
737.086
731.985
726.884
721.783
716.682
711.581
706.48
701.379
696.278
691.177
686.076
680.975
675.874
670.773
665.673
660.572
655.471
650.37
645.269
640.168
635.067
629.966
624.865
619.764
614.663
609.562
604.461
599.36
594.259
589.158
584.058
578.957
573.856
568.755
563.654
558.553
553.452
548.351
543.25
538.149
533.048
527.947
522.846
517.745
512.644
507.543
502.443
497.342
492.241
487.14
482.039
476.938
471.837
466.736
461.635
456.534
451.433
446.332
441.231
436.13
431.029
425.928
420.827
415.727
410.626
405.525
400.424
395.323
390.222
385.121
380.02
374.919
369.818
364.717
359.616
354.515
349.414
344.313
339.212
334.112
329.011
323.91
318.809
313.708
308.607
303.506
298.405
293.304
288.203
283.102
278.001
272.9
267.799
262.698
257.597
252.496
247.396
242.295
237.194
232.093
226.992
221.891
216.79
211.689
206.588
201.487
196.386
191.285
186.184
181.083
175.982
170.881
165.781
160.68
155.579
150.478
145.377
140.276
135.175
130.074
124.973
119.872
114.771
109.67
104.569
99.4683
94.3674
89.2664
84.1655
79.0646
73.9636
68.8627
63.7617
58.6608
53.5599
48.4589
43.358
38.2571
33.1561
28.0552
22.9542
17.8533
12.7524
7.65141
2.55051
1539.77
1504.23
1512.03
1496.86
1496.26
1487.84
1484.57
1478.13
1474.28
1468.73
1464.65
1459.62
1455.41
1450.7
1446.41
1441.9
1437.57
1433.13
1428.8
1424.4
1420.02
1415.58
1411.14
1406.63
1402.09
1397.48
1392.8
1388.06
1383.26
1378.41
1373.53
1368.61
1363.66
1358.68
1353.69
1348.68
1343.65
1338.62
1333.57
1328.52
1323.45
1318.39
1313.31
1308.24
1303.16
1298.07
1292.99
1287.9
1282.81
1277.72
1272.63
1267.53
1262.44
1257.35
1252.25
1247.15
1242.06
1236.96
1231.86
1226.76
1221.66
1216.56
1211.46
1206.36
1201.26
1196.16
1191.06
1185.96
1180.86
1175.76
1170.66
1165.56
1160.46
1155.36
1150.26
1145.16
1140.06
1134.96
1129.86
1124.76
1119.66
1114.55
1109.45
1104.35
1099.25
1094.15
1089.05
1083.95
1078.85
1073.75
1068.65
1063.55
1058.44
1053.34
1048.24
1043.14
1038.04
1032.94
1027.84
1022.74
1017.64
1012.54
1007.44
1002.33
997.234
992.133
987.032
981.931
976.83
971.729
966.628
961.527
956.426
951.325
946.224
941.123
936.022
930.921
925.82
920.72
915.619
910.518
905.417
900.316
895.215
890.114
885.013
879.912
874.811
869.71
864.609
859.508
854.407
849.306
844.205
839.104
834.004
828.903
823.802
818.701
813.6
808.499
803.398
798.297
793.196
788.095
782.994
777.893
772.792
767.691
762.59
757.489
752.389
747.288
742.187
737.086
731.985
726.884
721.783
716.682
711.581
706.48
701.379
696.278
691.177
686.076
680.975
675.874
670.773
665.673
660.572
655.471
650.37
645.269
640.168
635.067
629.966
624.865
619.764
614.663
609.562
604.461
599.36
594.259
589.158
584.058
578.957
573.856
568.755
563.654
558.553
553.452
548.351
543.25
538.149
533.048
527.947
522.846
517.745
512.644
507.543
502.443
497.342
492.241
487.14
482.039
476.938
471.837
466.736
461.635
456.534
451.433
446.332
441.231
436.13
431.029
425.928
420.827
415.727
410.626
405.525
400.424
395.323
390.222
385.121
380.02
374.919
369.818
364.717
359.616
354.515
349.414
344.313
339.212
334.112
329.011
323.91
318.809
313.708
308.607
303.506
298.405
293.304
288.203
283.102
278.001
272.9
267.799
262.698
257.597
252.496
247.396
242.295
237.194
232.093
226.992
221.891
216.79
211.689
206.588
201.487
196.386
191.285
186.184
181.083
175.982
170.881
165.781
160.68
155.579
150.478
145.377
140.276
135.175
130.074
124.973
119.872
114.771
109.67
104.569
99.4683
94.3674
89.2664
84.1655
79.0646
73.9636
68.8627
63.7617
58.6608
53.5599
48.4589
43.358
38.2571
33.1561
28.0552
22.9542
17.8533
12.7524
7.65141
2.55051
1539.62
1504.29
1512.09
1496.87
1496.27
1487.85
1484.57
1478.14
1474.29
1468.74
1464.65
1459.63
1455.41
1450.71
1446.41
1441.91
1437.57
1433.13
1428.8
1424.4
1420.02
1415.58
1411.14
1406.63
1402.09
1397.48
1392.8
1388.06
1383.26
1378.41
1373.53
1368.61
1363.66
1358.68
1353.69
1348.68
1343.65
1338.62
1333.57
1328.52
1323.45
1318.39
1313.31
1308.24
1303.16
1298.07
1292.99
1287.9
1282.81
1277.72
1272.63
1267.53
1262.44
1257.35
1252.25
1247.15
1242.06
1236.96
1231.86
1226.76
1221.66
1216.56
1211.46
1206.36
1201.26
1196.16
1191.06
1185.96
1180.86
1175.76
1170.66
1165.56
1160.46
1155.36
1150.26
1145.16
1140.06
1134.96
1129.86
1124.76
1119.66
1114.55
1109.45
1104.35
1099.25
1094.15
1089.05
1083.95
1078.85
1073.75
1068.65
1063.55
1058.44
1053.34
1048.24
1043.14
1038.04
1032.94
1027.84
1022.74
1017.64
1012.54
1007.44
1002.33
997.234
992.133
987.032
981.931
976.83
971.729
966.628
961.527
956.426
951.325
946.224
941.123
936.022
930.921
925.82
920.72
915.619
910.518
905.417
900.316
895.215
890.114
885.013
879.912
874.811
869.71
864.609
859.508
854.407
849.306
844.205
839.104
834.004
828.903
823.802
818.701
813.6
808.499
803.398
798.297
793.196
788.095
782.994
777.893
772.792
767.691
762.59
757.489
752.389
747.288
742.187
737.086
731.985
726.884
721.783
716.682
711.581
706.48
701.379
696.278
691.177
686.076
680.975
675.874
670.773
665.673
660.572
655.471
650.37
645.269
640.168
635.067
629.966
624.865
619.764
614.663
609.562
604.461
599.36
594.259
589.158
584.058
578.957
573.856
568.755
563.654
558.553
553.452
548.351
543.25
538.149
533.048
527.947
522.846
517.745
512.644
507.543
502.443
497.342
492.241
487.14
482.039
476.938
471.837
466.736
461.635
456.534
451.433
446.332
441.231
436.13
431.029
425.928
420.827
415.727
410.626
405.525
400.424
395.323
390.222
385.121
380.02
374.919
369.818
364.717
359.616
354.515
349.414
344.313
339.212
334.112
329.011
323.91
318.809
313.708
308.607
303.506
298.405
293.304
288.203
283.102
278.001
272.9
267.799
262.698
257.597
252.496
247.396
242.295
237.194
232.093
226.992
221.891
216.79
211.689
206.588
201.487
196.386
191.285
186.184
181.083
175.982
170.881
165.781
160.68
155.579
150.478
145.377
140.276
135.175
130.074
124.973
119.872
114.771
109.67
104.569
99.4683
94.3674
89.2664
84.1655
79.0646
73.9636
68.8627
63.7617
58.6608
53.5599
48.4589
43.358
38.2571
33.1561
28.0552
22.9542
17.8533
12.7524
7.65141
2.55051
1539.45
1504.35
1512.1
1496.88
1496.28
1487.85
1484.58
1478.14
1474.29
1468.75
1464.66
1459.63
1455.42
1450.72
1446.42
1441.91
1437.57
1433.14
1428.81
1424.41
1420.02
1415.58
1411.14
1406.63
1402.09
1397.48
1392.8
1388.06
1383.26
1378.41
1373.53
1368.61
1363.66
1358.68
1353.69
1348.68
1343.65
1338.62
1333.57
1328.52
1323.45
1318.39
1313.31
1308.24
1303.16
1298.07
1292.99
1287.9
1282.81
1277.72
1272.63
1267.53
1262.44
1257.35
1252.25
1247.15
1242.06
1236.96
1231.86
1226.76
1221.66
1216.56
1211.46
1206.36
1201.26
1196.16
1191.06
1185.96
1180.86
1175.76
1170.66
1165.56
1160.46
1155.36
1150.26
1145.16
1140.06
1134.96
1129.86
1124.76
1119.66
1114.55
1109.45
1104.35
1099.25
1094.15
1089.05
1083.95
1078.85
1073.75
1068.65
1063.55
1058.44
1053.34
1048.24
1043.14
1038.04
1032.94
1027.84
1022.74
1017.64
1012.54
1007.44
1002.33
997.234
992.133
987.032
981.931
976.83
971.729
966.628
961.527
956.426
951.325
946.224
941.123
936.022
930.921
925.82
920.72
915.619
910.518
905.417
900.316
895.215
890.114
885.013
879.912
874.811
869.71
864.609
859.508
854.407
849.306
844.205
839.104
834.004
828.903
823.802
818.701
813.6
808.499
803.398
798.297
793.196
788.095
782.994
777.893
772.792
767.691
762.59
757.489
752.389
747.288
742.187
737.086
731.985
726.884
721.783
716.682
711.581
706.48
701.379
696.278
691.177
686.076
680.975
675.874
670.773
665.673
660.572
655.471
650.37
645.269
640.168
635.067
629.966
624.865
619.764
614.663
609.562
604.461
599.36
594.259
589.158
584.058
578.957
573.856
568.755
563.654
558.553
553.452
548.351
543.25
538.149
533.048
527.947
522.846
517.745
512.644
507.543
502.443
497.342
492.241
487.14
482.039
476.938
471.837
466.736
461.635
456.534
451.433
446.332
441.231
436.13
431.029
425.928
420.827
415.727
410.626
405.525
400.424
395.323
390.222
385.121
380.02
374.919
369.818
364.717
359.616
354.515
349.414
344.313
339.212
334.112
329.011
323.91
318.809
313.708
308.607
303.506
298.405
293.304
288.203
283.102
278.001
272.9
267.799
262.698
257.597
252.496
247.396
242.295
237.194
232.093
226.992
221.891
216.79
211.689
206.588
201.487
196.386
191.285
186.184
181.083
175.982
170.881
165.781
160.68
155.579
150.478
145.377
140.276
135.175
130.074
124.973
119.872
114.771
109.67
104.569
99.4683
94.3674
89.2664
84.1655
79.0646
73.9636
68.8627
63.7617
58.6608
53.5599
48.4589
43.358
38.2571
33.1561
28.0552
22.9542
17.8533
12.7524
7.65141
2.55051
1539.3
1504.39
1512.12
1496.88
1496.29
1487.85
1484.59
1478.15
1474.3
1468.75
1464.67
1459.64
1455.43
1450.72
1446.42
1441.92
1437.58
1433.14
1428.81
1424.41
1420.03
1415.59
1411.14
1406.64
1402.1
1397.48
1392.8
1388.06
1383.26
1378.41
1373.53
1368.61
1363.66
1358.68
1353.69
1348.68
1343.65
1338.62
1333.57
1328.52
1323.45
1318.39
1313.31
1308.24
1303.16
1298.07
1292.99
1287.9
1282.81
1277.72
1272.63
1267.53
1262.44
1257.35
1252.25
1247.15
1242.06
1236.96
1231.86
1226.76
1221.66
1216.56
1211.46
1206.36
1201.26
1196.16
1191.06
1185.96
1180.86
1175.76
1170.66
1165.56
1160.46
1155.36
1150.26
1145.16
1140.06
1134.96
1129.86
1124.76
1119.66
1114.55
1109.45
1104.35
1099.25
1094.15
1089.05
1083.95
1078.85
1073.75
1068.65
1063.55
1058.44
1053.34
1048.24
1043.14
1038.04
1032.94
1027.84
1022.74
1017.64
1012.54
1007.44
1002.33
997.234
992.133
987.032
981.931
976.83
971.729
966.628
961.527
956.426
951.325
946.224
941.123
936.022
930.921
925.82
920.72
915.619
910.518
905.417
900.316
895.215
890.114
885.013
879.912
874.811
869.71
864.609
859.508
854.407
849.306
844.205
839.104
834.004
828.903
823.802
818.701
813.6
808.499
803.398
798.297
793.196
788.095
782.994
777.893
772.792
767.691
762.59
757.489
752.389
747.288
742.187
737.086
731.985
726.884
721.783
716.682
711.581
706.48
701.379
696.278
691.177
686.076
680.975
675.874
670.773
665.673
660.572
655.471
650.37
645.269
640.168
635.067
629.966
624.865
619.764
614.663
609.562
604.461
599.36
594.259
589.158
584.058
578.957
573.856
568.755
563.654
558.553
553.452
548.351
543.25
538.149
533.048
527.947
522.846
517.745
512.644
507.543
502.443
497.342
492.241
487.14
482.039
476.938
471.837
466.736
461.635
456.534
451.433
446.332
441.231
436.13
431.029
425.928
420.827
415.727
410.626
405.525
400.424
395.323
390.222
385.121
380.02
374.919
369.818
364.717
359.616
354.515
349.414
344.313
339.212
334.112
329.011
323.91
318.809
313.708
308.607
303.506
298.405
293.304
288.203
283.102
278.001
272.9
267.799
262.698
257.597
252.496
247.396
242.295
237.194
232.093
226.992
221.891
216.79
211.689
206.588
201.487
196.386
191.285
186.184
181.083
175.982
170.881
165.781
160.68
155.579
150.478
145.377
140.276
135.175
130.074
124.973
119.872
114.771
109.67
104.569
99.4683
94.3674
89.2664
84.1655
79.0646
73.9636
68.8627
63.7617
58.6608
53.5599
48.4589
43.358
38.2571
33.1561
28.0552
22.9542
17.8533
12.7524
7.65141
2.55051
1539.22
1504.4
1512.14
1496.88
1496.28
1487.84
1484.59
1478.15
1474.31
1468.76
1464.67
1459.64
1455.43
1450.73
1446.43
1441.92
1437.58
1433.15
1428.81
1424.41
1420.03
1415.59
1411.15
1406.64
1402.1
1397.49
1392.81
1388.06
1383.26
1378.41
1373.53
1368.61
1363.66
1358.68
1353.69
1348.68
1343.65
1338.62
1333.57
1328.52
1323.45
1318.39
1313.31
1308.24
1303.16
1298.07
1292.99
1287.9
1282.81
1277.72
1272.63
1267.53
1262.44
1257.35
1252.25
1247.15
1242.06
1236.96
1231.86
1226.76
1221.66
1216.56
1211.46
1206.36
1201.26
1196.16
1191.06
1185.96
1180.86
1175.76
1170.66
1165.56
1160.46
1155.36
1150.26
1145.16
1140.06
1134.96
1129.86
1124.76
1119.66
1114.55
1109.45
1104.35
1099.25
1094.15
1089.05
1083.95
1078.85
1073.75
1068.65
1063.55
1058.44
1053.34
1048.24
1043.14
1038.04
1032.94
1027.84
1022.74
1017.64
1012.54
1007.44
1002.33
997.234
992.133
987.032
981.931
976.83
971.729
966.628
961.527
956.426
951.325
946.224
941.123
936.022
930.921
925.82
920.72
915.619
910.518
905.417
900.316
895.215
890.114
885.013
879.912
874.811
869.71
864.609
859.508
854.407
849.306
844.205
839.104
834.004
828.903
823.802
818.701
813.6
808.499
803.398
798.297
793.196
788.095
782.994
777.893
772.792
767.691
762.59
757.489
752.389
747.288
742.187
737.086
731.985
726.884
721.783
716.682
711.581
706.48
701.379
696.278
691.177
686.076
680.975
675.874
670.773
665.673
660.572
655.471
650.37
645.269
640.168
635.067
629.966
624.865
619.764
614.663
609.562
604.461
599.36
594.259
589.158
584.058
578.957
573.856
568.755
563.654
558.553
553.452
548.351
543.25
538.149
533.048
527.947
522.846
517.745
512.644
507.543
502.443
497.342
492.241
487.14
482.039
476.938
471.837
466.736
461.635
456.534
451.433
446.332
441.231
436.13
431.029
425.928
420.827
415.727
410.626
405.525
400.424
395.323
390.222
385.121
380.02
374.919
369.818
364.717
359.616
354.515
349.414
344.313
339.212
334.112
329.011
323.91
318.809
313.708
308.607
303.506
298.405
293.304
288.203
283.102
278.001
272.9
267.799
262.698
257.597
252.496
247.396
242.295
237.194
232.093
226.992
221.891
216.79
211.689
206.588
201.487
196.386
191.285
186.184
181.083
175.982
170.881
165.781
160.68
155.579
150.478
145.377
140.276
135.175
130.074
124.973
119.872
114.771
109.67
104.569
99.4683
94.3674
89.2664
84.1655
79.0646
73.9636
68.8627
63.7617
58.6608
53.5599
48.4589
43.358
38.2571
33.1561
28.0552
22.9542
17.8533
12.7524
7.65141
2.55051
1539.2
1504.4
1512.14
1496.87
1496.28
1487.84
1484.59
1478.15
1474.31
1468.76
1464.67
1459.65
1455.43
1450.73
1446.43
1441.93
1437.59
1433.15
1428.82
1424.42
1420.04
1415.6
1411.15
1406.64
1402.1
1397.49
1392.81
1388.06
1383.26
1378.42
1373.53
1368.61
1363.66
1358.68
1353.69
1348.68
1343.65
1338.62
1333.57
1328.52
1323.46
1318.39
1313.31
1308.24
1303.16
1298.07
1292.99
1287.9
1282.81
1277.72
1272.63
1267.54
1262.44
1257.35
1252.25
1247.15
1242.06
1236.96
1231.86
1226.76
1221.66
1216.56
1211.46
1206.36
1201.26
1196.16
1191.06
1185.96
1180.86
1175.76
1170.66
1165.56
1160.46
1155.36
1150.26
1145.16
1140.06
1134.96
1129.86
1124.76
1119.66
1114.55
1109.45
1104.35
1099.25
1094.15
1089.05
1083.95
1078.85
1073.75
1068.65
1063.55
1058.44
1053.34
1048.24
1043.14
1038.04
1032.94
1027.84
1022.74
1017.64
1012.54
1007.44
1002.33
997.234
992.133
987.032
981.931
976.83
971.729
966.628
961.527
956.426
951.325
946.224
941.123
936.022
930.921
925.82
920.72
915.619
910.518
905.417
900.316
895.215
890.114
885.013
879.912
874.811
869.71
864.609
859.508
854.407
849.306
844.205
839.104
834.004
828.903
823.802
818.701
813.6
808.499
803.398
798.297
793.196
788.095
782.994
777.893
772.792
767.691
762.59
757.489
752.389
747.288
742.187
737.086
731.985
726.884
721.783
716.682
711.581
706.48
701.379
696.278
691.177
686.076
680.975
675.874
670.773
665.673
660.572
655.471
650.37
645.269
640.168
635.067
629.966
624.865
619.764
614.663
609.562
604.461
599.36
594.259
589.158
584.058
578.957
573.856
568.755
563.654
558.553
553.452
548.351
543.25
538.149
533.048
527.947
522.846
517.745
512.644
507.543
502.443
497.342
492.241
487.14
482.039
476.938
471.837
466.736
461.635
456.534
451.433
446.332
441.231
436.13
431.029
425.928
420.827
415.727
410.626
405.525
400.424
395.323
390.222
385.121
380.02
374.919
369.818
364.717
359.616
354.515
349.414
344.313
339.212
334.112
329.011
323.91
318.809
313.708
308.607
303.506
298.405
293.304
288.203
283.102
278.001
272.9
267.799
262.698
257.597
252.496
247.396
242.295
237.194
232.093
226.992
221.891
216.79
211.689
206.588
201.487
196.386
191.285
186.184
181.083
175.982
170.881
165.781
160.68
155.579
150.478
145.377
140.276
135.175
130.074
124.973
119.872
114.771
109.67
104.569
99.4683
94.3674
89.2664
84.1655
79.0646
73.9636
68.8627
63.7617
58.6608
53.5599
48.4589
43.358
38.2571
33.1561
28.0552
22.9542
17.8533
12.7524
7.65141
2.55051
1539.19
1504.4
1512.14
1496.86
1496.27
1487.84
1484.59
1478.15
1474.31
1468.76
1464.68
1459.65
1455.44
1450.73
1446.43
1441.93
1437.59
1433.16
1428.82
1424.43
1420.04
1415.6
1411.16
1406.64
1402.1
1397.49
1392.81
1388.06
1383.26
1378.42
1373.53
1368.61
1363.66
1358.68
1353.69
1348.68
1343.66
1338.62
1333.57
1328.52
1323.46
1318.39
1313.31
1308.24
1303.16
1298.07
1292.99
1287.9
1282.81
1277.72
1272.63
1267.54
1262.44
1257.35
1252.25
1247.15
1242.06
1236.96
1231.86
1226.76
1221.66
1216.56
1211.46
1206.36
1201.26
1196.16
1191.06
1185.96
1180.86
1175.76
1170.66
1165.56
1160.46
1155.36
1150.26
1145.16
1140.06
1134.96
1129.86
1124.76
1119.66
1114.55
1109.45
1104.35
1099.25
1094.15
1089.05
1083.95
1078.85
1073.75
1068.65
1063.55
1058.44
1053.34
1048.24
1043.14
1038.04
1032.94
1027.84
1022.74
1017.64
1012.54
1007.44
1002.33
997.234
992.133
987.032
981.931
976.83
971.729
966.628
961.527
956.426
951.325
946.224
941.123
936.022
930.921
925.82
920.72
915.619
910.518
905.417
900.316
895.215
890.114
885.013
879.912
874.811
869.71
864.609
859.508
854.407
849.306
844.205
839.104
834.004
828.903
823.802
818.701
813.6
808.499
803.398
798.297
793.196
788.095
782.994
777.893
772.792
767.691
762.59
757.489
752.389
747.288
742.187
737.086
731.985
726.884
721.783
716.682
711.581
706.48
701.379
696.278
691.177
686.076
680.975
675.874
670.773
665.673
660.572
655.471
650.37
645.269
640.168
635.067
629.966
624.865
619.764
614.663
609.562
604.461
599.36
594.259
589.158
584.058
578.957
573.856
568.755
563.654
558.553
553.452
548.351
543.25
538.149
533.048
527.947
522.846
517.745
512.644
507.543
502.443
497.342
492.241
487.14
482.039
476.938
471.837
466.736
461.635
456.534
451.433
446.332
441.231
436.13
431.029
425.928
420.827
415.727
410.626
405.525
400.424
395.323
390.222
385.121
380.02
374.919
369.818
364.717
359.616
354.515
349.414
344.313
339.212
334.112
329.011
323.91
318.809
313.708
308.607
303.506
298.405
293.304
288.203
283.102
278.001
272.9
267.799
262.698
257.597
252.496
247.396
242.295
237.194
232.093
226.992
221.891
216.79
211.689
206.588
201.487
196.386
191.285
186.184
181.083
175.982
170.881
165.781
160.68
155.579
150.478
145.377
140.276
135.175
130.074
124.973
119.872
114.771
109.67
104.569
99.4683
94.3674
89.2664
84.1655
79.0646
73.9636
68.8627
63.7617
58.6608
53.5599
48.4589
43.358
38.2571
33.1561
28.0552
22.9542
17.8533
12.7524
7.65141
2.55051
1539.16
1504.43
1512.14
1496.85
1496.25
1487.83
1484.58
1478.14
1474.31
1468.76
1464.68
1459.65
1455.44
1450.74
1446.44
1441.93
1437.59
1433.16
1428.83
1424.43
1420.05
1415.6
1411.16
1406.65
1402.1
1397.49
1392.81
1388.06
1383.26
1378.42
1373.53
1368.61
1363.66
1358.69
1353.69
1348.68
1343.66
1338.62
1333.57
1328.52
1323.46
1318.39
1313.31
1308.24
1303.16
1298.07
1292.99
1287.9
1282.81
1277.72
1272.63
1267.54
1262.44
1257.35
1252.25
1247.15
1242.06
1236.96
1231.86
1226.76
1221.66
1216.56
1211.46
1206.36
1201.26
1196.16
1191.06
1185.96
1180.86
1175.76
1170.66
1165.56
1160.46
1155.36
1150.26
1145.16
1140.06
1134.96
1129.86
1124.76
1119.66
1114.55
1109.45
1104.35
1099.25
1094.15
1089.05
1083.95
1078.85
1073.75
1068.65
1063.55
1058.44
1053.34
1048.24
1043.14
1038.04
1032.94
1027.84
1022.74
1017.64
1012.54
1007.44
1002.33
997.234
992.133
987.032
981.931
976.83
971.729
966.628
961.527
956.426
951.325
946.224
941.123
936.022
930.921
925.82
920.72
915.619
910.518
905.417
900.316
895.215
890.114
885.013
879.912
874.811
869.71
864.609
859.508
854.407
849.306
844.205
839.104
834.004
828.903
823.802
818.701
813.6
808.499
803.398
798.297
793.196
788.095
782.994
777.893
772.792
767.691
762.59
757.489
752.389
747.288
742.187
737.086
731.985
726.884
721.783
716.682
711.581
706.48
701.379
696.278
691.177
686.076
680.975
675.874
670.773
665.673
660.572
655.471
650.37
645.269
640.168
635.067
629.966
624.865
619.764
614.663
609.562
604.461
599.36
594.259
589.158
584.058
578.957
573.856
568.755
563.654
558.553
553.452
548.351
543.25
538.149
533.048
527.947
522.846
517.745
512.644
507.543
502.443
497.342
492.241
487.14
482.039
476.938
471.837
466.736
461.635
456.534
451.433
446.332
441.231
436.13
431.029
425.928
420.827
415.727
410.626
405.525
400.424
395.323
390.222
385.121
380.02
374.919
369.818
364.717
359.616
354.515
349.414
344.313
339.212
334.112
329.011
323.91
318.809
313.708
308.607
303.506
298.405
293.304
288.203
283.102
278.001
272.9
267.799
262.698
257.597
252.496
247.396
242.295
237.194
232.093
226.992
221.891
216.79
211.689
206.588
201.487
196.386
191.285
186.184
181.083
175.982
170.881
165.781
160.68
155.579
150.478
145.377
140.276
135.175
130.074
124.973
119.872
114.771
109.67
104.569
99.4683
94.3674
89.2664
84.1655
79.0646
73.9636
68.8627
63.7617
58.6608
53.5599
48.4589
43.358
38.2571
33.1561
28.0552
22.9542
17.8533
12.7524
7.65141
2.55051
1539.15
1504.47
1512.13
1496.83
1496.24
1487.81
1484.58
1478.14
1474.31
1468.76
1464.68
1459.65
1455.44
1450.74
1446.44
1441.94
1437.6
1433.16
1428.83
1424.43
1420.05
1415.61
1411.16
1406.65
1402.11
1397.49
1392.81
1388.07
1383.27
1378.42
1373.53
1368.61
1363.66
1358.69
1353.69
1348.68
1343.66
1338.62
1333.57
1328.52
1323.46
1318.39
1313.31
1308.24
1303.16
1298.07
1292.99
1287.9
1282.81
1277.72
1272.63
1267.54
1262.44
1257.35
1252.25
1247.15
1242.06
1236.96
1231.86
1226.76
1221.66
1216.56
1211.46
1206.36
1201.26
1196.16
1191.06
1185.96
1180.86
1175.76
1170.66
1165.56
1160.46
1155.36
1150.26
1145.16
1140.06
1134.96
1129.86
1124.76
1119.66
1114.55
1109.45
1104.35
1099.25
1094.15
1089.05
1083.95
1078.85
1073.75
1068.65
1063.55
1058.44
1053.34
1048.24
1043.14
1038.04
1032.94
1027.84
1022.74
1017.64
1012.54
1007.44
1002.33
997.234
992.133
987.032
981.931
976.83
971.729
966.628
961.527
956.426
951.325
946.224
941.123
936.022
930.921
925.82
920.72
915.619
910.518
905.417
900.316
895.215
890.114
885.013
879.912
874.811
869.71
864.609
859.508
854.407
849.306
844.205
839.104
834.004
828.903
823.802
818.701
813.6
808.499
803.398
798.297
793.196
788.095
782.994
777.893
772.792
767.691
762.59
757.489
752.389
747.288
742.187
737.086
731.985
726.884
721.783
716.682
711.581
706.48
701.379
696.278
691.177
686.076
680.975
675.874
670.773
665.673
660.572
655.471
650.37
645.269
640.168
635.067
629.966
624.865
619.764
614.663
609.562
604.461
599.36
594.259
589.158
584.058
578.957
573.856
568.755
563.654
558.553
553.452
548.351
543.25
538.149
533.048
527.947
522.846
517.745
512.644
507.543
502.443
497.342
492.241
487.14
482.039
476.938
471.837
466.736
461.635
456.534
451.433
446.332
441.231
436.13
431.029
425.928
420.827
415.727
410.626
405.525
400.424
395.323
390.222
385.121
380.02
374.919
369.818
364.717
359.616
354.515
349.414
344.313
339.212
334.112
329.011
323.91
318.809
313.708
308.607
303.506
298.405
293.304
288.203
283.102
278.001
272.9
267.799
262.698
257.597
252.496
247.396
242.295
237.194
232.093
226.992
221.891
216.79
211.689
206.588
201.487
196.386
191.285
186.184
181.083
175.982
170.881
165.781
160.68
155.579
150.478
145.377
140.276
135.175
130.074
124.973
119.872
114.771
109.67
104.569
99.4683
94.3674
89.2664
84.1655
79.0646
73.9636
68.8627
63.7617
58.6608
53.5599
48.4589
43.358
38.2571
33.1561
28.0552
22.9542
17.8533
12.7524
7.65141
2.55051
1539.15
1504.5
1512.11
1496.82
1496.23
1487.8
1484.57
1478.13
1474.3
1468.76
1464.68
1459.65
1455.44
1450.74
1446.44
1441.94
1437.6
1433.16
1428.83
1424.44
1420.05
1415.61
1411.16
1406.65
1402.11
1397.49
1392.81
1388.07
1383.27
1378.42
1373.53
1368.61
1363.66
1358.69
1353.69
1348.68
1343.66
1338.62
1333.57
1328.52
1323.46
1318.39
1313.32
1308.24
1303.16
1298.07
1292.99
1287.9
1282.81
1277.72
1272.63
1267.54
1262.44
1257.35
1252.25
1247.15
1242.06
1236.96
1231.86
1226.76
1221.66
1216.56
1211.46
1206.36
1201.26
1196.16
1191.06
1185.96
1180.86
1175.76
1170.66
1165.56
1160.46
1155.36
1150.26
1145.16
1140.06
1134.96
1129.86
1124.76
1119.66
1114.55
1109.45
1104.35
1099.25
1094.15
1089.05
1083.95
1078.85
1073.75
1068.65
1063.55
1058.44
1053.34
1048.24
1043.14
1038.04
1032.94
1027.84
1022.74
1017.64
1012.54
1007.44
1002.33
997.234
992.133
987.032
981.931
976.83
971.729
966.628
961.527
956.426
951.325
946.224
941.123
936.022
930.921
925.82
920.72
915.619
910.518
905.417
900.316
895.215
890.114
885.013
879.912
874.811
869.71
864.609
859.508
854.407
849.306
844.205
839.104
834.004
828.903
823.802
818.701
813.6
808.499
803.398
798.297
793.196
788.095
782.994
777.893
772.792
767.691
762.59
757.489
752.389
747.288
742.187
737.086
731.985
726.884
721.783
716.682
711.581
706.48
701.379
696.278
691.177
686.076
680.975
675.874
670.773
665.673
660.572
655.471
650.37
645.269
640.168
635.067
629.966
624.865
619.764
614.663
609.562
604.461
599.36
594.259
589.158
584.058
578.957
573.856
568.755
563.654
558.553
553.452
548.351
543.25
538.149
533.048
527.947
522.846
517.745
512.644
507.543
502.443
497.342
492.241
487.14
482.039
476.938
471.837
466.736
461.635
456.534
451.433
446.332
441.231
436.13
431.029
425.928
420.827
415.727
410.626
405.525
400.424
395.323
390.222
385.121
380.02
374.919
369.818
364.717
359.616
354.515
349.414
344.313
339.212
334.112
329.011
323.91
318.809
313.708
308.607
303.506
298.405
293.304
288.203
283.102
278.001
272.9
267.799
262.698
257.597
252.496
247.396
242.295
237.194
232.093
226.992
221.891
216.79
211.689
206.588
201.487
196.386
191.285
186.184
181.083
175.982
170.881
165.781
160.68
155.579
150.478
145.377
140.276
135.175
130.074
124.973
119.872
114.771
109.67
104.569
99.4683
94.3674
89.2664
84.1655
79.0646
73.9636
68.8627
63.7617
58.6608
53.5599
48.4589
43.358
38.2571
33.1561
28.0552
22.9542
17.8533
12.7524
7.65141
2.55051
1539.15
1504.51
1512.1
1496.81
1496.22
1487.8
1484.56
1478.13
1474.3
1468.75
1464.68
1459.65
1455.44
1450.74
1446.44
1441.94
1437.6
1433.17
1428.84
1424.44
1420.05
1415.61
1411.17
1406.65
1402.11
1397.49
1392.81
1388.07
1383.27
1378.42
1373.53
1368.61
1363.66
1358.69
1353.69
1348.68
1343.66
1338.62
1333.57
1328.52
1323.46
1318.39
1313.32
1308.24
1303.16
1298.07
1292.99
1287.9
1282.81
1277.72
1272.63
1267.54
1262.44
1257.35
1252.25
1247.15
1242.06
1236.96
1231.86
1226.76
1221.66
1216.56
1211.46
1206.36
1201.26
1196.16
1191.06
1185.96
1180.86
1175.76
1170.66
1165.56
1160.46
1155.36
1150.26
1145.16
1140.06
1134.96
1129.86
1124.76
1119.66
1114.55
1109.45
1104.35
1099.25
1094.15
1089.05
1083.95
1078.85
1073.75
1068.65
1063.55
1058.44
1053.34
1048.24
1043.14
1038.04
1032.94
1027.84
1022.74
1017.64
1012.54
1007.44
1002.33
997.234
992.133
987.032
981.931
976.83
971.729
966.628
961.527
956.426
951.325
946.224
941.123
936.022
930.921
925.82
920.72
915.619
910.518
905.417
900.316
895.215
890.114
885.013
879.912
874.811
869.71
864.609
859.508
854.407
849.306
844.205
839.104
834.004
828.903
823.802
818.701
813.6
808.499
803.398
798.297
793.196
788.095
782.994
777.893
772.792
767.691
762.59
757.489
752.389
747.288
742.187
737.086
731.985
726.884
721.783
716.682
711.581
706.48
701.379
696.278
691.177
686.076
680.975
675.874
670.773
665.673
660.572
655.471
650.37
645.269
640.168
635.067
629.966
624.865
619.764
614.663
609.562
604.461
599.36
594.259
589.158
584.058
578.957
573.856
568.755
563.654
558.553
553.452
548.351
543.25
538.149
533.048
527.947
522.846
517.745
512.644
507.543
502.443
497.342
492.241
487.14
482.039
476.938
471.837
466.736
461.635
456.534
451.433
446.332
441.231
436.13
431.029
425.928
420.827
415.727
410.626
405.525
400.424
395.323
390.222
385.121
380.02
374.919
369.818
364.717
359.616
354.515
349.414
344.313
339.212
334.112
329.011
323.91
318.809
313.708
308.607
303.506
298.405
293.304
288.203
283.102
278.001
272.9
267.799
262.698
257.597
252.496
247.396
242.295
237.194
232.093
226.992
221.891
216.79
211.689
206.588
201.487
196.386
191.285
186.184
181.083
175.982
170.881
165.781
160.68
155.579
150.478
145.377
140.276
135.175
130.074
124.973
119.872
114.771
109.67
104.569
99.4683
94.3674
89.2664
84.1655
79.0646
73.9636
68.8627
63.7617
58.6608
53.5599
48.4589
43.358
38.2571
33.1561
28.0552
22.9542
17.8533
12.7524
7.65141
2.55051
1539.14
1504.52
1512.1
1496.81
1496.22
1487.79
1484.56
1478.12
1474.29
1468.75
1464.67
1459.65
1455.44
1450.74
1446.44
1441.94
1437.6
1433.17
1428.84
1424.44
1420.05
1415.61
1411.17
1406.65
1402.11
1397.5
1392.81
1388.07
1383.27
1378.42
1373.53
1368.61
1363.66
1358.69
1353.69
1348.68
1343.66
1338.62
1333.57
1328.52
1323.46
1318.39
1313.32
1308.24
1303.16
1298.07
1292.99
1287.9
1282.81
1277.72
1272.63
1267.54
1262.44
1257.35
1252.25
1247.15
1242.06
1236.96
1231.86
1226.76
1221.66
1216.56
1211.46
1206.36
1201.26
1196.16
1191.06
1185.96
1180.86
1175.76
1170.66
1165.56
1160.46
1155.36
1150.26
1145.16
1140.06
1134.96
1129.86
1124.76
1119.66
1114.55
1109.45
1104.35
1099.25
1094.15
1089.05
1083.95
1078.85
1073.75
1068.65
1063.55
1058.44
1053.34
1048.24
1043.14
1038.04
1032.94
1027.84
1022.74
1017.64
1012.54
1007.44
1002.33
997.234
992.133
987.032
981.931
976.83
971.729
966.628
961.527
956.426
951.325
946.224
941.123
936.022
930.921
925.82
920.72
915.619
910.518
905.417
900.316
895.215
890.114
885.013
879.912
874.811
869.71
864.609
859.508
854.407
849.306
844.205
839.104
834.004
828.903
823.802
818.701
813.6
808.499
803.398
798.297
793.196
788.095
782.994
777.893
772.792
767.691
762.59
757.489
752.389
747.288
742.187
737.086
731.985
726.884
721.783
716.682
711.581
706.48
701.379
696.278
691.177
686.076
680.975
675.874
670.773
665.673
660.572
655.471
650.37
645.269
640.168
635.067
629.966
624.865
619.764
614.663
609.562
604.461
599.36
594.259
589.158
584.058
578.957
573.856
568.755
563.654
558.553
553.452
548.351
543.25
538.149
533.048
527.947
522.846
517.745
512.644
507.543
502.443
497.342
492.241
487.14
482.039
476.938
471.837
466.736
461.635
456.534
451.433
446.332
441.231
436.13
431.029
425.928
420.827
415.727
410.626
405.525
400.424
395.323
390.222
385.121
380.02
374.919
369.818
364.717
359.616
354.515
349.414
344.313
339.212
334.112
329.011
323.91
318.809
313.708
308.607
303.506
298.405
293.304
288.203
283.102
278.001
272.9
267.799
262.698
257.597
252.496
247.396
242.295
237.194
232.093
226.992
221.891
216.79
211.689
206.588
201.487
196.386
191.285
186.184
181.083
175.982
170.881
165.781
160.68
155.579
150.478
145.377
140.276
135.175
130.074
124.973
119.872
114.771
109.67
104.569
99.4683
94.3674
89.2664
84.1655
79.0646
73.9636
68.8627
63.7617
58.6608
53.5599
48.4589
43.358
38.2571
33.1561
28.0552
22.9542
17.8533
12.7524
7.65141
2.55051
)
;

boundaryField
{
    inlet
    {
        type            fixedFluxPressure;
        gradient        nonuniform List<scalar> 
18
(
0
-2.08783e-11
-2.07677e-11
-4.34306e-11
-2.22741e-11
-2.34171e-11
-5.25401e-11
-6.23673e-11
-3.90416e-11
0
-9.09247e-11
-4.24752e-11
7.93917e-11
0
7.80031e-11
-3.89354e-11
-8.13507e-11
-7.91664e-11
)
;
    }
    outlet
    {
        type            fixedValue;
        value           uniform 0;
    }
    sideWall
    {
        type            empty;
    }
    bed
    {
        type            fixedFluxPressure;
        gradient        uniform 0;
    }
    topWall
    {
        type            slip;
        value           nonuniform List<scalar> 
300
(
1539.14
1504.52
1512.1
1496.81
1496.22
1487.79
1484.56
1478.12
1474.29
1468.75
1464.67
1459.65
1455.44
1450.74
1446.44
1441.94
1437.6
1433.17
1428.84
1424.44
1420.05
1415.61
1411.17
1406.65
1402.11
1397.5
1392.81
1388.07
1383.27
1378.42
1373.53
1368.61
1363.66
1358.69
1353.69
1348.68
1343.66
1338.62
1333.57
1328.52
1323.46
1318.39
1313.32
1308.24
1303.16
1298.07
1292.99
1287.9
1282.81
1277.72
1272.63
1267.54
1262.44
1257.35
1252.25
1247.15
1242.06
1236.96
1231.86
1226.76
1221.66
1216.56
1211.46
1206.36
1201.26
1196.16
1191.06
1185.96
1180.86
1175.76
1170.66
1165.56
1160.46
1155.36
1150.26
1145.16
1140.06
1134.96
1129.86
1124.76
1119.66
1114.55
1109.45
1104.35
1099.25
1094.15
1089.05
1083.95
1078.85
1073.75
1068.65
1063.55
1058.44
1053.34
1048.24
1043.14
1038.04
1032.94
1027.84
1022.74
1017.64
1012.54
1007.44
1002.33
997.234
992.133
987.032
981.931
976.83
971.729
966.628
961.527
956.426
951.325
946.224
941.123
936.022
930.921
925.82
920.72
915.619
910.518
905.417
900.316
895.215
890.114
885.013
879.912
874.811
869.71
864.609
859.508
854.407
849.306
844.205
839.104
834.004
828.903
823.802
818.701
813.6
808.499
803.398
798.297
793.196
788.095
782.994
777.893
772.792
767.691
762.59
757.489
752.389
747.288
742.187
737.086
731.985
726.884
721.783
716.682
711.581
706.48
701.379
696.278
691.177
686.076
680.975
675.874
670.773
665.673
660.572
655.471
650.37
645.269
640.168
635.067
629.966
624.865
619.764
614.663
609.562
604.461
599.36
594.259
589.158
584.058
578.957
573.856
568.755
563.654
558.553
553.452
548.351
543.25
538.149
533.048
527.947
522.846
517.745
512.644
507.543
502.443
497.342
492.241
487.14
482.039
476.938
471.837
466.736
461.635
456.534
451.433
446.332
441.231
436.13
431.029
425.928
420.827
415.727
410.626
405.525
400.424
395.323
390.222
385.121
380.02
374.919
369.818
364.717
359.616
354.515
349.414
344.313
339.212
334.112
329.011
323.91
318.809
313.708
308.607
303.506
298.405
293.304
288.203
283.102
278.001
272.9
267.799
262.698
257.597
252.496
247.396
242.295
237.194
232.093
226.992
221.891
216.79
211.689
206.588
201.487
196.386
191.285
186.184
181.083
175.982
170.881
165.781
160.68
155.579
150.478
145.377
140.276
135.175
130.074
124.973
119.872
114.771
109.67
104.569
99.4683
94.3674
89.2664
84.1655
79.0646
73.9636
68.8627
63.7617
58.6608
53.5599
48.4589
43.358
38.2571
33.1561
28.0552
22.9542
17.8533
12.7524
7.65141
2.55051
)
;
    }
}


// ************************************************************************* //
