/*--------------------------------*- C++ -*----------------------------------*\
| =========                 |                                                 |
| \\      /  F ield         | foam-extend: Open Source CFD                    |
|  \\    /   O peration     | Version:     3.2                                |
|   \\  /    A nd           | Web:         http://www.foam-extend.org         |
|    \\/     M anipulation  | For copyright notice see file Copyright         |
\*---------------------------------------------------------------------------*/
FoamFile
{
    version     2.0;
    format      ascii;
    class       areaVectorField;
    location    "60";
    object      Wt;
}
// * * * * * * * * * * * * * * * * * * * * * * * * * * * * * * * * * * * * * //

dimensions      [1 1 -2 0 0 0 0];

internalField   nonuniform List<vector> 
300
(
(5.16563e-08 0 -2.58282e-10)
(5.16563e-08 0 -2.58282e-10)
(5.16563e-08 0 -2.58282e-10)
(5.16563e-08 0 -2.58282e-10)
(5.16563e-08 -4.37546e-24 -2.58282e-10)
(5.16563e-08 -4.37546e-24 -2.58282e-10)
(5.16563e-08 -4.37546e-24 -2.58282e-10)
(5.16563e-08 -4.37546e-24 -2.58282e-10)
(5.16563e-08 0 -2.58282e-10)
(5.16563e-08 -4.37546e-24 -2.58282e-10)
(5.16563e-08 0 -2.58282e-10)
(5.16563e-08 4.37546e-24 -2.58282e-10)
(5.16563e-08 0 -2.58282e-10)
(5.16563e-08 4.37546e-24 -2.58282e-10)
(5.16563e-08 0 -2.58282e-10)
(5.16563e-08 0 -2.58282e-10)
(5.16563e-08 4.37546e-24 -2.58282e-10)
(5.16563e-08 -4.37546e-24 -2.58282e-10)
(5.16563e-08 4.37546e-24 -2.58282e-10)
(5.16563e-08 0 -2.58282e-10)
(5.16563e-08 0 -2.58282e-10)
(5.16563e-08 -4.37546e-24 -2.58282e-10)
(5.16563e-08 0 -2.58282e-10)
(5.16563e-08 0 -2.58282e-10)
(5.16563e-08 0 -2.58282e-10)
(5.16563e-08 -4.37546e-24 -2.58282e-10)
(5.16563e-08 0 -2.58282e-10)
(5.16563e-08 0 -2.58282e-10)
(5.16563e-08 0 -2.58282e-10)
(5.16563e-08 -4.37546e-24 -2.58282e-10)
(5.16563e-08 0 -2.58282e-10)
(5.16563e-08 0 -2.58282e-10)
(5.16563e-08 0 -2.58282e-10)
(5.16563e-08 0 -2.58282e-10)
(5.16563e-08 0 -2.58282e-10)
(5.16563e-08 0 -2.58282e-10)
(5.16563e-08 0 -2.58282e-10)
(5.16563e-08 0 -2.58282e-10)
(5.16563e-08 0 -2.58282e-10)
(5.16563e-08 0 -2.58282e-10)
(5.16563e-08 0 -2.58282e-10)
(5.16563e-08 -4.37546e-24 -2.58282e-10)
(5.16563e-08 0 -2.58282e-10)
(5.16563e-08 -4.37546e-24 -2.58282e-10)
(5.16563e-08 0 -2.58282e-10)
(5.16563e-08 0 -2.58282e-10)
(5.16563e-08 -4.37546e-24 -2.58282e-10)
(5.16563e-08 0 -2.58282e-10)
(5.16563e-08 -4.37546e-24 -2.58282e-10)
(5.16563e-08 0 -2.58282e-10)
(5.16563e-08 0 -2.58282e-10)
(5.16563e-08 -4.37546e-24 -2.58282e-10)
(5.16563e-08 0 -2.58282e-10)
(5.16563e-08 -4.37546e-24 -2.58282e-10)
(5.16563e-08 0 -2.58282e-10)
(5.16563e-08 0 -2.58282e-10)
(5.16563e-08 -4.37546e-24 -2.58282e-10)
(5.16563e-08 0 -2.58282e-10)
(5.16563e-08 0 -2.58282e-10)
(5.16563e-08 0 -2.58282e-10)
(5.16563e-08 0 -2.58282e-10)
(5.16563e-08 -4.37546e-24 -2.58282e-10)
(5.16563e-08 0 -2.58282e-10)
(5.16563e-08 -4.37546e-24 -2.58282e-10)
(5.16563e-08 0 -2.58282e-10)
(5.16563e-08 0 -2.58282e-10)
(5.16563e-08 -4.37546e-24 -2.58282e-10)
(5.16563e-08 0 -2.58282e-10)
(5.16563e-08 -4.37546e-24 -2.58282e-10)
(5.16563e-08 0 -2.58282e-10)
(5.16563e-08 4.37546e-24 -2.58282e-10)
(5.16563e-08 -4.37546e-24 -2.58282e-10)
(5.16563e-08 0 -2.58282e-10)
(5.16563e-08 -4.37546e-24 -2.58282e-10)
(5.16563e-08 0 -2.58282e-10)
(5.16563e-08 0 -2.58282e-10)
(5.16563e-08 -4.37546e-24 -2.58282e-10)
(5.16563e-08 0 -2.58282e-10)
(5.16563e-08 -4.37546e-24 -2.58282e-10)
(5.16563e-08 0 -2.58282e-10)
(5.16563e-08 0 -2.58282e-10)
(5.16563e-08 0 -2.58282e-10)
(5.16563e-08 0 -2.58282e-10)
(5.16563e-08 0 -2.58282e-10)
(5.16563e-08 0 -2.58282e-10)
(5.16563e-08 4.37546e-24 -2.58282e-10)
(5.16563e-08 0 -2.58282e-10)
(5.16563e-08 0 -2.58282e-10)
(5.16563e-08 0 -2.58282e-10)
(5.16563e-08 0 -2.58282e-10)
(5.16563e-08 0 -2.58282e-10)
(5.16563e-08 0 -2.58282e-10)
(5.16563e-08 0 -2.58282e-10)
(5.16563e-08 0 -2.58282e-10)
(5.16563e-08 0 -2.58282e-10)
(5.16563e-08 0 -2.58282e-10)
(5.16563e-08 0 -2.58282e-10)
(5.16563e-08 0 -2.58282e-10)
(5.16563e-08 0 -2.58282e-10)
(5.16563e-08 0 -2.58282e-10)
(5.16563e-08 0 -2.58282e-10)
(5.16563e-08 4.37546e-24 -2.58282e-10)
(5.16563e-08 0 -2.58282e-10)
(5.16563e-08 0 -2.58282e-10)
(5.16563e-08 0 -2.58282e-10)
(5.16563e-08 0 -2.58282e-10)
(5.16563e-08 0 -2.58282e-10)
(5.16563e-08 0 -2.58282e-10)
(5.16563e-08 0 -2.58282e-10)
(5.16563e-08 0 -2.58282e-10)
(5.16563e-08 0 -2.58282e-10)
(5.16563e-08 0 -2.58282e-10)
(5.16563e-08 0 -2.58282e-10)
(5.16563e-08 0 -2.58282e-10)
(5.16563e-08 0 -2.58282e-10)
(5.16563e-08 0 -2.58282e-10)
(5.16563e-08 0 -2.58282e-10)
(5.16563e-08 4.37546e-24 -2.58282e-10)
(5.16563e-08 0 -2.58282e-10)
(5.16563e-08 0 -2.58282e-10)
(5.16563e-08 0 -2.58282e-10)
(5.16563e-08 0 -2.58282e-10)
(5.16563e-08 0 -2.58282e-10)
(5.16563e-08 0 -2.58282e-10)
(5.16563e-08 0 -2.58282e-10)
(5.16563e-08 0 -2.58282e-10)
(5.16563e-08 0 -2.58282e-10)
(5.16563e-08 0 -2.58282e-10)
(5.16563e-08 0 -2.58282e-10)
(5.16563e-08 0 -2.58282e-10)
(5.16563e-08 0 -2.58282e-10)
(5.16563e-08 0 -2.58282e-10)
(5.16563e-08 0 -2.58282e-10)
(5.16563e-08 0 -2.58282e-10)
(5.16563e-08 0 -2.58282e-10)
(5.16563e-08 0 -2.58282e-10)
(5.16563e-08 0 -2.58282e-10)
(5.16563e-08 0 -2.58282e-10)
(5.16563e-08 0 -2.58282e-10)
(5.16563e-08 0 -2.58282e-10)
(5.16563e-08 0 -2.58282e-10)
(5.16563e-08 0 -2.58282e-10)
(5.16563e-08 0 -2.58282e-10)
(5.16563e-08 0 -2.58282e-10)
(5.16563e-08 0 -2.58282e-10)
(5.16563e-08 0 -2.58282e-10)
(5.16563e-08 0 -2.58282e-10)
(5.16563e-08 0 -2.58282e-10)
(5.16563e-08 0 -2.58282e-10)
(5.16563e-08 0 -2.58282e-10)
(5.16563e-08 0 -2.58282e-10)
(5.16563e-08 0 -2.58282e-10)
(5.16563e-08 0 -2.58282e-10)
(5.16563e-08 0 -2.58282e-10)
(5.16563e-08 0 -2.58282e-10)
(5.16563e-08 0 -2.58282e-10)
(5.16563e-08 0 -2.58282e-10)
(5.16563e-08 0 -2.58282e-10)
(5.16563e-08 0 -2.58282e-10)
(5.16563e-08 0 -2.58282e-10)
(5.16563e-08 0 -2.58282e-10)
(5.16563e-08 0 -2.58282e-10)
(5.16563e-08 0 -2.58282e-10)
(5.16563e-08 0 -2.58282e-10)
(5.16563e-08 0 -2.58282e-10)
(5.16563e-08 0 -2.58282e-10)
(5.16563e-08 0 -2.58282e-10)
(5.16563e-08 0 -2.58282e-10)
(5.16563e-08 0 -2.58282e-10)
(5.16563e-08 0 -2.58282e-10)
(5.16563e-08 0 -2.58282e-10)
(5.16563e-08 0 -2.58282e-10)
(5.16563e-08 0 -2.58282e-10)
(5.16563e-08 0 -2.58282e-10)
(5.16563e-08 0 -2.58282e-10)
(5.16563e-08 0 -2.58282e-10)
(5.16563e-08 0 -2.58282e-10)
(5.16563e-08 0 -2.58282e-10)
(5.16563e-08 0 -2.58282e-10)
(5.16563e-08 0 -2.58282e-10)
(5.16563e-08 0 -2.58282e-10)
(5.16563e-08 0 -2.58282e-10)
(5.16563e-08 0 -2.58282e-10)
(5.16563e-08 0 -2.58282e-10)
(5.16563e-08 0 -2.58282e-10)
(5.16563e-08 0 -2.58282e-10)
(5.16563e-08 0 -2.58282e-10)
(5.16563e-08 0 -2.58282e-10)
(5.16563e-08 0 -2.58282e-10)
(5.16563e-08 0 -2.58282e-10)
(5.16563e-08 0 -2.58282e-10)
(5.16563e-08 0 -2.58282e-10)
(5.16563e-08 0 -2.58282e-10)
(5.16563e-08 0 -2.58282e-10)
(5.16563e-08 0 -2.58282e-10)
(5.16563e-08 0 -2.58282e-10)
(5.16563e-08 0 -2.58282e-10)
(5.16563e-08 0 -2.58282e-10)
(5.16563e-08 0 -2.58282e-10)
(5.16563e-08 0 -2.58282e-10)
(5.16563e-08 0 -2.58282e-10)
(5.16563e-08 0 -2.58282e-10)
(5.16563e-08 0 -2.58282e-10)
(5.16563e-08 0 -2.58282e-10)
(5.16563e-08 0 -2.58282e-10)
(5.16563e-08 0 -2.58282e-10)
(5.16563e-08 0 -2.58282e-10)
(5.16563e-08 0 -2.58282e-10)
(5.16563e-08 0 -2.58282e-10)
(5.16563e-08 0 -2.58282e-10)
(5.16563e-08 0 -2.58282e-10)
(5.16563e-08 0 -2.58282e-10)
(5.16563e-08 0 -2.58282e-10)
(5.16563e-08 0 -2.58282e-10)
(5.16563e-08 0 -2.58282e-10)
(5.16563e-08 0 -2.58282e-10)
(5.16563e-08 0 -2.58282e-10)
(5.16563e-08 0 -2.58282e-10)
(5.16563e-08 0 -2.58282e-10)
(5.16563e-08 0 -2.58282e-10)
(5.16563e-08 0 -2.58282e-10)
(5.16563e-08 0 -2.58282e-10)
(5.16563e-08 0 -2.58282e-10)
(5.16563e-08 0 -2.58282e-10)
(5.16563e-08 0 -2.58282e-10)
(5.16563e-08 0 -2.58282e-10)
(5.16563e-08 0 -2.58282e-10)
(5.16563e-08 0 -2.58282e-10)
(5.16563e-08 0 -2.58282e-10)
(5.16563e-08 0 -2.58282e-10)
(5.16563e-08 0 -2.58282e-10)
(5.16563e-08 0 -2.58282e-10)
(5.16563e-08 0 -2.58282e-10)
(5.16563e-08 0 -2.58282e-10)
(5.16563e-08 0 -2.58282e-10)
(5.16563e-08 0 -2.58282e-10)
(5.16563e-08 0 -2.58282e-10)
(5.16563e-08 0 -2.58282e-10)
(5.16563e-08 0 -2.58282e-10)
(5.16563e-08 0 -2.58282e-10)
(5.16563e-08 0 -2.58282e-10)
(5.16563e-08 0 -2.58282e-10)
(5.16563e-08 0 -2.58282e-10)
(5.16563e-08 0 -2.58282e-10)
(5.16563e-08 0 -2.58282e-10)
(5.16563e-08 0 -2.58282e-10)
(5.16563e-08 0 -2.58282e-10)
(5.16563e-08 0 -2.58282e-10)
(5.16563e-08 0 -2.58282e-10)
(5.16563e-08 0 -2.58282e-10)
(5.16563e-08 0 -2.58282e-10)
(5.16563e-08 0 -2.58282e-10)
(5.16563e-08 0 -2.58282e-10)
(5.16563e-08 0 -2.58282e-10)
(5.16563e-08 0 -2.58282e-10)
(5.16563e-08 0 -2.58282e-10)
(5.16563e-08 0 -2.58282e-10)
(5.16563e-08 0 -2.58282e-10)
(5.16563e-08 0 -2.58282e-10)
(5.16563e-08 0 -2.58282e-10)
(5.16563e-08 0 -2.58282e-10)
(5.16563e-08 0 -2.58282e-10)
(5.16563e-08 0 -2.58282e-10)
(5.16563e-08 0 -2.58282e-10)
(5.16563e-08 0 -2.58282e-10)
(5.16563e-08 0 -2.58282e-10)
(5.16563e-08 0 -2.58282e-10)
(5.16563e-08 0 -2.58282e-10)
(5.16563e-08 0 -2.58282e-10)
(5.16563e-08 0 -2.58282e-10)
(5.16563e-08 0 -2.58282e-10)
(5.16563e-08 0 -2.58282e-10)
(5.16563e-08 0 -2.58282e-10)
(5.16563e-08 0 -2.58282e-10)
(5.16563e-08 0 -2.58282e-10)
(5.16563e-08 0 -2.58282e-10)
(5.16563e-08 0 -2.58282e-10)
(5.16563e-08 0 -2.58282e-10)
(5.16563e-08 0 -2.58282e-10)
(5.16563e-08 0 -2.58282e-10)
(5.16563e-08 0 -2.58282e-10)
(5.16563e-08 -4.37546e-24 -2.58282e-10)
(5.16563e-08 0 -2.58282e-10)
(5.16563e-08 0 -2.58282e-10)
(5.16563e-08 0 -2.58282e-10)
(5.16563e-08 0 -2.58282e-10)
(5.16563e-08 0 -2.58282e-10)
(5.16563e-08 0 -2.58282e-10)
(5.16563e-08 0 -2.58282e-10)
(5.16563e-08 0 -2.58282e-10)
(5.16563e-08 0 -2.58282e-10)
(5.16563e-08 0 -2.58282e-10)
(5.16563e-08 0 -2.58282e-10)
(5.16563e-08 0 -2.58282e-10)
(5.16563e-08 0 -2.58282e-10)
(5.16563e-08 0 -2.58282e-10)
(5.16563e-08 0 -2.58282e-10)
(5.16563e-08 0 -2.58282e-10)
(5.16563e-08 0 -2.58282e-10)
(5.16563e-08 0 -2.58282e-10)
)
;

boundaryField
{
    inlet
    {
        type            calculated;
        value           uniform (0 0 0);
    }
    outlet
    {
        type            calculated;
        value           uniform (0 0 0);
    }
    sideWall
    {
        type            empty;
    }
}


// ************************************************************************* //
