/*--------------------------------*- C++ -*----------------------------------*\
| =========                 |                                                 |
| \\      /  F ield         | foam-extend: Open Source CFD                    |
|  \\    /   O peration     | Version:     3.2                                |
|   \\  /    A nd           | Web:         http://www.foam-extend.org         |
|    \\/     M anipulation  | For copyright notice see file Copyright         |
\*---------------------------------------------------------------------------*/
FoamFile
{
    version     2.0;
    format      ascii;
    class       volScalarField;
    location    "50";
    object      omega;
}
// * * * * * * * * * * * * * * * * * * * * * * * * * * * * * * * * * * * * * //

dimensions      [0 0 -1 0 0 0 0];

internalField   nonuniform List<scalar> 
5400
(
989.58
794.702
687.066
687.85
677.682
677.46
672.401
672.114
670.32
670.981
671.164
672.329
673.537
675.417
677.199
679.431
681.709
684.257
686.784
689.538
692.444
695.435
698.514
701.623
704.755
707.943
710.932
713.553
715.764
717.615
719.157
720.435
721.502
722.379
723.117
723.718
724.234
724.646
725.014
725.297
725.566
725.757
725.965
726.091
726.258
726.333
726.466
726.485
726.649
726.568
726.853
726.518
727.152
726.211
727.808
725.275
729.468
723.076
735.95
711.665
609.82
617.337
639.011
638.092
644.776
642.066
644.935
642.115
643.395
642.637
642.168
646.45
647.285
648.256
647.003
648.774
646.197
649.131
644.415
653.191
640.468
657.459
645.053
638.875
664.572
628.866
652.016
645.586
655.609
647.797
638.813
646.718
639.818
652.357
638.255
642.311
641.479
646.997
638.911
648.392
637.047
656.897
648.287
609.118
687.136
679.308
621.638
638.319
643.192
639.169
646.607
645.655
649.681
648.65
644.376
638.625
647.096
644.873
640.906
654.756
635.325
653.488
665.814
641.073
638.865
647.164
642.75
643.474
648.462
647.674
638.964
660.33
627.197
660.106
686.967
629.077
641.907
644.398
645.552
645.12
646.538
647.253
648.016
642.037
655.891
645.578
642.746
648.466
643.674
647.554
645.16
644.513
652.561
643.24
644.837
647.907
646.457
648.798
647.482
648.648
648.07
648.643
647.284
650.244
646.135
652.04
643.963
657.084
642.644
650.509
648.998
646.626
656.448
660.893
649.599
641.348
653.472
646.105
652.179
647.164
648.095
650.979
646.965
657.653
617.704
682.337
672.297
631.689
647.7
644.203
650.728
643.402
656.43
639.229
653.733
641.249
652.637
642.121
652.674
643.726
650.086
645.74
645.978
651.967
639.964
664.482
638.451
645.41
663.832
627.366
659.357
692.501
630.039
647.563
649.231
647.288
654.109
645.786
652.372
648.547
653.521
647.502
654.744
645.999
658.885
658.531
643.362
653.837
648.439
651.405
646.512
649.693
662.709
646.102
643.578
651.989
649.318
649.149
648.809
649.868
648.483
648.315
649.343
647.914
650.019
647.537
648.608
646.981
646.618
645.931
646.645
649.144
648.283
651.737
646.194
652.729
644.74
654.448
644.752
652.096
645.77
651.155
650.724
642.532
668.324
640.172
648.072
644.619
646.673
645.888
648.972
643.693
646.187
646.826
645.249
649.996
640.3
662.351
641.776
644.998
647.485
647.266
649.915
647.341
649.639
642.083
655.057
653.96
648.887
653.353
651.654
655.417
650.463
657.92
646.423
669.119
780.06
753.984
717.667
726.734
388.679
358.348
314.601
299.539
286.888
282.079
277.191
275.132
272.988
272.211
271.503
271.332
271.343
271.593
271.978
272.541
273.183
273.971
274.791
275.69
276.673
277.715
278.811
279.942
281.095
282.299
283.451
284.494
285.404
286.186
286.855
287.419
287.898
288.297
288.638
288.917
289.159
289.353
289.527
289.661
289.788
289.88
289.976
290.037
290.113
290.153
290.211
290.234
290.288
290.29
290.353
290.313
290.426
290.289
290.557
290.166
290.85
289.806
292.769
292.996
264.218
250.315
252.135
252.567
254.469
254.489
255.554
255.3
255.655
256.093
255.856
256.527
256.948
258.098
258.292
258.75
258.549
259.379
259.035
259.93
258.405
260.931
260.275
257.054
262.447
258.142
258.868
259.663
261.737
261.559
258.099
259.127
257.42
259.77
258.722
258.476
257.883
258.436
257.855
259.037
257.531
260.746
262.222
252.625
263.984
272.088
260.758
256.784
257.804
257.098
258.302
258.467
259.912
260.505
259.348
257.107
257.919
258.672
257.52
260.035
257.211
259.52
264.279
260.947
257.469
258.314
258.363
258.22
259.143
259.223
257.013
260.415
255.524
260.436
270.259
261.798
257.96
257.875
258.159
258.428
258.578
258.705
258.711
257.434
259.929
259.769
257.836
258.787
257.869
258.508
258.458
258.062
259.559
258.533
257.82
258.873
258.451
259.08
258.579
258.971
259.075
259.216
258.402
258.749
258.097
259.115
258.104
259.938
258.519
258.5
259.207
257.951
259.221
262.146
261.209
257.782
259.046
258.28
259.21
258.805
258.327
259.097
258.416
261.479
253.332
262.946
269.538
259.449
258.421
257.52
258.855
257.542
259.754
258.142
259.197
257.831
259.115
258.121
259.368
258.597
259.053
259.45
258.174
259.982
256.93
261.753
259.514
257.828
261.86
255.784
259.184
269.362
261.909
258.273
259.068
257.82
259.709
258.171
259.338
258.623
259.412
258.772
259.827
258.234
260.098
261.865
258.906
259.762
259.167
259.115
258.177
258.465
262.054
260.465
257.97
259.108
259.356
258.971
258.475
258.8
258.901
258.628
258.598
258.225
258.613
258.297
258.922
258.911
258.488
258.472
258.362
258.271
257.969
259.288
258.767
259.562
258.781
260.091
259.232
259.708
258.889
259.253
260.337
257.461
262.449
260.208
259.028
259.222
259.314
258.451
258.868
258.95
258.734
258.997
258.112
259.866
257.711
261.519
259.974
258.903
259.816
259.175
259.881
259.177
259.996
258.694
260.715
261.927
260.84
261.298
261.159
261.802
261.128
262.028
259.104
261.443
291.039
302.825
295.537
294.091
195.31
207.531
202.142
191.347
180.49
174.715
169.894
167.117
164.847
163.495
162.413
161.8
161.395
161.171
161.113
161.174
161.334
161.602
161.925
162.299
162.73
163.21
163.73
164.283
164.859
165.463
166.034
166.553
167.013
167.414
167.762
168.06
168.316
168.531
168.716
168.87
169.003
169.111
169.207
169.283
169.352
169.405
169.456
169.492
169.531
169.556
169.586
169.603
169.626
169.638
169.656
169.66
169.681
169.673
169.711
169.672
169.755
169.547
170.291
173.56
166.779
154.286
149.986
148.984
149.039
149.034
149.368
149.495
149.521
149.611
149.442
149.582
149.796
150.369
150.594
150.834
150.988
151.191
151.292
151.287
151.683
151.102
152.502
150.677
152.161
152.388
150.56
151.682
151.683
153.209
151.619
151.637
150.859
151.394
151.948
151.558
151.304
150.924
151.381
151.157
151.473
150.888
153.773
151.818
149.893
156.263
156.229
151.984
151.208
150.905
150.897
151.165
151.632
152.338
152.361
151.489
150.976
151.552
150.889
151.502
151.757
150.753
152.731
153.869
151.855
151.213
151.486
151.268
151.471
151.71
151.037
151.299
152.078
150.571
155.092
155.82
152.4
151.616
151.335
151.556
151.409
151.452
151.469
151.311
151.07
152.471
151.431
151.588
151.206
151.259
151.351
151.189
151.366
152.017
151.349
151.698
151.485
151.627
151.38
151.532
151.585
151.75
151.399
151.326
151.157
151.396
151.471
151.302
152.251
151.278
152.075
151.308
151.167
152.206
153.424
151.83
151.525
151.458
151.35
151.78
151.544
151.601
151.349
152.722
152.186
150.038
156.204
153.815
152.137
151.313
151.556
151.162
151.479
151.992
151.026
152.05
151.161
152.212
151.18
152.251
151.463
152.607
151.478
152.278
151.027
151.836
153.195
151.327
152.587
152.545
150.261
153.789
156.1
152.151
152.232
151.255
151.896
151.38
151.614
151.475
151.624
151.681
151.833
151.877
151.35
152.693
152.073
151.851
151.969
151.68
151.954
151.519
152.414
153.474
151.896
151.519
151.721
151.826
151.738
151.786
151.962
151.746
151.534
151.302
151.329
151.346
151.506
151.655
151.595
151.738
151.447
151.321
151.263
151.69
151.806
151.764
152.005
151.603
152.437
151.769
152.312
151.532
152.461
151.093
151.975
153.248
151.515
152.262
152.241
152.35
151.874
152.707
152.019
152.238
151.554
152.169
151.364
151.745
153.464
152.482
152.457
151.767
152.115
151.829
152.21
151.899
151.744
152.88
152.959
152.946
153.196
153.306
153.315
153.395
152.631
151.051
158.831
171.253
173.442
172.848
106.319
136.189
142.523
139.759
134.698
129.994
125.568
122.456
119.958
118.177
116.807
115.879
115.173
114.682
114.349
114.132
114.027
114.02
114.081
114.19
114.348
114.552
114.792
115.062
115.356
115.658
115.921
116.15
116.35
116.526
116.68
116.813
116.928
117.026
117.111
117.182
117.243
117.294
117.338
117.374
117.406
117.43
117.454
117.471
117.488
117.5
117.513
117.522
117.532
117.539
117.543
117.551
117.551
117.565
117.553
117.582
117.537
117.503
117.588
121.013
121.617
112.744
107.524
105.56
104.698
104.36
104.231
104.281
104.199
104.08
103.899
103.887
103.965
104.188
104.308
104.429
104.571
104.586
104.701
104.574
105.121
104.12
105.548
104.521
104.888
105.768
104.273
104.99
104.473
105.954
105.256
105.151
104.728
104.751
105.389
105.148
105.086
104.676
105.072
104.716
105.269
104.021
106.41
106.089
102.533
106.682
108.87
106.343
105.31
105.026
104.76
104.919
104.895
105.455
105.807
105.57
104.965
105.232
104.73
104.862
105.702
104.127
105.009
106.636
105.754
105.048
105.215
105.036
105
105.204
104.98
104.782
106.573
103.748
106.057
108.167
106.202
105.514
105.142
105.274
105.066
105.07
105.092
105.139
104.444
105.76
105.258
105.229
105.004
104.926
104.991
104.95
104.791
105.535
105.166
105.319
105.148
105.133
104.994
105.035
105.051
105.242
105.116
104.993
104.927
104.949
105.157
104.718
105.771
104.972
105.543
105.067
104.701
104.882
106.32
105.659
105.185
105.187
104.901
105.338
105.236
105.129
105
105.774
106.693
102.917
106.952
106.978
105.934
105.297
105.241
105.056
104.942
105.539
104.649
105.726
104.68
105.832
104.63
105.88
104.98
106.066
105.273
105.659
104.988
104.941
106.253
105.011
105.536
106.929
103.715
105.108
108.097
105.925
105.867
105.116
105.336
105.113
105.126
105.087
105.087
105.217
105.173
105.512
104.585
105.442
105.505
105.23
105.457
105.319
105.854
105.332
105.374
106.502
105.658
105.074
105.083
105.339
105.412
105.341
105.508
105.385
105.236
105.077
105.005
105.057
105.038
105.128
105.279
105.511
105.255
105.2
105.137
105.185
105.316
105.122
105.413
104.845
105.667
104.997
105.674
104.951
105.617
104.848
104.788
106.041
104.884
105.552
105.575
106.094
105.522
106.195
105.625
105.801
105.27
105.449
105.023
104.732
106.373
105.845
105.616
105.118
105.35
105.201
105.425
105.309
104.695
105.49
105.863
105.917
106.232
106.22
106.294
106.23
106.212
103.978
104.728
113.856
117.854
118.768
59.0569
90.1021
104.668
106.589
106.601
104.735
101.723
98.9696
96.5102
94.5478
92.9579
91.7731
90.8071
90.099
89.5616
89.1457
88.8534
88.6531
88.5307
88.463
88.4438
88.4692
88.528
88.6153
88.7194
88.8084
88.8524
88.8717
88.8809
88.8856
88.8893
88.8916
88.8941
88.8955
88.8974
88.8982
88.8995
88.8998
88.9006
88.9006
88.9009
88.9006
88.9005
88.9002
88.8999
88.8995
88.8992
88.899
88.898
88.8994
88.8963
88.9009
88.8929
88.9065
88.8851
88.9203
88.8543
88.8455
88.7065
91.7766
94.8444
88.9502
84.4882
82.1831
80.8909
80.279
79.8463
79.7348
79.5878
79.3962
79.1878
79.0806
79.0459
79.0468
79.0554
79.053
79.0975
79.0475
79.1088
78.9695
79.3448
78.5155
79.5983
78.9744
79.0444
79.8585
78.8635
79.3147
78.7127
79.8189
79.5261
79.4871
79.2347
79.1373
79.6169
79.4764
79.4928
79.1977
79.4378
79.1543
79.5863
78.4981
80.2268
80.0619
77.0592
79.891
82.1087
80.7492
79.9914
79.7093
79.4164
79.4672
79.2646
79.6385
80.0139
80.0576
79.5839
79.6719
79.2676
79.2637
80.0016
78.6304
79.0403
80.3794
80.0934
79.5799
79.6935
79.5541
79.4446
79.5919
79.4955
79.2805
80.9305
78.2309
79.4473
81.4453
80.3841
79.9726
79.6461
79.7162
79.523
79.5193
79.5287
79.5686
78.943
79.9327
79.6801
79.6327
79.4748
79.3868
79.4512
79.466
79.2468
79.7932
79.6032
79.6991
79.5449
79.4913
79.3924
79.3901
79.3837
79.584
79.557
79.4664
79.4258
79.3842
79.5374
79.1514
79.9406
79.3875
79.7851
79.4555
79.1195
78.9682
80.136
79.9186
79.5729
79.5849
79.3313
79.6553
79.5358
79.4455
79.3714
79.8899
80.5555
77.4664
80.044
80.6925
80.1816
79.7477
79.6453
79.5113
79.323
79.751
79.1386
79.9055
79.0842
79.9125
78.99
79.9733
79.2441
80.0994
79.5683
79.8312
79.3828
79.1835
80.1282
79.3152
79.6186
80.903
78.1838
78.7604
81.2042
80.093
80.1141
79.5576
79.6314
79.5009
79.4748
79.447
79.4102
79.505
79.4321
79.7231
78.9122
79.4529
79.6619
79.4591
79.6748
79.6673
80.1021
79.6514
79.4987
80.3522
79.9537
79.4491
79.3456
79.5646
79.6509
79.549
79.6694
79.6119
79.531
79.4326
79.3933
79.4685
79.3928
79.4392
79.6233
79.8572
79.7235
79.7399
79.6486
79.5058
79.5419
79.3405
79.5299
79.0836
79.6447
79.1175
79.6485
79.1994
79.7004
79.1646
78.9315
79.8295
79.1112
79.6388
79.626
80.1227
79.6711
80.1489
79.7936
79.9211
79.498
79.568
79.2789
78.9163
80.0761
79.7557
79.5788
79.26
79.4281
79.3339
79.4986
79.4071
78.8194
79.3315
79.6977
79.8485
80.1368
80.0956
80.121
80.0689
80.3147
78.0613
76.5519
82.7741
86.2827
87.8732
32.7802
57.7377
75.2615
82.9431
86.3793
86.0858
85.402
83.9022
82.0239
80.2578
78.6473
77.3389
76.2169
75.3379
74.6287
74.0579
73.6091
73.248
72.9767
72.77
72.6133
72.5021
72.4218
72.3662
72.311
72.2113
72.0698
71.9163
71.7676
71.6301
71.5067
71.3971
71.3015
71.2181
71.1464
71.0843
71.0314
70.9859
70.9471
70.914
70.8855
70.8615
70.8403
70.823
70.807
70.7947
70.7826
70.7735
70.7638
70.7584
70.7499
70.7492
70.738
70.746
70.7241
70.7514
70.6905
70.6752
70.4546
73.1122
76.6735
73.0238
69.5833
67.3748
65.9603
65.201
64.6025
64.3587
64.1482
63.9447
63.7214
63.5397
63.4041
63.2721
63.1881
63.0817
63.0349
62.9417
62.9378
62.7982
63.0036
62.4009
63.1595
62.7246
62.7322
63.3632
62.7205
63.0167
62.4892
63.2711
63.132
63.1587
62.9955
62.9021
63.2336
63.1434
63.1798
62.9776
63.1173
62.9116
63.1904
62.3839
63.6312
63.3791
61.0661
63.1526
64.9615
64.2514
63.7968
63.554
63.3017
63.2791
63.0321
63.2688
63.5837
63.72
63.3826
63.4031
63.0802
63.0427
63.5369
62.5018
62.6973
63.7001
63.6741
63.3494
63.4492
63.3438
63.2194
63.3228
63.259
63.0896
64.2174
62.1021
62.7774
64.3998
63.867
63.6753
63.414
63.4397
63.2733
63.2706
63.2666
63.2682
62.8009
63.5012
63.3516
63.3266
63.2078
63.1531
63.2332
63.2528
63.0627
63.4353
63.3108
63.3692
63.2292
63.176
63.1032
63.0951
63.0815
63.2636
63.2692
63.2214
63.1903
63.1412
63.223
62.9329
63.4723
63.0975
63.3741
63.1137
62.8441
62.6235
63.4767
63.4299
63.2286
63.2522
63.0696
63.2907
63.1447
63.0929
63.0469
63.4327
63.6928
61.4309
63.1682
63.8655
63.6623
63.3891
63.3141
63.2
63.0321
63.3193
62.917
63.4069
62.8199
63.3441
62.691
63.3522
62.8179
63.4461
63.0926
63.3304
62.9953
62.82
63.4977
62.9358
63.1529
63.9739
61.9863
62.24
64.0987
63.5236
63.6357
63.2274
63.2588
63.1609
63.1391
63.1079
63.0673
63.1201
63.0539
63.2411
62.6213
62.9827
63.1708
63.0379
63.204
63.2264
63.5071
63.1562
63.0387
63.6666
63.4898
63.1381
63.0294
63.145
63.1902
63.0915
63.1656
63.1477
63.0914
63.03
63.0534
63.162
63.0885
63.1084
63.2186
63.4097
63.3817
63.4427
63.3513
63.1353
63.0895
62.9072
63.0118
62.7171
63.0688
62.6722
63.0664
62.7935
63.1749
62.7539
62.549
63.1939
62.7736
63.1571
63.0775
63.4141
63.0975
63.4642
63.2373
63.3302
63.01
63.0708
62.8437
62.5414
63.3032
63.0561
62.9732
62.7619
62.8812
62.8166
62.9572
62.8735
62.4378
62.7653
63.0403
63.2034
63.4322
63.4032
63.4084
63.3982
63.6786
61.5428
59.5147
63.5688
66.2385
67.8716
18.1702
34.9658
50.5497
62.1851
69.5305
71.7764
72.4134
72.051
71.3372
70.2194
68.9246
67.7208
66.6022
65.6555
64.8367
64.1575
63.5933
63.1115
62.7202
62.393
62.1164
61.8872
61.6845
61.4996
61.2834
60.987
60.6766
60.3734
60.0896
59.83
59.5972
59.3904
59.2091
59.0509
58.9141
58.796
58.6947
58.6079
58.5336
58.4704
58.4159
58.3702
58.3301
58.2971
58.2672
58.2436
58.221
58.2036
58.1864
58.1746
58.1615
58.1555
58.142
58.144
58.1235
58.1412
58.0899
58.0653
57.821
60.0975
63.3502
61.2769
58.7852
56.8716
55.5256
54.7224
54.0779
53.7566
53.4911
53.3011
53.0651
52.8251
52.6179
52.3979
52.2355
52.0629
51.9543
51.8282
51.7686
51.6198
51.7112
51.2636
51.7915
51.455
51.4465
51.9161
51.4887
51.6836
51.2788
51.8355
51.7481
51.8024
51.6925
51.6227
51.852
51.7859
51.8205
51.6877
51.77
51.6224
51.7785
51.2041
52.1332
51.8264
50.0415
51.6319
53.0501
52.7004
52.4475
52.2555
52.0592
51.9992
51.7559
51.907
52.1611
52.2971
52.0586
52.0633
51.8071
51.7694
52.0815
51.2983
51.3989
52.1408
52.2111
52.0221
52.1245
52.043
51.9247
52.0002
51.9421
51.8147
52.4636
50.9006
51.3129
52.5852
52.3568
52.2976
52.0921
52.085
51.9462
51.9497
51.9379
51.9166
51.5767
52.0681
51.9621
51.9574
51.8692
51.8471
51.934
51.9453
51.8047
52.0587
51.9535
51.9851
51.8583
51.8144
51.7577
51.7567
51.7452
51.9001
51.9175
51.9037
51.8782
51.8334
51.8676
51.6544
52.0187
51.7545
51.9516
51.7311
51.5197
51.3294
51.9398
51.9398
51.8279
51.8587
51.7342
51.8876
51.746
51.7214
51.6845
51.988
52.0257
50.3178
51.5779
52.1776
52.1245
51.9581
51.9212
51.8249
51.6946
51.8885
51.6193
51.9252
51.5073
51.8309
51.3756
51.7995
51.3889
51.8451
51.6056
51.8305
51.5718
51.4455
51.9458
51.5321
51.7072
52.1952
50.7364
50.862
52.2627
51.9672
52.1351
51.83
51.8535
51.7723
51.7584
51.7262
51.6904
51.7128
51.6553
51.7615
51.2951
51.5493
51.6885
51.6013
51.7101
51.7144
51.8948
51.6235
51.5761
52.0571
51.9845
51.775
51.7
51.734
51.7472
51.6584
51.6947
51.6956
51.6664
51.6297
51.6771
51.7996
51.7458
51.7386
51.7672
51.9076
51.9209
51.9827
51.9042
51.707
51.6239
51.4668
51.5236
51.3384
51.5623
51.2813
51.5879
51.3892
51.6686
51.3386
51.1843
51.6757
51.4494
51.7173
51.5884
51.7848
51.5566
51.8388
51.6758
51.7628
51.5331
51.5952
51.4073
51.1768
51.67
51.4579
51.4389
51.2829
51.366
51.3226
51.4491
51.3793
51.0717
51.2887
51.4831
51.6089
51.7783
51.784
51.7987
51.8249
52.0478
50.124
48.1407
50.7473
52.6923
54.1077
10.3633
20.5126
31.4349
43.0681
53.0908
58.7494
61.5608
62.3031
62.2266
61.8894
61.3016
60.4866
59.5816
58.7215
57.9078
57.1897
56.5645
56.0161
55.5412
55.1183
54.7401
54.4038
54.08
53.751
53.3514
52.8717
52.413
51.9814
51.5826
51.2196
50.8938
50.6045
50.3503
50.1284
49.936
49.77
49.6272
49.505
49.4001
49.311
49.2341
49.1695
49.113
49.0664
49.0245
48.9909
48.9597
48.9349
48.9115
48.894
48.877
48.8662
48.8509
48.8477
48.8285
48.838
48.7956
48.7651
48.5347
50.4555
53.1695
52.1009
50.3954
48.8359
47.6604
46.8879
46.2764
45.9232
45.6309
45.461
45.211
44.9219
44.6684
44.3828
44.1578
43.9512
43.8044
43.6547
43.5538
43.3926
43.4129
43.0612
43.4314
43.1583
43.1389
43.4944
43.1906
43.3271
43.02
43.4232
43.3566
43.411
43.3357
43.2852
43.4536
43.4026
43.4313
43.34
43.3936
43.2848
43.365
42.9428
43.6576
43.358
41.9575
43.1625
44.2909
44.1419
43.9979
43.8592
43.716
43.6487
43.4197
43.5257
43.7282
43.8359
43.6536
43.6576
43.4544
43.4267
43.629
43.0159
43.073
43.6291
43.7263
43.625
43.7325
43.6637
43.5576
43.6175
43.5597
43.4625
43.8358
42.6381
42.9102
43.9044
43.8361
43.849
43.6894
43.6653
43.556
43.567
43.5562
43.5276
43.2716
43.6218
43.5344
43.5382
43.4754
43.4722
43.5521
43.5614
43.4637
43.6414
43.5455
43.557
43.4442
43.4071
43.3605
43.3621
43.3517
43.4826
43.5108
43.5213
43.5034
43.4631
43.4716
43.3101
43.5625
43.3656
43.5094
43.3203
43.1568
43.0165
43.4599
43.4608
43.3919
43.4242
43.3382
43.4486
43.3292
43.3257
43.2925
43.5331
43.4769
42.132
43.1077
43.5929
43.5994
43.4973
43.4888
43.4113
43.3137
43.4503
43.2613
43.4569
43.1498
43.3556
43.0422
43.32
42.9872
43.3164
43.142
43.3419
43.1412
43.0532
43.4274
43.1044
43.2555
43.5607
42.442
42.5133
43.5847
43.438
43.6221
43.3934
43.4184
43.3518
43.3421
43.311
43.2816
43.2867
43.2351
43.2909
42.9311
43.1152
43.2154
43.154
43.2148
43.1964
43.3189
43.1068
43.1096
43.4963
43.4741
43.3563
43.3223
43.3273
43.3313
43.2451
43.2455
43.2541
43.2638
43.2508
43.2865
43.3893
43.3481
43.3261
43.3093
43.3985
43.4089
43.4469
43.3798
43.2332
43.1514
43.0219
43.0568
42.9395
43.0956
42.9048
43.1462
42.9809
43.1856
42.9309
42.8132
43.2041
43.0929
43.2747
43.1176
43.2134
43.0359
43.2469
43.1275
43.2214
43.0662
43.1313
42.9783
42.8041
43.1306
42.9409
42.95
42.8267
42.8839
42.8544
42.9673
42.9153
42.6921
42.8386
42.9799
43.0635
43.1914
43.2297
43.2647
43.3154
43.4684
41.8214
40.0429
41.7103
43.1045
44.2436
5.91698
12.1739
18.7072
27.3314
37.1753
45.3782
50.7604
53.424
54.4854
54.7185
54.5257
54.2351
53.7951
53.2067
52.5515
51.905
51.29
50.7302
50.2147
49.7305
49.2716
48.8315
48.3744
47.8728
47.2845
46.6725
46.0962
45.5603
45.0676
44.6203
44.2192
43.8633
43.5505
43.2775
43.0407
42.8363
42.6605
42.5099
42.3805
42.2706
42.1758
42.096
42.0266
41.9688
41.9175
41.8757
41.8377
41.8069
41.7788
41.7566
41.7363
41.7218
41.7049
41.6977
41.6795
41.6827
41.6477
41.6151
41.4223
43.0066
45.2613
44.7475
43.6099
42.3907
41.42
40.728
40.1838
39.8276
39.5331
39.3682
39.109
38.7871
38.505
38.1791
37.9105
37.6898
37.523
37.3578
37.2297
37.0633
37.035
36.749
37.0107
36.7772
36.7501
37.0213
36.7912
36.8914
36.6573
36.9522
36.8925
36.9367
36.8826
36.8476
36.9767
36.9372
36.9613
36.8946
36.9332
36.8497
36.8917
36.5651
37.1293
36.8696
35.7555
36.6594
37.5749
37.5239
37.4397
37.3439
37.2445
37.1867
36.9794
37.0616
37.2212
37.2976
37.1491
37.1545
36.993
36.9762
37.1111
36.6235
36.6595
37.0832
37.1787
37.1293
37.2326
37.176
37.0874
37.1389
37.0818
37.0044
37.2357
36.2802
36.4702
37.2503
37.2542
37.2975
37.1733
37.1509
37.0737
37.0912
37.0858
37.0556
36.8574
37.1125
37.0317
37.0361
36.9911
36.9957
37.0606
37.0714
37.0068
37.1367
37.0487
37.0456
36.9466
36.9126
36.873
36.8729
36.8595
36.9705
37.0094
37.0381
37.0292
36.9941
36.9888
36.8635
37.045
36.8922
36.9988
36.8397
36.713
36.616
36.9466
36.9355
36.8852
36.9131
36.8515
36.9349
36.8429
36.8545
36.8245
37.0146
36.9254
35.8464
36.6345
37.0187
37.0397
36.9736
36.9808
36.9211
36.8482
36.9499
36.8109
36.9416
36.7094
36.8479
36.6313
36.8247
36.5547
36.7888
36.6491
36.8156
36.659
36.5966
36.8792
36.6146
36.7456
36.9524
36.0673
36.1127
36.9453
36.8681
37.0463
36.8824
36.9114
36.8595
36.8521
36.8232
36.7997
36.7964
36.7492
36.775
36.4871
36.6228
36.6982
36.6515
36.682
36.6491
36.7325
36.5644
36.5948
36.9163
36.9217
36.8552
36.8539
36.8625
36.8739
36.787
36.7549
36.7673
36.8105
36.8191
36.8333
36.8948
36.8532
36.835
36.804
36.8467
36.84
36.8553
36.7959
36.6919
36.6276
36.5264
36.5523
36.4776
36.5989
36.4727
36.6562
36.5165
36.6733
36.4735
36.3806
36.6981
36.6493
36.7654
36.5939
36.6263
36.4764
36.6328
36.5497
36.6481
36.5509
36.6203
36.5025
36.3699
36.5924
36.4193
36.44
36.3404
36.3751
36.3522
36.4507
36.4159
36.2488
36.3496
36.4566
36.5159
36.6192
36.6737
36.7297
36.794
36.8989
35.5435
34.0069
35.0586
36.0429
36.9244
3.62576
7.18342
11.3364
16.5752
23.8325
32.0996
39.2765
44.0909
46.9087
48.179
48.6445
48.697
48.5128
48.271
47.9417
47.5082
47.0047
46.5014
45.9921
45.4835
44.9627
44.4152
43.8094
43.1286
42.4017
41.7117
41.0531
40.4396
39.8762
39.3655
38.9085
38.5037
38.1484
37.8385
37.5699
37.3381
37.1386
36.9677
36.821
36.6961
36.5887
36.4979
36.4192
36.3532
36.2954
36.2474
36.205
36.1696
36.1383
36.1128
36.0901
36.0729
36.0549
36.0448
36.0275
36.0259
35.9969
35.9652
35.8164
37.0897
38.9827
38.7577
37.9918
37.0666
36.2953
35.7012
35.2325
34.8946
34.6131
34.4419
34.1757
33.8382
33.5391
33.1998
32.9111
32.6893
32.5179
32.3483
32.2065
32.0417
31.9813
31.742
31.9253
31.7179
31.6844
31.8865
31.7076
31.7791
31.6021
31.8212
31.7591
31.7907
31.749
31.7255
31.8242
31.7939
31.8148
31.7681
31.7952
31.7286
31.7485
31.4924
31.9453
31.7271
30.8407
31.5182
32.2613
32.2544
32.2072
32.1373
32.0689
32.0267
31.8554
31.9157
32.0389
32.0889
31.9678
31.9735
31.8443
31.837
31.9295
31.541
31.5666
31.8942
31.9753
31.9485
32.0375
31.9983
31.9329
31.9801
31.9256
31.8619
32.0021
31.2371
31.3789
31.9949
32.0227
32.0677
31.9711
31.9615
31.9147
31.9373
31.9386
31.9073
31.7518
31.9408
31.864
31.866
31.8316
31.8377
31.8847
31.8951
31.8565
31.953
31.8727
31.8625
31.7765
31.7445
31.7093
31.7083
31.6931
31.785
31.8287
31.871
31.8708
31.8413
31.8296
31.7316
31.8655
31.7459
31.8266
31.696
31.5977
31.531
31.7833
31.761
31.7192
31.7395
31.694
31.7615
31.6947
31.7128
31.6849
31.8364
31.7417
30.8784
31.5203
31.8229
31.8411
31.7934
31.8069
31.762
31.7082
31.7872
31.6825
31.7735
31.5958
31.6931
31.5386
31.6809
31.4678
31.6346
31.5161
31.6486
31.5251
31.4793
31.6967
31.4742
31.5826
31.7309
31.0227
31.0553
31.7063
31.658
31.8204
31.7085
31.7411
31.7023
31.6967
31.6718
31.6533
31.6455
31.6029
31.6105
31.3738
31.4748
31.5337
31.4975
31.5132
31.4742
31.526
31.3904
31.4343
31.7061
31.7293
31.6916
31.706
31.7286
31.7574
31.6742
31.6198
31.6354
31.7004
31.7195
31.7119
31.7304
31.6825
31.6785
31.6508
31.657
31.6338
31.6346
31.5801
31.5056
31.4601
31.3864
31.4076
31.3607
31.4613
31.3797
31.5141
31.3986
31.5241
31.3642
31.2881
31.5479
31.5316
31.5987
31.4258
31.4226
31.2925
31.4039
31.3457
31.4419
31.3866
31.4588
31.3738
31.275
31.4286
31.2694
31.2979
31.2166
31.2292
31.2085
31.2932
31.2724
31.146
31.2177
31.3017
31.3524
31.4415
31.501
31.5724
31.6415
31.7196
30.6403
29.3484
29.996
30.681
31.3472
2.39245
4.4011
6.82257
10.2966
14.7281
20.8802
27.8355
34.0477
38.6132
41.3721
42.9367
43.6238
43.8459
43.8311
43.6695
43.4536
43.166
42.8063
42.3597
41.856
41.2933
40.645
39.9037
39.1006
38.3255
37.5897
36.8812
36.218
35.609
35.0582
34.5666
34.1322
33.7516
33.4203
33.1332
32.8856
32.6726
32.4899
32.3333
32.1996
32.0849
31.9875
31.9036
31.8326
31.7711
31.7192
31.6745
31.6363
31.6033
31.5757
31.5517
31.5327
31.5143
31.5023
31.4858
31.4811
31.4569
31.4279
31.3201
32.3064
33.8774
33.8008
33.2782
32.5905
31.9912
31.4929
31.0926
30.79
30.5308
30.3532
30.0848
29.7483
29.4382
29.1032
28.8245
28.6145
28.448
28.2811
28.1337
27.9752
27.895
27.6904
27.8141
27.6274
27.5885
27.735
27.5926
27.6404
27.5053
27.6703
27.6039
27.6226
27.5893
27.573
27.6476
27.6246
27.643
27.6117
27.6297
27.575
27.5797
27.379
27.7451
27.5629
26.8655
27.3747
27.9689
27.9822
27.9579
27.9027
27.8545
27.8293
27.7005
27.7369
27.8278
27.8607
27.7633
27.7676
27.6636
27.6639
27.7292
27.422
27.4424
27.6982
27.7606
27.7382
27.8077
27.7852
27.7435
27.7896
27.7408
27.6881
27.7702
27.1601
27.2717
27.7601
27.7894
27.8217
27.7495
27.7538
27.729
27.7542
27.761
27.7301
27.6065
27.7471
27.6765
27.6766
27.6487
27.6525
27.6835
27.6907
27.6701
27.7415
27.6691
27.6574
27.5846
27.5549
27.5234
27.523
27.5085
27.5793
27.6215
27.6726
27.6803
27.6569
27.6433
27.5671
27.6671
27.5745
27.6367
27.5332
27.4581
27.4102
27.6045
27.5765
27.5396
27.5542
27.521
27.5775
27.5294
27.5473
27.5206
27.6423
27.5539
26.8748
27.388
27.627
27.6386
27.6003
27.6144
27.5806
27.5418
27.6042
27.5255
27.591
27.4556
27.5237
27.4081
27.514
27.351
27.4729
27.3724
27.4749
27.3762
27.3419
27.5134
27.3254
27.4091
27.5161
26.9534
26.98
27.4891
27.4547
27.5949
27.5193
27.5529
27.5248
27.5207
27.5011
27.487
27.4762
27.4389
27.4355
27.2405
27.3158
27.3618
27.3335
27.3423
27.3021
27.3299
27.2199
27.268
27.498
27.5324
27.5107
27.5287
27.5629
27.6049
27.5296
27.4715
27.4981
27.57
27.5831
27.56
27.5472
27.4947
27.506
27.4913
27.4716
27.4355
27.4281
27.3775
27.3216
27.2922
27.2431
27.261
27.2322
27.3167
27.2645
27.3607
27.2677
27.3695
27.241
27.1778
27.388
27.3863
27.4226
27.264
27.2441
27.1335
27.2046
27.1573
27.2456
27.2176
27.2882
27.2301
27.1606
27.2698
27.1247
27.1562
27.0883
27.0807
27.06
27.1323
27.1221
27.028
27.0816
27.149
27.1951
27.275
27.3374
27.4166
27.4841
27.5456
26.715
25.6612
26.0498
26.5226
27.0199
1.63556
2.97841
4.30272
6.39443
9.40658
13.2289
18.3329
24.1916
29.6636
33.8981
36.7223
38.4039
39.3313
39.7451
39.8498
39.7853
39.5985
39.3148
38.9349
38.4649
37.8842
37.1886
36.397
35.5931
34.8193
34.064
33.3355
32.6514
32.0236
31.4574
30.9537
30.5099
30.1219
29.7845
29.4924
29.2405
29.0237
28.8376
28.6781
28.5417
28.4249
28.3253
28.2397
28.167
28.1044
28.051
28.0057
27.9664
27.933
27.9046
27.8802
27.8605
27.8422
27.8291
27.8137
27.807
27.7868
27.7615
27.6873
28.4078
29.6913
29.6767
29.309
28.8016
28.3386
27.9277
27.5868
27.3253
27.0912
26.9123
26.6543
26.334
26.0233
25.708
25.4585
25.2677
25.106
24.9435
24.7951
24.6455
24.5548
24.3776
24.4546
24.2876
24.2446
24.346
24.2284
24.2528
24.1494
24.275
24.2081
24.2156
24.1885
24.1757
24.2313
24.2132
24.2274
24.2082
24.2196
24.1736
24.1686
24.0099
24.3043
24.1564
23.6188
24.0009
24.4668
24.4855
24.4746
24.4294
24.3934
24.383
24.2932
24.3085
24.3735
24.3956
24.3191
24.321
24.237
24.2429
24.2902
24.0517
24.0687
24.2682
24.313
24.2899
24.339
24.3262
24.3025
24.3484
24.3092
24.2671
24.3128
23.8339
23.9227
24.3084
24.3318
24.3493
24.2985
24.3115
24.2991
24.3235
24.3333
24.3059
24.2069
24.3097
24.2481
24.2479
24.2252
24.226
24.2446
24.246
24.2356
24.2887
24.2248
24.213
24.1536
24.1273
24.1004
24.1011
24.0851
24.1334
24.1714
24.2276
24.2428
24.2263
24.213
24.1543
24.2298
24.1583
24.2066
24.1292
24.0747
24.0382
24.1863
24.1572
24.1244
24.1361
24.1138
24.1604
24.1249
24.1397
24.1139
24.2105
24.1335
23.6134
24.0107
24.1988
24.2049
24.1729
24.1843
24.1579
24.1303
24.1795
24.1214
24.1709
24.0703
24.1144
24.0236
24.1004
23.9782
24.0699
23.9877
24.0656
23.9868
23.961
24.0991
23.9421
24.001
24.0759
23.6377
23.6613
24.0582
24.0328
24.1472
24.0945
24.126
24.106
24.1032
24.0889
24.0789
24.0666
24.0343
24.0247
23.8688
23.9254
23.9591
23.9356
23.9399
23.9017
23.9142
23.8265
23.8708
24.0622
24.1021
24.0896
24.1062
24.1425
24.1845
24.1201
24.0758
24.1151
24.1782
24.1794
24.1545
24.1325
24.0795
24.0995
24.1007
24.0651
24.0193
24.0068
23.9608
23.9174
23.9
23.8696
23.8859
23.8676
23.9366
23.9015
23.9691
23.8972
23.9787
23.8777
23.826
23.9905
23.9907
24.0121
23.8818
23.8607
23.7714
23.8074
23.7628
23.8374
23.8234
23.8863
23.8478
23.8023
23.8885
23.7652
23.789
23.7283
23.7034
23.6812
23.7418
23.74
23.6729
23.7166
23.7711
23.81
23.8811
23.947
24.0271
24.0891
24.139
23.5225
22.6976
22.9297
23.2588
23.63
1.1693
2.15531
2.98942
4.18671
6.06745
8.72048
11.9398
16.2004
21.1105
25.9192
29.8494
32.6763
34.4848
35.57
36.1492
36.377
36.3653
36.1616
35.8084
35.3309
34.7166
34.0211
33.2656
32.5036
31.7438
30.9967
30.2757
29.5985
28.9785
28.4216
27.9281
27.4943
27.1156
26.7865
26.5015
26.2555
26.0436
25.8615
25.7052
25.5714
25.4567
25.3586
25.2745
25.2027
25.1411
25.0884
25.0439
25.0051
24.9723
24.9442
24.9202
24.9006
24.8828
24.8695
24.8553
24.8475
24.8308
24.8094
24.7603
25.2372
26.2538
26.2563
25.9847
25.6076
25.2478
24.9132
24.6255
24.4013
24.1921
24.0194
23.7831
23.4902
23.1958
22.9133
22.6917
22.5179
22.3588
22.2003
22.0559
21.9166
21.8215
21.6669
21.7063
21.5603
21.5138
21.578
21.4779
21.4803
21.3994
21.4941
21.4327
21.431
21.408
21.396
21.4355
21.4203
21.4299
21.4199
21.4266
21.3873
21.3765
21.2518
21.4837
21.3684
20.9674
21.2507
21.6068
21.6231
21.6188
21.5819
21.5547
21.5529
21.4911
21.495
21.5418
21.5562
21.4975
21.4975
21.4302
21.4388
21.4737
21.294
21.3076
21.4614
21.4918
21.4688
21.4993
21.4892
21.4771
21.5216
21.4936
21.4621
21.4854
21.1209
21.1892
21.4889
21.5052
21.5117
21.4774
21.4926
21.4862
21.5071
21.5173
21.4966
21.419
21.4915
21.44
21.4403
21.4224
21.4207
21.4302
21.4251
21.4196
21.4601
21.4049
21.392
21.3452
21.3243
21.3033
21.3035
21.2838
21.3139
21.3468
21.4019
21.4229
21.4133
21.4013
21.357
21.4142
21.3591
21.3966
21.3433
21.3076
21.2791
21.3882
21.3604
21.3321
21.3418
21.3295
21.366
21.3393
21.3509
21.3263
21.4003
21.3371
20.9529
21.2489
21.3944
21.397
21.3706
21.3775
21.3556
21.3357
21.3738
21.3323
21.3725
21.3011
21.3248
21.2513
21.3036
21.2136
21.2832
21.2189
21.2772
21.2159
21.1962
21.3055
21.1788
21.2164
21.2655
20.9349
20.9568
21.2632
21.2452
21.3326
21.2939
21.3206
21.3071
21.3048
21.2948
21.2888
21.2766
21.2486
21.2368
21.1191
21.1613
21.1826
21.1609
21.162
21.1282
21.1322
21.0651
21.1004
21.2544
21.2956
21.2887
21.3028
21.3332
21.3653
21.32
21.2938
21.3313
21.3808
21.3768
21.359
21.3451
21.2978
21.3184
21.3318
21.2897
21.2383
21.2209
21.1801
21.1478
21.1388
21.1218
21.136
21.1229
21.176
21.1507
21.197
21.1435
21.2064
21.1306
21.0899
21.2111
21.2045
21.2194
21.1263
21.1178
21.0499
21.0562
21.0142
21.0717
21.0613
21.1114
21.0859
21.0582
21.1343
21.0423
21.0531
20.9937
20.9541
20.929
20.9782
20.9823
20.9382
20.9757
21.0202
21.0498
21.1118
21.1797
21.2555
21.3109
21.3524
20.9098
20.3056
20.453
20.6918
20.9733
0.894893
1.60961
2.24663
3.03988
4.14621
5.87644
8.16444
10.9012
14.4138
18.5546
22.7179
26.3567
29.1177
31.0254
32.2233
32.9115
33.2246
33.2282
32.9907
32.5671
31.9821
31.3089
30.5809
29.829
29.0802
28.3469
27.6451
26.9932
26.4031
25.8776
25.4138
25.0067
24.6512
24.3418
24.0734
23.8412
23.6408
23.4681
23.3196
23.1921
23.0827
22.989
22.9085
22.8396
22.7805
22.73
22.6872
22.65
22.6186
22.5915
22.5685
22.5495
22.5327
22.5197
22.5067
22.4985
22.4846
22.4673
22.4349
22.7394
23.469
23.4601
23.2443
22.9574
22.6733
22.4007
22.1586
21.9652
21.7804
21.6179
21.4093
21.1523
20.887
20.641
20.4426
20.2804
20.1244
19.9703
19.8329
19.7041
19.6081
19.472
19.4803
19.3558
19.3063
19.3397
19.2542
19.2385
19.1732
19.2416
19.1883
19.1788
19.1581
19.1453
19.1682
19.1545
19.1628
19.1597
19.1627
19.1287
19.1155
19.0217
19.1969
19.1098
18.8253
19.0315
19.2953
19.3057
19.3031
19.2731
19.2531
19.2532
19.2106
19.2136
19.2486
19.2552
19.2108
19.2101
19.1575
19.1658
19.1917
19.062
19.0723
19.1884
19.207
19.185
19.2006
19.1907
19.186
19.2264
19.2085
19.1864
19.1961
18.9316
18.9814
19.2073
19.2165
19.2164
19.1938
19.2067
19.2026
19.2191
19.2282
19.2156
19.1577
19.2061
19.165
19.1653
19.1514
19.148
19.1506
19.1408
19.1377
19.1678
19.1214
19.1074
19.0719
19.0578
19.0432
19.0408
19.0182
19.0366
19.065
19.112
19.1351
19.1311
19.1212
19.089
19.1314
19.0904
19.1198
19.0864
19.0672
19.046
19.1214
19.0967
19.0732
19.0802
19.0746
19.1025
19.0837
19.092
19.0694
19.123
19.074
18.8041
19.0158
19.1246
19.125
19.1034
19.1051
19.0858
19.0711
19.0995
19.071
19.1057
19.0587
19.0666
19.0076
19.0386
18.9734
19.0254
18.9777
19.0204
18.9753
18.9596
19.04
18.9428
18.9656
18.9942
18.756
18.776
19.0082
18.9963
19.0578
19.0281
19.0486
19.0402
19.0375
19.031
19.0288
19.0177
18.9937
18.9828
18.9008
18.9308
18.9397
18.9184
18.9177
18.8908
18.8899
18.841
18.8668
18.9865
19.0263
19.0224
19.0327
19.0552
19.0773
19.0546
19.0409
19.0638
19.1017
19.1002
19.0905
19.0868
19.0498
19.0686
19.0868
19.0457
18.994
18.974
18.9391
18.9168
18.9135
18.9058
18.9167
18.9059
18.9444
18.927
18.9571
18.9177
18.9628
18.9089
18.8784
18.9595
18.9435
18.9549
18.9001
18.909
18.8582
18.8434
18.8074
18.8488
18.8372
18.8715
18.8545
18.8398
18.9073
18.8489
18.8498
18.7918
18.7414
18.7131
18.7502
18.7574
18.7323
18.7636
18.7999
18.8239
18.877
18.9423
19.0106
19.0599
19.0965
18.7814
18.3971
18.5028
18.6923
18.9132
0.746958
1.24727
1.80332
2.39845
3.14797
4.20269
5.74247
7.75817
10.066
13.0148
16.4533
20.0571
23.3339
25.9842
27.9051
29.1821
29.9286
30.2649
30.2753
30.0278
29.5716
28.9679
28.2793
27.5498
26.8106
26.0869
25.4159
24.8123
24.2754
23.7999
23.3802
23.0111
22.6876
22.4049
22.1587
21.9449
21.7595
21.5993
21.4611
21.3421
21.2396
21.1516
21.0758
21.0109
20.955
20.9074
20.8669
20.8319
20.8022
20.7766
20.7549
20.7369
20.7211
20.7089
20.697
20.6889
20.6773
20.6636
20.6411
20.8331
21.2886
21.2416
21.0523
20.8242
20.5925
20.3671
20.1611
19.9915
19.8282
19.6792
19.5
19.2806
19.0482
18.8358
18.6598
18.5059
18.3544
18.206
18.0757
17.9566
17.8607
17.7397
17.7219
17.6172
17.5653
17.5739
17.5018
17.473
17.4201
17.4643
17.4187
17.4019
17.3829
17.3682
17.3758
17.3629
17.372
17.3734
17.3726
17.3432
17.3311
17.2667
17.3891
17.3247
17.1382
17.2855
17.4735
17.4783
17.4733
17.4485
17.4324
17.4326
17.4071
17.4129
17.4389
17.4378
17.404
17.4028
17.3634
17.3702
17.3887
17.3006
17.3085
17.394
17.4023
17.382
17.3875
17.378
17.3783
17.4119
17.4011
17.3865
17.3878
17.2081
17.2434
17.407
17.4094
17.4044
17.3898
17.3991
17.3957
17.4082
17.4161
17.4103
17.3704
17.3999
17.3689
17.3678
17.3568
17.3525
17.3502
17.3385
17.3371
17.3578
17.3199
17.3053
17.2799
17.2721
17.2633
17.2579
17.2338
17.2432
17.2673
17.3046
17.3269
17.3264
17.319
17.2972
17.3274
17.2994
17.3225
17.3044
17.2981
17.2846
17.332
17.3112
17.2922
17.2947
17.292
17.3135
17.3029
17.3077
17.2878
17.3239
17.2882
17.1121
17.2569
17.3346
17.3332
17.3154
17.3117
17.2945
17.283
17.303
17.2841
17.3138
17.2857
17.2847
17.2402
17.2528
17.2056
17.2429
17.2102
17.2407
17.21
17.1969
17.2509
17.1809
17.1939
17.2056
17.0442
17.063
17.2326
17.2242
17.2634
17.2414
17.2559
17.2514
17.2477
17.2441
17.2448
17.2352
17.2151
17.2072
17.156
17.1744
17.1723
17.1515
17.1504
17.1318
17.1277
17.0942
17.1135
17.2038
17.2408
17.2383
17.2434
17.2596
17.275
17.2662
17.2584
17.2689
17.297
17.3002
17.2961
17.2986
17.2755
17.2892
17.3031
17.2683
17.2232
17.205
17.1775
17.1623
17.1629
17.1606
17.168
17.1588
17.1867
17.1758
17.1924
17.1641
17.1934
17.1577
17.1352
17.1823
17.1604
17.1679
17.1429
17.1627
17.1252
17.1015
17.0743
17.1027
17.0892
17.1079
17.0971
17.0923
17.1477
17.1164
17.1132
17.0626
17.0085
16.9778
17.001
17.0078
16.9977
17.0213
17.0505
17.0749
17.1213
17.1797
17.239
17.283
17.3179
17.1027
16.9209
17.0022
17.1746
17.3566
0.667592
1.01887
1.51982
2.02284
2.60288
3.3347
4.31445
5.70929
7.4803
9.5364
11.9881
14.8784
17.9293
20.8144
23.2414
25.0933
26.3584
27.13
27.504
27.5459
27.318
26.861
26.2398
25.5436
24.8468
24.1986
23.6094
23.0832
22.6148
22.198
21.8277
21.4997
21.2103
20.9556
20.7324
20.5374
20.3675
20.2199
20.0921
19.9817
19.8863
19.804
19.733
19.672
19.6195
19.5747
19.5364
19.5037
19.4757
19.4517
19.4312
19.4143
19.3994
19.3882
19.3772
19.3696
19.3596
19.3489
19.3314
19.437
19.673
19.5731
19.3932
19.1994
19.0011
18.8092
18.6299
18.4774
18.3311
18.1964
18.0443
17.8582
17.6568
17.4723
17.3157
17.1677
17.0222
16.8811
16.7574
16.6451
16.5495
16.4396
16.401
16.3133
16.2594
16.2493
16.1889
16.1519
16.1093
16.1321
16.0924
16.0688
16.0518
16.0345
16.0311
16.02
16.0292
16.0316
16.0272
16.0015
15.9933
15.9551
16.0294
15.9828
15.8759
15.9802
16.1084
16.1092
16.0994
16.0784
16.0643
16.0662
16.0557
16.0629
16.0808
16.074
16.0472
16.0446
16.0166
16.0218
16.0338
15.9783
15.9855
16.0473
16.0471
16.028
16.0279
16.0203
16.0236
16.0486
16.0419
16.033
16.029
15.9166
15.943
16.057
16.0533
16.0434
16.0339
16.0403
16.0376
16.0468
16.0537
16.0524
16.0281
16.0434
16.0212
16.0175
16.0083
16.0036
15.9989
15.9876
15.9869
16.001
15.9712
15.9551
15.9387
15.9347
15.9304
15.9229
15.899
15.8994
15.9191
15.9481
15.9686
15.9693
15.9649
15.9515
15.9723
15.9566
15.9746
15.9669
15.9698
15.9645
15.9909
15.9739
15.9578
15.9549
15.9521
15.9687
15.966
15.9677
15.9511
15.9723
15.948
15.8457
15.9402
15.9929
15.9898
15.9749
15.9663
15.9511
15.9413
15.9547
15.9424
15.965
15.9496
15.9472
15.9174
15.9159
15.8811
15.9048
15.8857
15.9065
15.888
15.8765
15.9103
15.8645
15.8691
15.8675
15.7651
15.7842
15.9021
15.8944
15.9155
15.9019
15.9114
15.91
15.9045
15.9038
15.9057
15.8975
15.8813
15.8778
15.8501
15.8567
15.847
15.8273
15.8261
15.8142
15.8091
15.7889
15.8038
15.8706
15.9048
15.9032
15.9041
15.9153
15.9245
15.921
15.9168
15.9215
15.9409
15.9479
15.9465
15.9507
15.9407
15.9469
15.9533
15.9277
15.8947
15.881
15.86
15.8475
15.8512
15.8516
15.8563
15.8489
15.8699
15.8639
15.8693
15.851
15.8675
15.8465
15.829
15.8501
15.8276
15.8309
15.8224
15.8427
15.8184
15.7956
15.7768
15.7946
15.7808
15.7864
15.7812
15.7842
15.8264
15.8121
15.8082
15.7701
15.72
15.6889
15.6967
15.7007
15.7018
15.7191
15.7432
15.7695
15.8117
15.8611
15.912
15.9513
15.9874
15.8711
15.8412
15.9266
16.0835
16.2391
0.622396
0.885226
1.33967
1.80915
2.30768
2.89172
3.61254
4.55194
5.8524
7.42613
9.33091
11.5251
13.9598
16.5133
18.9664
21.1128
22.8006
24.0117
24.8021
25.1833
25.1849
24.9045
24.4571
23.9082
23.3404
22.8098
22.319
21.8714
21.4665
21.1017
20.774
20.4808
20.2197
19.9882
19.7838
19.6041
19.4468
19.3095
19.1901
19.0866
18.9967
18.919
18.8516
18.7938
18.7439
18.7014
18.6648
18.6339
18.6071
18.5845
18.565
18.549
18.5348
18.5248
18.5141
18.5073
18.4981
18.4898
18.474
18.5144
18.5938
18.4421
18.2661
18.0893
17.9101
17.7401
17.5782
17.4375
17.3027
17.1791
17.0473
16.8873
16.7112
16.5475
16.4044
16.259
16.1199
15.9863
15.8687
15.7593
15.6642
15.5608
15.5075
15.4336
15.3777
15.3558
15.304
15.2636
15.2281
15.2336
15.1985
15.1684
15.1545
15.1344
15.1248
15.116
15.1261
15.1259
15.1187
15.0948
15.0921
15.0741
15.1088
15.0752
15.0271
15.103
15.186
15.1872
15.1717
15.1539
15.1412
15.1462
15.1459
15.1518
15.1629
15.1541
15.1308
15.1256
15.1066
15.1102
15.1177
15.085
15.0923
15.1376
15.1312
15.1127
15.1098
15.105
15.1097
15.1258
15.1214
15.1163
15.1094
15.0432
15.0674
15.1451
15.1363
15.1218
15.1157
15.1206
15.1192
15.1257
15.1309
15.1329
15.1197
15.1253
15.1104
15.1036
15.0956
15.0909
15.0854
15.0759
15.0747
15.0853
15.0623
15.0436
15.0341
15.0312
15.0298
15.0197
14.9984
14.9924
15.0095
15.0298
15.0492
15.0487
15.0478
15.0395
15.0549
15.0482
15.0618
15.0615
15.0711
15.0728
15.0857
15.0719
15.0564
15.0494
15.0448
15.0572
15.0611
15.0597
15.0468
15.0563
15.0409
14.9911
15.0513
15.0864
15.0815
15.0689
15.0559
15.043
15.0336
15.0426
15.034
15.0493
15.041
15.0413
15.0225
15.014
14.9884
14.999
14.9909
15.0046
14.9954
14.9844
15.0052
14.9784
14.9746
14.965
14.9016
14.9224
15.0035
14.9957
15.0008
14.9963
15.0006
15.003
14.9937
14.997
14.9971
14.9918
14.9773
14.9805
14.9678
14.9613
14.9494
14.9298
14.9305
14.9214
14.9147
14.9069
14.9175
14.9685
15.0009
14.9987
14.9992
15.0062
15.0083
15.0062
15.0066
15.0107
15.0222
15.0321
15.0317
15.034
15.0296
15.0316
15.0337
15.017
14.9974
14.9889
14.9733
14.9579
14.964
14.965
14.9687
14.9631
14.9795
14.9773
14.9749
14.9643
14.9715
14.9621
14.9469
14.9505
14.9314
14.9314
14.9285
14.9437
14.9314
14.9129
14.8996
14.9079
14.8961
14.8927
14.893
14.9018
14.9337
14.9277
14.922
14.8975
14.8558
14.8259
14.8198
14.821
14.83
14.8446
14.8665
14.8931
14.9327
14.9734
15.0184
15.0533
15.0924
15.0645
15.1308
15.2359
15.3783
15.5155
0.596819
0.823069
1.25135
1.71133
2.17642
2.70094
3.32242
4.0923
5.08715
6.35323
7.88981
9.62689
11.6128
13.8104
16.085
18.266
20.1513
21.6719
22.8048
23.4942
23.74
23.6583
23.3893
22.9896
22.5326
22.0781
21.6464
21.2456
20.8781
20.5434
20.2403
19.967
19.722
19.5036
19.3097
19.1386
18.9883
18.8567
18.742
18.6423
18.5553
18.4799
18.4144
18.3582
18.3096
18.2682
18.2326
18.2026
18.1766
18.1548
18.1356
18.1204
18.1064
18.0979
18.0867
18.0811
18.0714
18.0651
18.049
18.0514
18.0443
17.8692
17.6859
17.5136
17.3416
17.1838
17.0282
16.8954
16.7638
16.6465
16.5254
16.3809
16.2197
16.0677
15.9318
15.787
15.6508
15.5204
15.4096
15.3026
15.208
15.1073
15.046
14.9797
14.9214
14.8936
14.8454
14.8061
14.7737
14.7701
14.7374
14.7023
14.6905
14.6669
14.6544
14.6448
14.6595
14.6561
14.6474
14.6234
14.6265
14.6207
14.6323
14.6049
14.5887
14.6506
14.7144
14.7132
14.6937
14.6769
14.6647
14.6734
14.6787
14.6834
14.691
14.6816
14.6587
14.651
14.638
14.6397
14.646
14.6253
14.6355
14.6712
14.6611
14.6421
14.638
14.6357
14.6415
14.6513
14.6488
14.6449
14.6372
14.5963
14.6217
14.6784
14.6664
14.6473
14.6429
14.6478
14.6485
14.6538
14.6567
14.6608
14.6524
14.6521
14.642
14.6324
14.625
14.6196
14.6149
14.6066
14.6052
14.6144
14.5951
14.5746
14.5697
14.5668
14.5665
14.5531
14.5359
14.5291
14.545
14.5624
14.5778
14.5763
14.5767
14.5719
14.5841
14.5841
14.5923
14.5953
14.6097
14.6157
14.6209
14.6086
14.5919
14.5837
14.5761
14.5844
14.5944
14.59
14.5803
14.5829
14.5732
14.5517
14.5937
14.6203
14.6134
14.6026
14.5856
14.575
14.5646
14.5723
14.5642
14.5755
14.5687
14.5719
14.5559
14.5485
14.5296
14.5299
14.5296
14.539
14.5358
14.5246
14.5398
14.5242
14.5161
14.5017
14.4621
14.485
14.5436
14.5351
14.5313
14.5305
14.5328
14.5365
14.526
14.5305
14.5308
14.5259
14.5152
14.5215
14.5155
14.5018
14.4875
14.4706
14.4715
14.4637
14.4558
14.4533
14.464
14.5052
14.5369
14.5347
14.5343
14.5411
14.5402
14.5345
14.535
14.5421
14.5489
14.5597
14.5592
14.559
14.5542
14.5562
14.5571
14.5468
14.5366
14.533
14.5208
14.5027
14.5082
14.5075
14.5119
14.5068
14.522
14.5235
14.5171
14.5083
14.5099
14.5072
14.4925
14.4876
14.4719
14.4705
14.4693
14.4803
14.4744
14.4592
14.4485
14.4489
14.4401
14.4317
14.4369
14.4491
14.4763
14.4725
14.4638
14.4485
14.4122
14.3841
14.3694
14.3696
14.3826
14.3965
14.4188
14.4439
14.4837
14.519
14.5613
14.5931
14.6352
14.659
14.7752
14.8977
15.0327
15.1625
)
;

boundaryField
{
    inlet
    {
        type            fixedValue;
        value           uniform 0.48;
    }
    outlet
    {
        type            zeroGradient;
    }
    sideWall
    {
        type            empty;
    }
    bed
    {
        type            omegaWallFunction;
        refValue        nonuniform List<scalar> 
300
(
989.58
794.702
687.066
687.85
677.682
677.46
672.401
672.114
670.32
670.981
671.164
672.329
673.537
675.417
677.199
679.431
681.709
684.257
686.784
689.538
692.444
695.435
698.514
701.623
704.755
707.943
710.932
713.553
715.764
717.615
719.157
720.435
721.502
722.379
723.117
723.718
724.234
724.646
725.014
725.297
725.566
725.757
725.965
726.091
726.258
726.333
726.466
726.485
726.649
726.568
726.853
726.518
727.152
726.211
727.808
725.275
729.468
723.076
735.95
711.665
609.82
617.337
639.011
638.092
644.776
642.066
644.935
642.115
643.395
642.637
642.168
646.45
647.285
648.256
647.003
648.774
646.197
649.131
644.415
653.191
640.468
657.459
645.053
638.875
664.572
628.866
652.016
645.586
655.609
647.797
638.813
646.718
639.818
652.357
638.255
642.311
641.479
646.997
638.911
648.392
637.047
656.897
648.287
609.118
687.136
679.308
621.638
638.319
643.192
639.169
646.607
645.655
649.681
648.65
644.376
638.625
647.096
644.873
640.906
654.756
635.325
653.488
665.814
641.073
638.865
647.164
642.75
643.474
648.462
647.674
638.964
660.33
627.197
660.106
686.967
629.077
641.907
644.398
645.552
645.12
646.538
647.253
648.016
642.037
655.891
645.578
642.746
648.466
643.674
647.554
645.16
644.513
652.561
643.24
644.837
647.907
646.457
648.798
647.482
648.648
648.07
648.643
647.284
650.244
646.135
652.04
643.963
657.084
642.644
650.509
648.998
646.626
656.448
660.893
649.599
641.348
653.472
646.105
652.179
647.164
648.095
650.979
646.965
657.653
617.704
682.337
672.297
631.689
647.7
644.203
650.728
643.402
656.43
639.229
653.733
641.249
652.637
642.121
652.674
643.726
650.086
645.74
645.978
651.967
639.964
664.482
638.451
645.41
663.832
627.366
659.357
692.501
630.039
647.563
649.231
647.288
654.109
645.786
652.372
648.547
653.521
647.502
654.744
645.999
658.885
658.531
643.362
653.837
648.439
651.405
646.512
649.693
662.709
646.102
643.578
651.989
649.318
649.149
648.809
649.868
648.483
648.315
649.343
647.914
650.019
647.537
648.608
646.981
646.618
645.931
646.645
649.144
648.283
651.737
646.194
652.729
644.74
654.448
644.752
652.096
645.77
651.155
650.724
642.532
668.324
640.172
648.072
644.619
646.673
645.888
648.972
643.693
646.187
646.826
645.249
649.996
640.3
662.351
641.776
644.998
647.485
647.266
649.915
647.341
649.639
642.083
655.057
653.96
648.887
653.353
651.654
655.417
650.463
657.92
646.423
669.119
780.06
753.984
717.667
726.734
)
;
        value           nonuniform List<scalar> 
300
(
989.58
794.702
687.066
687.85
677.682
677.46
672.401
672.114
670.32
670.981
671.164
672.329
673.537
675.417
677.199
679.431
681.709
684.257
686.784
689.538
692.444
695.435
698.514
701.623
704.755
707.943
710.932
713.553
715.764
717.615
719.157
720.435
721.502
722.379
723.117
723.718
724.234
724.646
725.014
725.297
725.566
725.757
725.965
726.091
726.258
726.333
726.466
726.485
726.649
726.568
726.853
726.518
727.152
726.211
727.808
725.275
729.468
723.076
735.95
711.665
609.82
617.337
639.011
638.092
644.776
642.066
644.935
642.115
643.395
642.637
642.168
646.45
647.285
648.256
647.003
648.774
646.197
649.131
644.415
653.191
640.468
657.459
645.053
638.875
664.572
628.866
652.016
645.586
655.609
647.797
638.813
646.718
639.818
652.357
638.255
642.311
641.479
646.997
638.911
648.392
637.047
656.897
648.287
609.118
687.136
679.308
621.638
638.319
643.192
639.169
646.607
645.655
649.681
648.65
644.376
638.625
647.096
644.873
640.906
654.756
635.325
653.488
665.814
641.073
638.865
647.164
642.75
643.474
648.462
647.674
638.964
660.33
627.197
660.106
686.967
629.077
641.907
644.398
645.552
645.12
646.538
647.253
648.016
642.037
655.891
645.578
642.746
648.466
643.674
647.554
645.16
644.513
652.561
643.24
644.837
647.907
646.457
648.798
647.482
648.648
648.07
648.643
647.284
650.244
646.135
652.04
643.963
657.084
642.644
650.509
648.998
646.626
656.448
660.893
649.599
641.348
653.472
646.105
652.179
647.164
648.095
650.979
646.965
657.653
617.704
682.337
672.297
631.689
647.7
644.203
650.728
643.402
656.43
639.229
653.733
641.249
652.637
642.121
652.674
643.726
650.086
645.74
645.978
651.967
639.964
664.482
638.451
645.41
663.832
627.366
659.357
692.501
630.039
647.563
649.231
647.288
654.109
645.786
652.372
648.547
653.521
647.502
654.744
645.999
658.885
658.531
643.362
653.837
648.439
651.405
646.512
649.693
662.709
646.102
643.578
651.989
649.318
649.149
648.809
649.868
648.483
648.315
649.343
647.914
650.019
647.537
648.608
646.981
646.618
645.931
646.645
649.144
648.283
651.737
646.194
652.729
644.74
654.448
644.752
652.096
645.77
651.155
650.724
642.532
668.324
640.172
648.072
644.619
646.673
645.888
648.972
643.693
646.187
646.826
645.249
649.996
640.3
662.351
641.776
644.998
647.485
647.266
649.915
647.341
649.639
642.083
655.057
653.96
648.887
653.353
651.654
655.417
650.463
657.92
646.423
669.119
780.06
753.984
717.667
726.734
)
;
        Cmu             0.09;
        kappa           0.41;
        E               9.8;
        beta1           0.075;
    }
    topWall
    {
        type            slip;
        value           nonuniform List<scalar> 
300
(
0.596819
0.823069
1.25135
1.71133
2.17642
2.70094
3.32242
4.0923
5.08715
6.35323
7.88981
9.62689
11.6128
13.8104
16.085
18.266
20.1513
21.6719
22.8048
23.4942
23.74
23.6583
23.3893
22.9896
22.5326
22.0781
21.6464
21.2456
20.8781
20.5434
20.2403
19.967
19.722
19.5036
19.3097
19.1386
18.9883
18.8567
18.742
18.6423
18.5553
18.4799
18.4144
18.3582
18.3096
18.2682
18.2326
18.2026
18.1766
18.1548
18.1356
18.1204
18.1064
18.0979
18.0867
18.0811
18.0714
18.0651
18.049
18.0514
18.0443
17.8692
17.6859
17.5136
17.3416
17.1838
17.0282
16.8954
16.7638
16.6465
16.5254
16.3809
16.2197
16.0677
15.9318
15.787
15.6508
15.5204
15.4096
15.3026
15.208
15.1073
15.046
14.9797
14.9214
14.8936
14.8454
14.8061
14.7737
14.7701
14.7374
14.7023
14.6905
14.6669
14.6544
14.6448
14.6595
14.6561
14.6474
14.6234
14.6265
14.6207
14.6323
14.6049
14.5887
14.6506
14.7144
14.7132
14.6937
14.6769
14.6647
14.6734
14.6787
14.6834
14.691
14.6816
14.6587
14.651
14.638
14.6397
14.646
14.6253
14.6355
14.6712
14.6611
14.6421
14.638
14.6357
14.6415
14.6513
14.6488
14.6449
14.6372
14.5963
14.6217
14.6784
14.6664
14.6473
14.6429
14.6478
14.6485
14.6538
14.6567
14.6608
14.6524
14.6521
14.642
14.6324
14.625
14.6196
14.6149
14.6066
14.6052
14.6144
14.5951
14.5746
14.5697
14.5668
14.5665
14.5531
14.5359
14.5291
14.545
14.5624
14.5778
14.5763
14.5767
14.5719
14.5841
14.5841
14.5923
14.5953
14.6097
14.6157
14.6209
14.6086
14.5919
14.5837
14.5761
14.5844
14.5944
14.59
14.5803
14.5829
14.5732
14.5517
14.5937
14.6203
14.6134
14.6026
14.5856
14.575
14.5646
14.5723
14.5642
14.5755
14.5687
14.5719
14.5559
14.5485
14.5296
14.5299
14.5296
14.539
14.5358
14.5246
14.5398
14.5242
14.5161
14.5017
14.4621
14.485
14.5436
14.5351
14.5313
14.5305
14.5328
14.5365
14.526
14.5305
14.5308
14.5259
14.5152
14.5215
14.5155
14.5018
14.4875
14.4706
14.4715
14.4637
14.4558
14.4533
14.464
14.5052
14.5369
14.5347
14.5343
14.5411
14.5402
14.5345
14.535
14.5421
14.5489
14.5597
14.5592
14.559
14.5542
14.5562
14.5571
14.5468
14.5366
14.533
14.5208
14.5027
14.5082
14.5075
14.5119
14.5068
14.522
14.5235
14.5171
14.5083
14.5099
14.5072
14.4925
14.4876
14.4719
14.4705
14.4693
14.4803
14.4744
14.4592
14.4485
14.4489
14.4401
14.4317
14.4369
14.4491
14.4763
14.4725
14.4638
14.4485
14.4122
14.3841
14.3694
14.3696
14.3826
14.3965
14.4188
14.4439
14.4837
14.519
14.5613
14.5931
14.6352
14.659
14.7752
14.8977
15.0327
15.1625
)
;
    }
}


// ************************************************************************* //
