/*--------------------------------*- C++ -*----------------------------------*\
| =========                 |                                                 |
| \\      /  F ield         | foam-extend: Open Source CFD                    |
|  \\    /   O peration     | Version:     3.2                                |
|   \\  /    A nd           | Web:         http://www.foam-extend.org         |
|    \\/     M anipulation  | For copyright notice see file Copyright         |
\*---------------------------------------------------------------------------*/
FoamFile
{
    version     2.0;
    format      ascii;
    class       surfaceScalarField;
    location    "200";
    object      phi;
}
// * * * * * * * * * * * * * * * * * * * * * * * * * * * * * * * * * * * * * //

dimensions      [0 3 -1 0 0 0 0];

internalField   nonuniform List<scalar> 
4492
(
1.68274e-05
5.11007e-06
1.37247e-05
3.10278e-06
1.18007e-05
1.92392e-06
1.09242e-05
8.76536e-07
1.05745e-05
3.497e-07
1.04423e-05
1.32168e-07
1.0418e-05
2.42981e-08
1.04308e-05
-1.27572e-08
1.04627e-05
-3.19295e-08
1.0506e-05
-4.32389e-08
1.05506e-05
-4.46424e-08
1.05916e-05
-4.10185e-08
1.06344e-05
-4.27639e-08
1.06763e-05
-4.19034e-08
1.07164e-05
-4.00963e-08
1.07597e-05
-4.33624e-08
1.08033e-05
-4.35607e-08
1.08468e-05
-4.34938e-08
1.08905e-05
-4.37011e-08
1.09341e-05
-4.35988e-08
1.09776e-05
-4.35473e-08
1.10236e-05
-4.59157e-08
1.10728e-05
-4.91983e-08
1.11222e-05
-4.94949e-08
1.11682e-05
-4.59552e-08
1.121e-05
-4.17536e-08
1.1247e-05
-3.70651e-08
1.12794e-05
-3.23593e-08
1.13073e-05
-2.78704e-08
1.13312e-05
-2.39609e-08
1.13518e-05
-2.0603e-08
1.13691e-05
-1.72907e-08
1.13832e-05
-1.41408e-08
1.13946e-05
-1.13376e-08
1.14039e-05
-9.27182e-09
1.14116e-05
-7.7845e-09
1.14182e-05
-6.53985e-09
1.14237e-05
-5.5233e-09
1.14284e-05
-4.68382e-09
1.14324e-05
-3.98347e-09
1.14358e-05
-3.39289e-09
1.14387e-05
-2.89156e-09
1.14411e-05
-2.46448e-09
1.14432e-05
-2.10034e-09
1.1445e-05
-1.78996e-09
1.14465e-05
-1.52561e-09
1.14478e-05
-1.30063e-09
1.14489e-05
-1.10924e-09
1.14499e-05
-9.46458e-10
1.14507e-05
-8.07983e-10
1.14514e-05
-6.90143e-10
1.1452e-05
-5.8981e-10
1.14525e-05
-5.04327e-10
1.14529e-05
-4.31448e-10
1.14533e-05
-3.69269e-10
1.14536e-05
-3.16183e-10
1.14539e-05
-2.7083e-10
1.14541e-05
-2.3206e-10
1.14543e-05
-1.98897e-10
1.14545e-05
-1.70517e-10
1.14546e-05
-1.46216e-10
1.14547e-05
-1.254e-10
1.14549e-05
-1.07559e-10
1.14549e-05
-9.22645e-11
1.1455e-05
-7.91447e-11
1.14551e-05
-6.78899e-11
1.14552e-05
-5.82267e-11
1.14552e-05
-4.99331e-11
1.14552e-05
-4.28049e-11
1.14553e-05
-3.66877e-11
1.14553e-05
-3.14217e-11
1.14553e-05
-2.69094e-11
1.14554e-05
-2.30181e-11
1.14554e-05
-1.96391e-11
1.14554e-05
-1.67698e-11
1.14554e-05
-1.43616e-11
1.14554e-05
-1.23188e-11
1.14554e-05
-1.05031e-11
1.14554e-05
-8.9341e-12
1.14555e-05
-7.60134e-12
1.14555e-05
-6.465e-12
1.14555e-05
-5.53051e-12
1.14555e-05
-4.79485e-12
1.14555e-05
-4.14432e-12
1.14555e-05
-3.52823e-12
1.14555e-05
-2.88055e-12
1.14555e-05
-2.34181e-12
1.14555e-05
-2.00063e-12
1.14555e-05
-1.79499e-12
1.14555e-05
-1.65903e-12
1.14555e-05
-1.49807e-12
1.14555e-05
-1.29492e-12
1.14555e-05
-1.04173e-12
1.14555e-05
-8.45675e-13
1.14555e-05
-7.21753e-13
1.14555e-05
-6.21132e-13
1.14555e-05
-5.34977e-13
1.14555e-05
-4.59057e-13
1.14555e-05
-3.91278e-13
1.14555e-05
-3.30767e-13
1.14555e-05
-2.77045e-13
1.14555e-05
-2.29702e-13
1.14555e-05
-1.88278e-13
1.14555e-05
-1.52227e-13
1.14555e-05
-1.20929e-13
1.14555e-05
-9.37161e-14
1.14555e-05
-6.98955e-14
1.14555e-05
-4.86372e-14
1.14555e-05
-2.92714e-14
1.14555e-05
-1.17556e-14
1.14555e-05
3.74245e-15
1.14555e-05
1.72344e-14
1.14555e-05
2.88052e-14
1.14555e-05
3.84308e-14
1.14555e-05
4.60156e-14
1.14555e-05
5.16406e-14
1.14555e-05
5.54595e-14
1.14555e-05
5.76186e-14
1.14555e-05
5.82977e-14
1.14555e-05
5.77218e-14
1.14555e-05
5.6143e-14
1.14555e-05
5.37821e-14
1.14555e-05
5.08381e-14
1.14555e-05
4.7523e-14
1.14555e-05
4.40267e-14
1.14555e-05
4.04945e-14
1.14555e-05
3.70356e-14
1.14555e-05
3.37296e-14
1.14555e-05
3.06293e-14
1.14555e-05
2.77655e-14
1.14555e-05
2.51499e-14
1.14555e-05
2.27808e-14
1.14555e-05
2.06472e-14
1.14555e-05
1.87321e-14
1.14555e-05
1.70147e-14
1.14555e-05
1.54746e-14
1.14555e-05
1.40921e-14
1.14555e-05
1.28555e-14
1.14555e-05
1.17666e-14
1.14555e-05
1.08144e-14
1.14555e-05
9.96829e-15
1.14555e-05
9.19639e-15
1.14555e-05
8.48171e-15
1.14555e-05
7.81671e-15
1.14555e-05
7.18798e-15
1.14555e-05
6.59629e-15
1.14555e-05
6.05875e-15
1.14555e-05
5.58727e-15
1.14555e-05
5.18624e-15
1.14555e-05
4.85761e-15
1.14555e-05
4.59752e-15
1.14555e-05
4.40079e-15
1.14555e-05
4.26902e-15
1.14555e-05
4.20344e-15
1.14555e-05
4.20261e-15
1.14555e-05
4.26755e-15
1.14555e-05
4.39978e-15
1.14555e-05
4.60407e-15
1.14555e-05
4.89187e-15
1.14555e-05
5.2829e-15
1.14555e-05
5.81258e-15
1.14555e-05
6.51734e-15
1.14555e-05
7.42511e-15
1.14555e-05
8.56178e-15
1.14555e-05
9.95044e-15
1.14555e-05
1.16064e-14
1.14555e-05
1.35268e-14
1.14555e-05
1.56966e-14
1.14555e-05
1.80881e-14
1.14555e-05
2.0659e-14
1.14555e-05
2.33518e-14
1.14555e-05
2.60951e-14
1.14555e-05
2.88145e-14
1.14555e-05
3.14444e-14
1.14555e-05
3.39337e-14
1.14555e-05
3.62571e-14
1.14555e-05
3.84217e-14
1.14555e-05
4.04607e-14
1.14555e-05
4.24236e-14
1.14555e-05
4.43628e-14
1.14555e-05
4.63154e-14
1.14555e-05
4.8289e-14
1.14555e-05
5.0255e-14
1.14555e-05
5.21519e-14
1.14555e-05
5.38902e-14
1.14555e-05
5.53676e-14
1.14555e-05
5.64853e-14
1.14555e-05
5.71607e-14
1.14555e-05
5.73208e-14
1.14555e-05
5.6941e-14
1.14555e-05
5.60214e-14
1.14555e-05
5.46155e-14
1.14555e-05
5.29096e-14
1.14555e-05
5.10493e-14
1.14555e-05
4.90264e-14
1.14555e-05
4.6793e-14
1.14555e-05
4.43959e-14
1.14555e-05
4.19159e-14
1.14555e-05
3.93964e-14
1.14555e-05
3.69132e-14
1.14555e-05
3.44129e-14
1.14555e-05
3.19501e-14
1.14555e-05
2.94601e-14
1.14555e-05
2.67603e-14
1.14555e-05
2.4229e-14
1.14555e-05
2.20043e-14
1.14555e-05
1.97983e-14
1.14555e-05
1.76371e-14
1.14555e-05
1.54312e-14
1.14555e-05
1.30824e-14
1.14555e-05
1.05761e-14
1.14555e-05
7.85893e-15
1.14555e-05
5.58474e-15
1.14555e-05
4.1218e-15
1.14555e-05
2.91047e-15
1.14555e-05
1.6505e-15
1.14555e-05
5.68246e-16
1.14555e-05
-3.49001e-16
1.14555e-05
-1.45293e-15
1.14555e-05
-2.56223e-15
1.14555e-05
-3.26206e-15
1.14555e-05
-3.57575e-15
1.14555e-05
-3.6614e-15
1.14555e-05
-3.7258e-15
1.14555e-05
-3.64802e-15
1.14555e-05
-2.7955e-15
1.14555e-05
-1.01961e-15
1.14555e-05
1.4366e-15
1.14555e-05
4.59203e-15
1.14555e-05
8.22547e-15
1.14555e-05
1.19093e-14
1.14555e-05
1.54157e-14
1.14555e-05
1.86451e-14
1.14555e-05
2.15751e-14
1.14555e-05
2.41151e-14
1.14555e-05
2.60457e-14
1.14555e-05
2.72282e-14
1.14555e-05
2.76421e-14
1.14555e-05
2.72794e-14
1.14555e-05
2.61413e-14
1.14555e-05
2.42537e-14
1.14555e-05
2.16592e-14
1.14555e-05
1.84324e-14
1.14555e-05
1.47151e-14
1.14555e-05
1.07069e-14
1.14555e-05
6.53523e-15
1.14555e-05
2.21692e-15
1.14555e-05
-2.21188e-15
1.14555e-05
-6.63444e-15
1.14555e-05
-1.08816e-14
1.14555e-05
-1.47232e-14
1.14555e-05
-1.79004e-14
1.14555e-05
-2.02131e-14
1.14555e-05
-2.15652e-14
1.14555e-05
-2.19877e-14
1.14555e-05
-2.16317e-14
1.14555e-05
-2.07236e-14
1.14555e-05
-1.94875e-14
1.14555e-05
-1.8052e-14
1.14555e-05
-1.63764e-14
1.14555e-05
-1.42401e-14
1.14555e-05
-1.13617e-14
1.14555e-05
-7.59344e-15
1.14555e-05
-3.03307e-15
1.14555e-05
2.03171e-15
1.14555e-05
7.22663e-15
1.14555e-05
1.21818e-14
1.14555e-05
1.65867e-14
1.14555e-05
2.01755e-14
1.14555e-05
2.27386e-14
1.14555e-05
2.41316e-14
1.14555e-05
2.42772e-14
1.14555e-05
2.31688e-14
1.14555e-05
2.0883e-14
1.14555e-05
1.76069e-14
1.14555e-05
1.36535e-14
1.14555e-05
9.36875e-15
1.14555e-05
4.99676e-15
1.14555e-05
7.24324e-16
1.14555e-05
-3.19563e-15
1.14555e-05
-6.47721e-15
1.14555e-05
-8.92854e-15
1.14555e-05
-1.04066e-14
1.14555e-05
-1.08713e-14
1.14555e-05
-1.0343e-14
1.14555e-05
-9.01012e-15
1.14555e-05
-6.76654e-15
1.14555e-05
-4.24918e-15
1.14555e-05
-4.19868e-16
1.14555e-05
1.27359e-15
1.14555e-05
8.7081e-15
1.14555e-05
1.3976e-15
1.14555e-05
2.87531e-14
1.14555e-05
-4.65284e-14
1.14555e-05
-5.77576e-14
1.14555e-05
-1.71531e-12
1.14555e-05
-1.60093e-11
1.14559e-05
-3.44804e-10
1.14561e-05
-2.30888e-10
1.14507e-09
2.14827e-05
5.56487e-06
2.04439e-05
4.14161e-06
1.93364e-05
3.03135e-06
1.84728e-05
1.74015e-06
1.79166e-05
9.05897e-07
1.75528e-05
4.95963e-07
1.73203e-05
2.56879e-07
1.71638e-05
1.43689e-07
1.70565e-05
7.53583e-08
1.69907e-05
2.26267e-08
1.69557e-05
-9.6909e-09
1.69408e-05
-2.61369e-08
1.69435e-05
-4.54738e-08
1.69556e-05
-5.39694e-08
1.69778e-05
-6.22949e-08
1.70101e-05
-7.56566e-08
1.70496e-05
-8.30473e-08
1.70958e-05
-8.96878e-08
1.71471e-05
-9.50705e-08
1.72023e-05
-9.87955e-08
1.72603e-05
-1.01539e-07
1.73208e-05
-1.06426e-07
1.73834e-05
-1.11779e-07
1.74454e-05
-1.11449e-07
1.75032e-05
-1.03809e-07
1.75562e-05
-9.47508e-08
1.76039e-05
-8.47867e-08
1.76464e-05
-7.4797e-08
1.76837e-05
-6.51804e-08
1.77164e-05
-5.67025e-08
1.77452e-05
-4.93546e-08
1.777e-05
-4.21077e-08
1.7791e-05
-3.50915e-08
1.78083e-05
-2.86862e-08
1.78228e-05
-2.37753e-08
1.78352e-05
-2.01471e-08
1.78457e-05
-1.71137e-08
1.78548e-05
-1.4584e-08
1.78626e-05
-1.24504e-08
1.78692e-05
-1.06377e-08
1.78749e-05
-9.09007e-09
1.78798e-05
-7.76583e-09
1.7884e-05
-6.63217e-09
1.78875e-05
-5.66231e-09
1.78906e-05
-4.8334e-09
1.78932e-05
-4.12565e-09
1.78954e-05
-3.52181e-09
1.78973e-05
-3.00688e-09
1.78989e-05
-2.56787e-09
1.79003e-05
-2.1936e-09
1.79015e-05
-1.87448e-09
1.79025e-05
-1.60232e-09
1.79034e-05
-1.37013e-09
1.79041e-05
-1.17195e-09
1.79047e-05
-1.00275e-09
1.79053e-05
-8.58226e-10
1.79057e-05
-7.34726e-10
1.79061e-05
-6.29154e-10
1.79065e-05
-5.38872e-10
1.79068e-05
-4.6164e-10
1.7907e-05
-3.95548e-10
1.79072e-05
-3.38972e-10
1.79074e-05
-2.90526e-10
1.79076e-05
-2.4903e-10
1.79077e-05
-2.13474e-10
1.79078e-05
-1.83001e-10
1.79079e-05
-1.56872e-10
1.7908e-05
-1.34467e-10
1.79081e-05
-1.1524e-10
1.79081e-05
-9.87503e-11
1.79082e-05
-8.45809e-11
1.79082e-05
-7.24413e-11
1.79083e-05
-6.19872e-11
1.79083e-05
-5.29561e-11
1.79083e-05
-4.5265e-11
1.79084e-05
-3.87662e-11
1.79084e-05
-3.32197e-11
1.79084e-05
-2.83569e-11
1.79084e-05
-2.4176e-11
1.79084e-05
-2.06207e-11
1.79084e-05
-1.75941e-11
1.79084e-05
-1.50581e-11
1.79085e-05
-1.29504e-11
1.79085e-05
-1.11591e-11
1.79085e-05
-9.57454e-12
1.79085e-05
-8.10911e-12
1.79085e-05
-6.8353e-12
1.79085e-05
-5.92256e-12
1.79085e-05
-5.3091e-12
1.79085e-05
-4.7388e-12
1.79085e-05
-4.0922e-12
1.79085e-05
-3.41405e-12
1.79085e-05
-2.83736e-12
1.79085e-05
-2.43371e-12
1.79085e-05
-2.13281e-12
1.79085e-05
-1.8688e-12
1.79085e-05
-1.63338e-12
1.79085e-05
-1.4216e-12
1.79085e-05
-1.23094e-12
1.79085e-05
-1.06009e-12
1.79085e-05
-9.08002e-13
1.79085e-05
-7.73568e-13
1.79085e-05
-6.55467e-13
1.79085e-05
-5.5219e-13
1.79085e-05
-4.62083e-13
1.79085e-05
-3.83425e-13
1.79085e-05
-3.14484e-13
1.79085e-05
-2.53469e-13
1.79085e-05
-1.98904e-13
1.79085e-05
-1.50019e-13
1.79085e-05
-1.06319e-13
1.79085e-05
-6.75242e-14
1.79085e-05
-3.3641e-14
1.79085e-05
-4.54721e-15
1.79085e-05
1.98461e-14
1.79085e-05
3.97204e-14
1.79085e-05
5.53475e-14
1.79085e-05
6.70044e-14
1.79085e-05
7.50202e-14
1.79085e-05
7.9805e-14
1.79085e-05
8.182e-14
1.79085e-05
8.15226e-14
1.79085e-05
7.93549e-14
1.79085e-05
7.57644e-14
1.79085e-05
7.11701e-14
1.79085e-05
6.59351e-14
1.79085e-05
6.03591e-14
1.79085e-05
5.4684e-14
1.79085e-05
4.9094e-14
1.79085e-05
4.37199e-14
1.79085e-05
3.86466e-14
1.79085e-05
3.39214e-14
1.79085e-05
2.9565e-14
1.79085e-05
2.55752e-14
1.79085e-05
2.19389e-14
1.79085e-05
1.86356e-14
1.79085e-05
1.56391e-14
1.79085e-05
1.29339e-14
1.79085e-05
1.05179e-14
1.79085e-05
8.35768e-15
1.79085e-05
6.40217e-15
1.79085e-05
4.61532e-15
1.79085e-05
2.97723e-15
1.79085e-05
1.47e-15
1.79085e-05
7.68784e-17
1.79085e-05
-1.19827e-15
1.79085e-05
-2.32305e-15
1.79085e-05
-3.27434e-15
1.79085e-05
-4.04113e-15
1.79085e-05
-4.62458e-15
1.79085e-05
-5.02688e-15
1.79085e-05
-5.25419e-15
1.79085e-05
-5.30573e-15
1.79085e-05
-5.18407e-15
1.79085e-05
-4.89796e-15
1.79085e-05
-4.45747e-15
1.79085e-05
-3.86886e-15
1.79085e-05
-3.12915e-15
1.79085e-05
-2.21995e-15
1.79085e-05
-1.09217e-15
1.79085e-05
3.2367e-16
1.79085e-05
2.0837e-15
1.79085e-05
4.23894e-15
1.79085e-05
6.8502e-15
1.79085e-05
9.9885e-15
1.79085e-05
1.37027e-14
1.79085e-05
1.8007e-14
1.79085e-05
2.28887e-14
1.79085e-05
2.83124e-14
1.79085e-05
3.42108e-14
1.79085e-05
4.04792e-14
1.79085e-05
4.69796e-14
1.79085e-05
5.35545e-14
1.79085e-05
6.00479e-14
1.79085e-05
6.6326e-14
1.79085e-05
7.23e-14
1.79085e-05
7.79469e-14
1.79085e-05
8.33074e-14
1.79085e-05
8.84673e-14
1.79085e-05
9.35257e-14
1.79085e-05
9.85632e-14
1.79085e-05
1.03612e-13
1.79085e-05
1.08646e-13
1.79085e-05
1.1357e-13
1.79085e-05
1.18231e-13
1.79085e-05
1.22439e-13
1.79085e-05
1.25995e-13
1.79085e-05
1.28709e-13
1.79085e-05
1.30388e-13
1.79085e-05
1.30927e-13
1.79085e-05
1.30265e-13
1.79085e-05
1.28477e-13
1.79085e-05
1.25943e-13
1.79085e-05
1.22908e-13
1.79085e-05
1.19254e-13
1.79085e-05
1.14862e-13
1.79085e-05
1.09881e-13
1.79085e-05
1.04517e-13
1.79085e-05
9.8866e-14
1.79085e-05
9.30681e-14
1.79085e-05
8.70247e-14
1.79085e-05
8.07694e-14
1.79085e-05
7.4042e-14
1.79085e-05
6.64859e-14
1.79085e-05
5.9324e-14
1.79085e-05
5.35444e-14
1.79085e-05
4.87151e-14
1.79085e-05
4.43286e-14
1.79085e-05
3.96332e-14
1.79085e-05
3.39785e-14
1.79085e-05
2.68691e-14
1.79085e-05
1.83236e-14
1.79085e-05
1.06109e-14
1.79085e-05
5.5185e-15
1.79085e-05
2.29579e-15
1.79085e-05
6.36244e-17
1.79085e-05
-1.92202e-15
1.79085e-05
-4.31293e-15
1.79085e-05
-7.36467e-15
1.79085e-05
-1.07199e-14
1.79085e-05
-1.34795e-14
1.79085e-05
-1.4986e-14
1.79085e-05
-1.53847e-14
1.79085e-05
-1.5365e-14
1.79085e-05
-1.4935e-14
1.79085e-05
-1.36371e-14
1.79085e-05
-1.08134e-14
1.79085e-05
-6.09948e-15
1.79085e-05
2.69474e-16
1.79085e-05
7.90645e-15
1.79085e-05
1.63227e-14
1.79085e-05
2.49148e-14
1.79085e-05
3.3262e-14
1.79085e-05
4.12423e-14
1.79085e-05
4.86572e-14
1.79085e-05
5.51857e-14
1.79085e-05
6.03511e-14
1.79085e-05
6.37729e-14
1.79085e-05
6.53193e-14
1.79085e-05
6.49273e-14
1.79085e-05
6.25713e-14
1.79085e-05
5.82698e-14
1.79085e-05
5.2115e-14
1.79085e-05
4.43298e-14
1.79085e-05
3.52672e-14
1.79085e-05
2.52376e-14
1.79085e-05
1.44065e-14
1.79085e-05
2.95461e-15
1.79085e-05
-8.72988e-15
1.79085e-05
-2.01191e-14
1.79085e-05
-3.06088e-14
1.79085e-05
-3.9567e-14
1.79085e-05
-4.64833e-14
1.79085e-05
-5.10574e-14
1.79085e-05
-5.32486e-14
1.79085e-05
-5.32717e-14
1.79085e-05
-5.15299e-14
1.79085e-05
-4.84816e-14
1.79085e-05
-4.44708e-14
1.79085e-05
-3.9578e-14
1.79085e-05
-3.35797e-14
1.79085e-05
-2.61225e-14
1.79085e-05
-1.70428e-14
1.79085e-05
-6.54336e-15
1.79085e-05
4.91657e-15
1.79085e-05
1.67336e-14
1.79085e-05
2.82416e-14
1.79085e-05
3.88116e-14
1.79085e-05
4.78585e-14
1.79085e-05
5.48773e-14
1.79085e-05
5.94747e-14
1.79085e-05
6.13842e-14
1.79085e-05
6.04802e-14
1.79085e-05
5.68034e-14
1.79085e-05
5.06146e-14
1.79085e-05
4.24259e-14
1.79085e-05
3.28829e-14
1.79085e-05
2.2558e-14
1.79085e-05
1.19806e-14
1.79085e-05
1.76604e-15
1.79085e-05
-7.38675e-15
1.79085e-05
-1.48907e-14
1.79085e-05
-2.03174e-14
1.79085e-05
-2.34591e-14
1.79085e-05
-2.42803e-14
1.79085e-05
-2.30565e-14
1.79085e-05
-1.97132e-14
1.79085e-05
-1.52196e-14
1.79085e-05
-8.22926e-15
1.79085e-05
-3.66008e-15
1.79085e-05
9.24387e-15
1.79085e-05
1.8968e-15
1.79085e-05
4.12413e-14
1.79085e-05
-7.50033e-14
1.79085e-05
-2.16857e-13
1.79085e-05
-3.0281e-12
1.79085e-05
-3.18764e-11
1.79085e-05
-3.0922e-10
1.79083e-05
-8.53582e-11
8.88849e-10
2.27236e-05
4.77873e-06
2.29753e-05
3.88992e-06
2.28111e-05
3.19556e-06
2.23789e-05
2.17238e-06
2.18531e-05
1.43171e-06
2.14032e-05
9.45872e-07
2.1057e-05
6.0306e-07
2.07895e-05
4.11142e-07
2.0584e-05
2.80927e-07
2.04381e-05
1.68474e-07
2.03383e-05
9.00707e-08
2.02701e-05
4.2101e-08
2.02302e-05
-5.54005e-09
2.02146e-05
-3.84187e-08
2.02181e-05
-6.5743e-08
2.02349e-05
-9.25214e-08
2.02657e-05
-1.13813e-07
2.03074e-05
-1.31429e-07
2.0357e-05
-1.44643e-07
2.04128e-05
-1.54561e-07
2.04724e-05
-1.61143e-07
2.05333e-05
-1.67378e-07
2.05946e-05
-1.7307e-07
2.06544e-05
-1.71265e-07
2.07102e-05
-1.59533e-07
2.07612e-05
-1.45773e-07
2.08072e-05
-1.30808e-07
2.08482e-05
-1.15819e-07
2.08844e-05
-1.0134e-07
2.09162e-05
-8.85277e-08
2.09442e-05
-7.73808e-08
2.09685e-05
-6.63909e-08
2.09891e-05
-5.5664e-08
2.10062e-05
-4.57861e-08
2.10205e-05
-3.81172e-08
2.10328e-05
-3.24061e-08
2.10433e-05
-2.76283e-08
2.10523e-05
-2.36068e-08
2.10601e-05
-2.01886e-08
2.10667e-05
-1.72677e-08
2.10724e-05
-1.47654e-08
2.10772e-05
-1.26204e-08
2.10814e-05
-1.07826e-08
2.10849e-05
-9.20939e-09
2.1088e-05
-7.8642e-09
2.10906e-05
-6.71504e-09
2.10928e-05
-5.73401e-09
2.10947e-05
-4.89691e-09
2.10963e-05
-4.18278e-09
2.10977e-05
-3.57361e-09
2.10988e-05
-3.05392e-09
2.10998e-05
-2.61051e-09
2.11007e-05
-2.23207e-09
2.11014e-05
-1.90901e-09
2.11021e-05
-1.63313e-09
2.11026e-05
-1.39746e-09
2.11031e-05
-1.19608e-09
2.11035e-05
-1.02395e-09
2.11038e-05
-8.76774e-10
2.11041e-05
-7.50893e-10
2.11043e-05
-6.43198e-10
2.11046e-05
-5.51036e-10
2.11047e-05
-4.72145e-10
2.11049e-05
-4.04595e-10
2.1105e-05
-3.46739e-10
2.11051e-05
-2.97172e-10
2.11052e-05
-2.54692e-10
2.11053e-05
-2.18279e-10
2.11054e-05
-1.87048e-10
2.11055e-05
-1.60269e-10
2.11055e-05
-1.37274e-10
2.11056e-05
-1.17571e-10
2.11056e-05
-1.00615e-10
2.11056e-05
-8.60017e-11
2.11057e-05
-7.35384e-11
2.11057e-05
-6.29668e-11
2.11057e-05
-5.39214e-11
2.11057e-05
-4.60429e-11
2.11057e-05
-3.92854e-11
2.11057e-05
-3.35358e-11
2.11058e-05
-2.86409e-11
2.11058e-05
-2.4517e-11
2.11058e-05
-2.10459e-11
2.11058e-05
-1.81141e-11
2.11058e-05
-1.55863e-11
2.11058e-05
-1.3352e-11
2.11058e-05
-1.13667e-11
2.11058e-05
-9.87363e-12
2.11058e-05
-8.81261e-12
2.11058e-05
-7.78183e-12
2.11058e-05
-6.68193e-12
2.11058e-05
-5.57545e-12
2.11058e-05
-4.69638e-12
2.11058e-05
-4.08932e-12
2.11058e-05
-3.60816e-12
2.11058e-05
-3.17702e-12
2.11058e-05
-2.78854e-12
2.11058e-05
-2.43733e-12
2.11058e-05
-2.12038e-12
2.11058e-05
-1.8359e-12
2.11058e-05
-1.58228e-12
2.11058e-05
-1.35771e-12
2.11058e-05
-1.16008e-12
2.11058e-05
-9.86943e-13
2.11058e-05
-8.35662e-13
2.11058e-05
-7.03476e-13
2.11058e-05
-5.87632e-13
2.11058e-05
-4.85445e-13
2.11058e-05
-3.94646e-13
2.11058e-05
-3.13617e-13
2.11058e-05
-2.41103e-13
2.11058e-05
-1.7632e-13
2.11058e-05
-1.19074e-13
2.11058e-05
-6.92638e-14
2.11058e-05
-2.66725e-14
2.11058e-05
8.96664e-15
2.11058e-05
3.79457e-14
2.11058e-05
6.06413e-14
2.11058e-05
7.75042e-14
2.11058e-05
8.90897e-14
2.11058e-05
9.60302e-14
2.11058e-05
9.8994e-14
2.11058e-05
9.86543e-14
2.11058e-05
9.56918e-14
2.11058e-05
9.07564e-14
2.11058e-05
8.44358e-14
2.11058e-05
7.72375e-14
2.11058e-05
6.95822e-14
2.11058e-05
6.18049e-14
2.11058e-05
5.41539e-14
2.11058e-05
4.68024e-14
2.11058e-05
3.98606e-14
2.11058e-05
3.33895e-14
2.11058e-05
2.74137e-14
2.11058e-05
2.19313e-14
2.11058e-05
1.69272e-14
2.11058e-05
1.23732e-14
2.11058e-05
8.24253e-15
2.11058e-05
4.51581e-15
2.11058e-05
1.15435e-15
2.11058e-05
-1.90124e-15
2.11058e-05
-4.69427e-15
2.11058e-05
-7.2499e-15
2.11058e-05
-9.58676e-15
2.11058e-05
-1.17221e-14
2.11058e-05
-1.36479e-14
2.11058e-05
-1.53255e-14
2.11058e-05
-1.67204e-14
2.11058e-05
-1.78141e-14
2.11058e-05
-1.8603e-14
2.11058e-05
-1.90872e-14
2.11058e-05
-1.92724e-14
2.11058e-05
-1.91625e-14
2.11058e-05
-1.87678e-14
2.11058e-05
-1.81069e-14
2.11058e-05
-1.72047e-14
2.11058e-05
-1.60786e-14
2.11058e-05
-1.47297e-14
2.11058e-05
-1.31358e-14
2.11058e-05
-1.12376e-14
2.11058e-05
-8.94792e-15
2.11058e-05
-6.17088e-15
2.11058e-05
-2.8158e-15
2.11058e-05
1.20884e-15
2.11058e-05
6.01286e-15
2.11058e-05
1.16819e-14
2.11058e-05
1.82605e-14
2.11058e-05
2.57524e-14
2.11058e-05
3.41252e-14
2.11058e-05
4.32994e-14
2.11058e-05
5.31342e-14
2.11058e-05
6.34333e-14
2.11058e-05
7.39594e-14
2.11058e-05
8.4466e-14
2.11058e-05
9.47259e-14
2.11058e-05
1.0457e-13
2.11058e-05
1.13925e-13
2.11058e-05
1.22815e-13
2.11058e-05
1.31343e-13
2.11058e-05
1.39649e-13
2.11058e-05
1.47861e-13
2.11058e-05
1.5605e-13
2.11058e-05
1.64214e-13
2.11058e-05
1.72255e-13
2.11058e-05
1.79984e-13
2.11058e-05
1.87143e-13
2.11058e-05
1.93448e-13
2.11058e-05
1.98605e-13
2.11058e-05
2.02314e-13
2.11058e-05
2.0438e-13
2.11058e-05
2.04664e-13
2.11058e-05
2.03207e-13
2.11058e-05
2.00416e-13
2.11058e-05
1.96539e-13
2.11058e-05
1.91384e-13
2.11058e-05
1.8481e-13
2.11058e-05
1.77072e-13
2.11058e-05
1.68539e-13
2.11058e-05
1.5945e-13
2.11058e-05
1.50081e-13
2.11058e-05
1.40364e-13
2.11058e-05
1.30277e-13
2.11058e-05
1.19418e-13
2.11058e-05
1.07291e-13
2.11058e-05
9.56059e-14
2.11058e-05
8.61777e-14
2.11058e-05
7.86282e-14
2.11058e-05
7.18765e-14
2.11058e-05
6.46779e-14
2.11058e-05
5.5885e-14
2.11058e-05
4.45267e-14
2.11058e-05
3.06883e-14
2.11058e-05
1.7664e-14
2.11058e-05
8.59656e-15
2.11058e-05
3.03071e-15
2.11058e-05
-5.40244e-16
2.11058e-05
-3.68661e-15
2.11058e-05
-7.68318e-15
2.11058e-05
-1.29616e-14
2.11058e-05
-1.90217e-14
2.11058e-05
-2.44992e-14
2.11058e-05
-2.80874e-14
2.11058e-05
-2.96669e-14
2.11058e-05
-3.00794e-14
2.11058e-05
-2.95236e-14
2.11058e-05
-2.78032e-14
2.11058e-05
-2.40744e-14
2.11058e-05
-1.75683e-14
2.11058e-05
-8.48119e-15
2.11058e-05
2.77732e-15
2.11058e-05
1.5689e-14
2.11058e-05
2.94637e-14
2.11058e-05
4.34038e-14
2.11058e-05
5.71093e-14
2.11058e-05
7.01392e-14
2.11058e-05
8.20111e-14
2.11058e-05
9.19892e-14
2.11058e-05
9.93763e-14
2.11058e-05
1.03831e-13
2.11058e-05
1.05148e-13
2.11058e-05
1.03203e-13
2.11058e-05
9.79605e-14
2.11058e-05
8.94966e-14
2.11058e-05
7.80645e-14
2.11058e-05
6.41073e-14
2.11058e-05
4.81086e-14
2.11058e-05
3.045e-14
2.11058e-05
1.15262e-14
2.11058e-05
-7.98671e-15
2.11058e-05
-2.71851e-14
2.11058e-05
-4.50563e-14
2.11058e-05
-6.05619e-14
2.11058e-05
-7.28374e-14
2.11058e-05
-8.13253e-14
2.11058e-05
-8.58568e-14
2.11058e-05
-8.66629e-14
2.11058e-05
-8.42936e-14
2.11058e-05
-7.9442e-14
2.11058e-05
-7.27068e-14
2.11058e-05
-6.4372e-14
2.11058e-05
-5.43216e-14
2.11058e-05
-4.22181e-14
2.11058e-05
-2.78773e-14
2.11058e-05
-1.15189e-14
2.11058e-05
6.32304e-15
2.11058e-05
2.48911e-14
2.11058e-05
4.32668e-14
2.11058e-05
6.04994e-14
2.11058e-05
7.56542e-14
2.11058e-05
8.78894e-14
2.11058e-05
9.65153e-14
2.11058e-05
1.01028e-13
2.11058e-05
1.01132e-13
2.11058e-05
9.67753e-14
2.11058e-05
8.82148e-14
2.11058e-05
7.60695e-14
2.11058e-05
6.12269e-14
2.11058e-05
4.46281e-14
2.11058e-05
2.72229e-14
2.11058e-05
1.00407e-14
2.11058e-05
-5.7758e-15
2.11058e-05
-1.91946e-14
2.11058e-05
-2.9441e-14
2.11058e-05
-3.60824e-14
2.11058e-05
-3.89965e-14
2.11058e-05
-3.84905e-14
2.11058e-05
-3.46352e-14
2.11058e-05
-2.85232e-14
2.11058e-05
-1.90471e-14
2.11058e-05
-1.10808e-14
2.11058e-05
5.36892e-15
2.11058e-05
2.78761e-15
2.11058e-05
4.30683e-14
2.11058e-05
-7.74623e-14
2.11058e-05
-3.58392e-13
2.11058e-05
-3.52401e-12
2.11058e-05
-3.63952e-11
2.11058e-05
-2.49614e-10
2.11057e-05
-4.48759e-11
7.46576e-10
2.28924e-05
3.82384e-06
2.35724e-05
3.20991e-06
2.4076e-05
2.69199e-06
2.42252e-05
2.02321e-06
2.41511e-05
1.5058e-06
2.39473e-05
1.14968e-06
2.36617e-05
8.88634e-07
2.33841e-05
6.8871e-07
2.31474e-05
5.17659e-07
2.29545e-05
3.61382e-07
2.27986e-05
2.46012e-07
2.26758e-05
1.64835e-07
2.25884e-05
8.18468e-08
2.25322e-05
1.78044e-08
2.25014e-05
-3.48893e-08
2.24935e-05
-8.46226e-08
2.25017e-05
-1.22037e-07
2.25241e-05
-1.53834e-07
2.25592e-05
-1.79719e-07
2.26024e-05
-1.97786e-07
2.26509e-05
-2.09636e-07
2.26997e-05
-2.16208e-07
2.27466e-05
-2.19991e-07
2.27912e-05
-2.15846e-07
2.28321e-05
-2.0047e-07
2.28692e-05
-1.82823e-07
2.29023e-05
-1.63894e-07
2.29315e-05
-1.45031e-07
2.2957e-05
-1.26868e-07
2.29794e-05
-1.10884e-07
2.2999e-05
-9.69882e-08
2.30159e-05
-8.32588e-08
2.303e-05
-6.98001e-08
2.30416e-05
-5.74279e-08
2.30514e-05
-4.78799e-08
2.30598e-05
-4.07904e-08
2.3067e-05
-3.48381e-08
2.30732e-05
-2.97939e-08
2.30785e-05
-2.54882e-08
2.3083e-05
-2.18002e-08
2.30869e-05
-1.86382e-08
2.30902e-05
-1.59279e-08
2.3093e-05
-1.36065e-08
2.30954e-05
-1.16202e-08
2.30975e-05
-9.92237e-09
2.30992e-05
-8.47221e-09
2.31007e-05
-7.23435e-09
2.3102e-05
-6.17809e-09
2.31031e-05
-5.27697e-09
2.3104e-05
-4.50822e-09
2.31048e-05
-3.85237e-09
2.31055e-05
-3.29273e-09
2.31061e-05
-2.8151e-09
2.31066e-05
-2.40734e-09
2.3107e-05
-2.05915e-09
2.31074e-05
-1.76173e-09
2.31077e-05
-1.5076e-09
2.3108e-05
-1.29041e-09
2.31082e-05
-1.10473e-09
2.31084e-05
-9.45939e-10
2.31086e-05
-8.10116e-10
2.31087e-05
-6.93907e-10
2.31088e-05
-5.94452e-10
2.31089e-05
-5.09315e-10
2.3109e-05
-4.36414e-10
2.31091e-05
-3.73974e-10
2.31092e-05
-3.20477e-10
2.31092e-05
-2.7463e-10
2.31093e-05
-2.35321e-10
2.31093e-05
-2.0162e-10
2.31094e-05
-1.72696e-10
2.31094e-05
-1.47904e-10
2.31094e-05
-1.26591e-10
2.31094e-05
-1.08254e-10
2.31094e-05
-9.25871e-11
2.31095e-05
-7.92455e-11
2.31095e-05
-6.78175e-11
2.31095e-05
-5.79225e-11
2.31095e-05
-4.94481e-11
2.31095e-05
-4.22303e-11
2.31095e-05
-3.60816e-11
2.31095e-05
-3.08858e-11
2.31095e-05
-2.6494e-11
2.31095e-05
-2.27846e-11
2.31095e-05
-1.96656e-11
2.31095e-05
-1.69524e-11
2.31095e-05
-1.4472e-11
2.31095e-05
-1.24702e-11
2.31095e-05
-1.10197e-11
2.31096e-05
-9.75543e-12
2.31096e-05
-8.45289e-12
2.31096e-05
-7.11691e-12
2.31096e-05
-6.01959e-12
2.31096e-05
-5.24668e-12
2.31096e-05
-4.63714e-12
2.31096e-05
-4.09045e-12
2.31096e-05
-3.59719e-12
2.31096e-05
-3.15089e-12
2.31096e-05
-2.74787e-12
2.31096e-05
-2.38576e-12
2.31096e-05
-2.0625e-12
2.31096e-05
-1.77584e-12
2.31096e-05
-1.52321e-12
2.31096e-05
-1.30164e-12
2.31096e-05
-1.10791e-12
2.31096e-05
-9.38612e-13
2.31096e-05
-7.9035e-13
2.31096e-05
-6.5986e-13
2.31096e-05
-5.44313e-13
2.31096e-05
-4.41479e-13
2.31096e-05
-3.49569e-13
2.31096e-05
-2.67317e-13
2.31096e-05
-1.94129e-13
2.31096e-05
-1.29828e-13
2.31096e-05
-7.42359e-14
2.31096e-05
-2.70583e-14
2.31096e-05
1.19824e-14
2.31096e-05
4.32576e-14
2.31096e-05
6.726e-14
2.31096e-05
8.4604e-14
2.31096e-05
9.60033e-14
2.31096e-05
1.02231e-13
2.31096e-05
1.04096e-13
2.31096e-05
1.02422e-13
2.31096e-05
9.80102e-14
2.31096e-05
9.15992e-14
2.31096e-05
8.38431e-14
2.31096e-05
7.5295e-14
2.31096e-05
6.64027e-14
2.31096e-05
5.75092e-14
2.31096e-05
4.88606e-14
2.31096e-05
4.06211e-14
2.31096e-05
3.28884e-14
2.31096e-05
2.5713e-14
2.31096e-05
1.9107e-14
2.31096e-05
1.30618e-14
2.31096e-05
7.54964e-15
2.31096e-05
2.53663e-15
2.31096e-05
-2.00577e-15
2.31096e-05
-6.11717e-15
2.31096e-05
-9.85804e-15
2.31096e-05
-1.32765e-14
2.31096e-05
-1.64036e-14
2.31096e-05
-1.92587e-14
2.31096e-05
-2.18562e-14
2.31096e-05
-2.41864e-14
2.31096e-05
-2.62119e-14
2.31096e-05
-2.78943e-14
2.31096e-05
-2.92078e-14
2.31096e-05
-3.01398e-14
2.31096e-05
-3.06872e-14
2.31096e-05
-3.08535e-14
2.31096e-05
-3.06459e-14
2.31096e-05
-3.0078e-14
2.31096e-05
-2.91778e-14
2.31096e-05
-2.79795e-14
2.31096e-05
-2.65098e-14
2.31096e-05
-2.4775e-14
2.31096e-05
-2.27561e-14
2.31096e-05
-2.04001e-14
2.31096e-05
-1.76223e-14
2.31096e-05
-1.4307e-14
2.31096e-05
-1.03242e-14
2.31096e-05
-5.5542e-15
2.31096e-05
1.31699e-16
2.31096e-05
6.84573e-15
2.31096e-05
1.4658e-14
2.31096e-05
2.35963e-14
2.31096e-05
3.36434e-14
2.31096e-05
4.47255e-14
2.31096e-05
5.66942e-14
2.31096e-05
6.93284e-14
2.31096e-05
8.23492e-14
2.31096e-05
9.54539e-14
2.31096e-05
1.0835e-13
2.31096e-05
1.20804e-13
2.31096e-05
1.32684e-13
2.31096e-05
1.4398e-13
2.31096e-05
1.54782e-13
2.31096e-05
1.65237e-13
2.31096e-05
1.75504e-13
2.31096e-05
1.85693e-13
2.31096e-05
1.95839e-13
2.31096e-05
2.05869e-13
2.31096e-05
2.15606e-13
2.31096e-05
2.24781e-13
2.31096e-05
2.33072e-13
2.31096e-05
2.40134e-13
2.31096e-05
2.45612e-13
2.31096e-05
2.49241e-13
2.31096e-05
2.50826e-13
2.31096e-05
2.50329e-13
2.31096e-05
2.48032e-13
2.31096e-05
2.44085e-13
2.31096e-05
2.38277e-13
2.31096e-05
2.30477e-13
2.31096e-05
2.20986e-13
2.31096e-05
2.10294e-13
2.31096e-05
1.98821e-13
2.31096e-05
1.87002e-13
2.31096e-05
1.74861e-13
2.31096e-05
1.62339e-13
2.31096e-05
1.49004e-13
2.31096e-05
1.34299e-13
2.31096e-05
1.19941e-13
2.31096e-05
1.08151e-13
2.31096e-05
9.87471e-14
2.31096e-05
9.03538e-14
2.31096e-05
8.15488e-14
2.31096e-05
7.09478e-14
2.31096e-05
5.72636e-14
2.31096e-05
4.04798e-14
2.31096e-05
2.41616e-14
2.31096e-05
1.23927e-14
2.31096e-05
5.21462e-15
2.31096e-05
5.61799e-16
2.31096e-05
-3.53449e-15
2.31096e-05
-8.63179e-15
2.31096e-05
-1.55753e-14
2.31096e-05
-2.37531e-14
2.31096e-05
-3.14019e-14
2.31096e-05
-3.68588e-14
2.31096e-05
-3.97285e-14
2.31096e-05
-4.09228e-14
2.31096e-05
-4.07769e-14
2.31096e-05
-3.90646e-14
2.31096e-05
-3.50659e-14
2.31096e-05
-2.80069e-14
2.31096e-05
-1.78057e-14
2.31096e-05
-4.78674e-15
2.31096e-05
1.04987e-14
2.31096e-05
2.73445e-14
2.31096e-05
4.49538e-14
2.31096e-05
6.26452e-14
2.31096e-05
7.97401e-14
2.31096e-05
9.55668e-14
2.31096e-05
1.09273e-13
2.31096e-05
1.20019e-13
2.31096e-05
1.27268e-13
2.31096e-05
1.30655e-13
2.31096e-05
1.29948e-13
2.31096e-05
1.2504e-13
2.31096e-05
1.15968e-13
2.31096e-05
1.0296e-13
2.31096e-05
8.64637e-14
2.31096e-05
6.70388e-14
2.31096e-05
4.52188e-14
2.31096e-05
2.15616e-14
2.31096e-05
-3.09552e-15
2.31096e-05
-2.76295e-14
2.31096e-05
-5.07561e-14
2.31096e-05
-7.11576e-14
2.31096e-05
-8.76948e-14
2.31096e-05
-9.95729e-14
2.31096e-05
-1.06455e-13
2.31096e-05
-1.08499e-13
2.31096e-05
-1.06287e-13
2.31096e-05
-1.00644e-13
2.31096e-05
-9.23674e-14
2.31096e-05
-8.19549e-14
2.31096e-05
-6.94676e-14
2.31096e-05
-5.46581e-14
2.31096e-05
-3.73265e-14
2.31096e-05
-1.7618e-14
2.31096e-05
3.9871e-15
2.31096e-05
2.67243e-14
2.31096e-05
4.95805e-14
2.31096e-05
7.14182e-14
2.31096e-05
9.1063e-14
2.31096e-05
1.07419e-13
2.31096e-05
1.19554e-13
2.31096e-05
1.2676e-13
2.31096e-05
1.28575e-13
2.31096e-05
1.24825e-13
2.31096e-05
1.15688e-13
2.31096e-05
1.01757e-13
2.31096e-05
8.39926e-14
2.31096e-05
6.35485e-14
2.31096e-05
4.16586e-14
2.31096e-05
1.96459e-14
2.31096e-05
-1.04316e-15
2.31096e-05
-1.9052e-14
2.31096e-05
-3.33042e-14
2.31096e-05
-4.31425e-14
2.31096e-05
-4.83192e-14
2.31096e-05
-4.90936e-14
2.31096e-05
-4.56551e-14
2.31096e-05
-3.90829e-14
2.31096e-05
-2.86631e-14
2.31096e-05
-1.8574e-14
2.31096e-05
-9.0623e-16
2.31096e-05
1.53693e-15
2.31096e-05
3.7661e-14
2.31096e-05
-6.81937e-14
2.31096e-05
-4.32784e-13
2.31096e-05
-3.308e-12
2.31096e-05
-3.37799e-11
2.31095e-05
-1.98579e-10
2.31095e-05
-2.13906e-11
5.94497e-10
2.28893e-05
2.87205e-06
2.36662e-05
2.43297e-06
2.43349e-05
2.02329e-06
2.47865e-05
1.57159e-06
2.50673e-05
1.225e-06
2.52109e-05
1.00608e-06
2.52263e-05
8.7325e-07
2.5167e-05
7.47982e-07
2.5051e-05
6.33732e-07
2.49046e-05
5.07788e-07
2.47614e-05
3.89141e-07
2.46346e-05
2.91659e-07
2.45302e-05
1.86277e-07
2.4445e-05
1.03e-07
2.43784e-05
3.17392e-08
2.43354e-05
-4.16375e-08
2.43128e-05
-9.94455e-08
2.43066e-05
-1.47628e-07
2.43111e-05
-1.84267e-07
2.43235e-05
-2.10214e-07
2.43389e-05
-2.25031e-07
2.43533e-05
-2.30603e-07
2.43691e-05
-2.35711e-07
2.43846e-05
-2.31382e-07
2.4398e-05
-2.13858e-07
2.44092e-05
-1.9401e-07
2.44184e-05
-1.7308e-07
2.44258e-05
-1.5247e-07
2.44318e-05
-1.32863e-07
2.44368e-05
-1.15899e-07
2.4441e-05
-1.01217e-07
2.44444e-05
-8.6612e-08
2.44468e-05
-7.22578e-08
2.44486e-05
-5.92133e-08
2.44501e-05
-4.93867e-08
2.44515e-05
-4.21785e-08
2.44528e-05
-3.60703e-08
2.44538e-05
-3.08551e-08
2.44547e-05
-2.6389e-08
2.44555e-05
-2.25591e-08
2.44561e-05
-1.92765e-08
2.44567e-05
-1.64651e-08
2.44571e-05
-1.40594e-08
2.44575e-05
-1.20028e-08
2.44578e-05
-1.02462e-08
2.44581e-05
-8.7467e-09
2.44583e-05
-7.46731e-09
2.44585e-05
-6.376e-09
2.44587e-05
-5.44521e-09
2.44588e-05
-4.65131e-09
2.4459e-05
-3.9741e-09
2.44591e-05
-3.39632e-09
2.44591e-05
-2.90327e-09
2.44592e-05
-2.4824e-09
2.44593e-05
-2.12304e-09
2.44593e-05
-1.81613e-09
2.44594e-05
-1.55393e-09
2.44594e-05
-1.32986e-09
2.44595e-05
-1.13833e-09
2.44595e-05
-9.74564e-10
2.44595e-05
-8.34507e-10
2.44595e-05
-7.14693e-10
2.44595e-05
-6.12173e-10
2.44596e-05
-5.24427e-10
2.44596e-05
-4.49307e-10
2.44596e-05
-3.84978e-10
2.44596e-05
-3.29875e-10
2.44596e-05
-2.8266e-10
2.44596e-05
-2.4219e-10
2.44596e-05
-2.07495e-10
2.44596e-05
-1.77732e-10
2.44596e-05
-1.52211e-10
2.44596e-05
-1.30326e-10
2.44596e-05
-1.11522e-10
2.44596e-05
-9.53689e-11
2.44596e-05
-8.15312e-11
2.44596e-05
-6.97186e-11
2.44596e-05
-5.95912e-11
2.44596e-05
-5.09078e-11
2.44596e-05
-4.34926e-11
2.44596e-05
-3.71683e-11
2.44596e-05
-3.18133e-11
2.44596e-05
-2.7279e-11
2.44596e-05
-2.34465e-11
2.44596e-05
-2.02336e-11
2.44596e-05
-1.74621e-11
2.44596e-05
-1.49464e-11
2.44596e-05
-1.2871e-11
2.44596e-05
-1.13354e-11
2.44596e-05
-1.00334e-11
2.44596e-05
-8.71962e-12
2.44596e-05
-7.375e-12
2.44597e-05
-6.2469e-12
2.44597e-05
-5.44707e-12
2.44597e-05
-4.82083e-12
2.44597e-05
-4.25694e-12
2.44597e-05
-3.74791e-12
2.44597e-05
-3.28748e-12
2.44597e-05
-2.87166e-12
2.44597e-05
-2.49779e-12
2.44597e-05
-2.16362e-12
2.44597e-05
-1.86689e-12
2.44597e-05
-1.60502e-12
2.44597e-05
-1.37514e-12
2.44597e-05
-1.17403e-12
2.44597e-05
-9.98318e-13
2.44597e-05
-8.44571e-13
2.44597e-05
-7.09493e-13
2.44597e-05
-5.90171e-13
2.44597e-05
-4.84204e-13
2.44597e-05
-3.89636e-13
2.44597e-05
-3.05012e-13
2.44597e-05
-2.29474e-13
2.44597e-05
-1.62664e-13
2.44597e-05
-1.04431e-13
2.44597e-05
-5.45464e-14
2.44597e-05
-1.27671e-14
2.44597e-05
2.12054e-14
2.44597e-05
4.78046e-14
2.44597e-05
6.75934e-14
2.44597e-05
8.12383e-14
2.44597e-05
8.9479e-14
2.44597e-05
9.31041e-14
2.44597e-05
9.29329e-14
2.44597e-05
8.97698e-14
2.44597e-05
8.43678e-14
2.44597e-05
7.74054e-14
2.44597e-05
6.94664e-14
2.44597e-05
6.10299e-14
2.44597e-05
5.24695e-14
2.44597e-05
4.40598e-14
2.44597e-05
3.59881e-14
2.44597e-05
2.83731e-14
2.44597e-05
2.12788e-14
2.44597e-05
1.47292e-14
2.44597e-05
8.72286e-15
2.44597e-05
3.23596e-15
2.44597e-05
-1.76016e-15
2.44597e-05
-6.29313e-15
2.44597e-05
-1.04033e-14
2.44597e-05
-1.41443e-14
2.44597e-05
-1.75617e-14
2.44597e-05
-2.06877e-14
2.44597e-05
-2.35418e-14
2.44597e-05
-2.61358e-14
2.44597e-05
-2.84608e-14
2.44597e-05
-3.04861e-14
2.44597e-05
-3.21772e-14
2.44597e-05
-3.35062e-14
2.44597e-05
-3.44551e-14
2.44597e-05
-3.50159e-14
2.44597e-05
-3.51893e-14
2.44597e-05
-3.4981e-14
2.44597e-05
-3.4406e-14
2.44597e-05
-3.34925e-14
2.44597e-05
-3.22759e-14
2.44597e-05
-3.07864e-14
2.44597e-05
-2.90352e-14
2.44597e-05
-2.70118e-14
2.44597e-05
-2.46756e-14
2.44597e-05
-2.19582e-14
2.44597e-05
-1.87568e-14
2.44597e-05
-1.49373e-14
2.44597e-05
-1.0366e-14
2.44597e-05
-4.91325e-15
2.44597e-05
1.53766e-15
2.44597e-05
9.06895e-15
2.44597e-05
1.77245e-14
2.44597e-05
2.75068e-14
2.44597e-05
3.8362e-14
2.44597e-05
5.01632e-14
2.44597e-05
6.27091e-14
2.44597e-05
7.57343e-14
2.44597e-05
8.894e-14
2.44597e-05
1.02026e-13
2.44597e-05
1.14739e-13
2.44597e-05
1.26914e-13
2.44597e-05
1.38501e-13
2.44597e-05
1.49554e-13
2.44597e-05
1.60198e-13
2.44597e-05
1.70584e-13
2.44597e-05
1.80838e-13
2.44597e-05
1.91023e-13
2.44597e-05
2.01112e-13
2.44597e-05
2.10974e-13
2.44597e-05
2.20385e-13
2.44597e-05
2.29055e-13
2.44597e-05
2.3666e-13
2.44597e-05
2.42859e-13
2.44597e-05
2.47373e-13
2.44597e-05
2.49979e-13
2.44597e-05
2.5057e-13
2.44597e-05
2.49246e-13
2.44597e-05
2.46025e-13
2.44597e-05
2.40706e-13
2.44597e-05
2.33186e-13
2.44597e-05
2.2375e-13
2.44597e-05
2.12909e-13
2.44597e-05
2.01193e-13
2.44597e-05
1.89121e-13
2.44597e-05
1.76821e-13
2.44597e-05
1.64236e-13
2.44597e-05
1.51006e-13
2.44597e-05
1.36666e-13
2.44597e-05
1.22544e-13
2.44597e-05
1.10609e-13
2.44597e-05
1.00913e-13
2.44597e-05
9.22715e-14
2.44597e-05
8.33676e-14
2.44597e-05
7.29069e-14
2.44597e-05
5.96492e-14
2.44597e-05
4.33782e-14
2.44597e-05
2.71399e-14
2.44597e-05
1.50107e-14
2.44597e-05
7.47619e-15
2.44597e-05
2.47938e-15
2.44597e-05
-1.94372e-15
2.44597e-05
-7.3024e-15
2.44597e-05
-1.45845e-14
2.44597e-05
-2.31818e-14
2.44597e-05
-3.13509e-14
2.44597e-05
-3.74789e-14
2.44597e-05
-4.10393e-14
2.44597e-05
-4.2944e-14
2.44597e-05
-4.35138e-14
2.44597e-05
-4.23507e-14
2.44597e-05
-3.89719e-14
2.44597e-05
-3.2754e-14
2.44597e-05
-2.34064e-14
2.44597e-05
-1.11623e-14
2.44597e-05
3.52146e-15
2.44597e-05
2.01298e-14
2.44597e-05
3.78953e-14
2.44597e-05
5.60457e-14
2.44597e-05
7.38301e-14
2.44597e-05
9.05136e-14
2.44597e-05
1.05283e-13
2.44597e-05
1.17314e-13
2.44597e-05
1.25985e-13
2.44597e-05
1.30841e-13
2.44597e-05
1.31585e-13
2.44597e-05
1.28062e-13
2.44597e-05
1.20261e-13
2.44597e-05
1.08351e-13
2.44597e-05
9.27076e-14
2.44597e-05
7.38412e-14
2.44597e-05
5.22924e-14
2.44597e-05
2.86419e-14
2.44597e-05
3.70302e-15
2.44597e-05
-2.1419e-14
2.44597e-05
-4.54248e-14
2.44597e-05
-6.69661e-14
2.44597e-05
-8.4833e-14
2.44597e-05
-9.81221e-14
2.44597e-05
-1.06364e-13
2.44597e-05
-1.09582e-13
2.44597e-05
-1.08259e-13
2.44597e-05
-1.03183e-13
2.44597e-05
-9.51917e-14
2.44597e-05
-8.49047e-14
2.44597e-05
-7.25445e-14
2.44597e-05
-5.79959e-14
2.44597e-05
-4.10844e-14
2.44597e-05
-2.18587e-14
2.44597e-05
-6.56172e-16
2.44597e-05
2.19023e-14
2.44597e-05
4.49121e-14
2.44597e-05
6.72734e-14
2.44597e-05
8.77966e-14
2.44597e-05
1.05331e-13
2.44597e-05
1.18869e-13
2.44597e-05
1.27618e-13
2.44597e-05
1.31032e-13
2.44597e-05
1.28845e-13
2.44597e-05
1.21123e-13
2.44597e-05
1.08328e-13
2.44597e-05
9.12997e-14
2.44597e-05
7.11399e-14
2.44597e-05
4.90916e-14
2.44597e-05
2.65088e-14
2.44597e-05
4.86595e-15
2.44597e-05
-1.44045e-14
2.44597e-05
-3.01088e-14
2.44597e-05
-4.14609e-14
2.44597e-05
-4.81022e-14
2.44597e-05
-5.01787e-14
2.44597e-05
-4.79083e-14
2.44597e-05
-4.22166e-14
2.44597e-05
-3.27642e-14
2.44597e-05
-2.27238e-14
2.44597e-05
-6.64371e-15
2.44597e-05
-1.14957e-15
2.44597e-05
2.74716e-14
2.44597e-05
-5.42264e-14
2.44597e-05
-4.2804e-13
2.44597e-05
-2.7461e-12
2.44596e-05
-2.73583e-11
2.44596e-05
-1.48533e-10
2.44596e-05
-1.0059e-11
4.43775e-10
2.2889e-05
1.92051e-06
2.36917e-05
1.63033e-06
2.43711e-05
1.3439e-06
2.489e-05
1.05264e-06
2.52819e-05
8.33132e-07
2.55895e-05
6.98508e-07
2.58317e-05
6.31029e-07
2.60064e-05
5.73229e-07
2.61183e-05
5.21908e-07
2.6159e-05
4.67005e-07
2.61506e-05
3.97531e-07
2.61187e-05
3.23613e-07
2.60633e-05
2.41646e-07
2.60005e-05
1.65847e-07
2.59396e-05
9.2594e-08
2.58876e-05
1.04037e-08
2.58435e-05
-5.54115e-08
2.58041e-05
-1.08176e-07
2.57674e-05
-1.47605e-07
2.57314e-05
-1.74182e-07
2.56953e-05
-1.88977e-07
2.56624e-05
-1.97689e-07
2.56344e-05
-2.07695e-07
2.56081e-05
-2.05102e-07
2.55821e-05
-1.87793e-07
2.55567e-05
-1.68668e-07
2.55327e-05
-1.4907e-07
2.55105e-05
-1.30227e-07
2.54903e-05
-1.12738e-07
2.54725e-05
-9.80597e-08
2.54567e-05
-8.54093e-08
2.54427e-05
-7.26073e-08
2.54304e-05
-6.00003e-08
2.542e-05
-4.88096e-08
2.54114e-05
-4.07579e-08
2.54042e-05
-3.49611e-08
2.53981e-05
-2.99416e-08
2.53928e-05
-2.56131e-08
2.53883e-05
-2.18947e-08
2.53845e-05
-1.87041e-08
2.53812e-05
-1.59714e-08
2.53783e-05
-1.36335e-08
2.53759e-05
-1.16353e-08
2.53738e-05
-9.92885e-09
2.53721e-05
-8.4726e-09
2.53705e-05
-7.23046e-09
2.53692e-05
-6.17126e-09
2.53681e-05
-5.26819e-09
2.53672e-05
-4.49824e-09
2.53664e-05
-3.84174e-09
2.53657e-05
-3.28188e-09
2.53651e-05
-2.80432e-09
2.53646e-05
-2.39687e-09
2.53642e-05
-2.04913e-09
2.53638e-05
-1.75227e-09
2.53635e-05
-1.49876e-09
2.53632e-05
-1.28222e-09
2.5363e-05
-1.09719e-09
2.53628e-05
-9.39056e-10
2.53626e-05
-8.03863e-10
2.53625e-05
-6.88256e-10
2.53623e-05
-5.89373e-10
2.53622e-05
-5.04773e-10
2.53621e-05
-4.32375e-10
2.5362e-05
-3.70405e-10
2.5362e-05
-3.17344e-10
2.53619e-05
-2.71901e-10
2.53619e-05
-2.32969e-10
2.53618e-05
-1.99604e-10
2.53618e-05
-1.71004e-10
2.53618e-05
-1.46477e-10
2.53617e-05
-1.25442e-10
2.53617e-05
-1.07414e-10
2.53617e-05
-9.1942e-11
2.53617e-05
-7.86371e-11
2.53617e-05
-6.72136e-11
2.53617e-05
-5.7453e-11
2.53616e-05
-4.91126e-11
2.53616e-05
-4.19677e-11
2.53616e-05
-3.58614e-11
2.53616e-05
-3.06507e-11
2.53616e-05
-2.62311e-11
2.53616e-05
-2.24877e-11
2.53616e-05
-1.92959e-11
2.53616e-05
-1.66047e-11
2.53616e-05
-1.43406e-11
2.53616e-05
-1.23529e-11
2.53616e-05
-1.06797e-11
2.53616e-05
-9.37216e-12
2.53616e-05
-8.26588e-12
2.53616e-05
-7.18283e-12
2.53616e-05
-6.08449e-12
2.53616e-05
-5.1574e-12
2.53616e-05
-4.50129e-12
2.53616e-05
-3.98815e-12
2.53616e-05
-3.52296e-12
2.53616e-05
-3.10355e-12
2.53616e-05
-2.72471e-12
2.53616e-05
-2.38272e-12
2.53616e-05
-2.0751e-12
2.53616e-05
-1.79988e-12
2.53616e-05
-1.55519e-12
2.53616e-05
-1.33902e-12
2.53616e-05
-1.14908e-12
2.53616e-05
-9.82852e-13
2.53616e-05
-8.37645e-13
2.53616e-05
-7.10692e-13
2.53616e-05
-5.99313e-13
2.53616e-05
-5.01103e-13
2.53616e-05
-4.14034e-13
2.53616e-05
-3.36432e-13
2.53616e-05
-2.67023e-13
2.53616e-05
-2.04981e-13
2.53616e-05
-1.49892e-13
2.53616e-05
-1.01594e-13
2.53616e-05
-5.99399e-14
2.53616e-05
-2.47657e-14
2.53616e-05
4.13409e-15
2.53616e-05
2.70655e-14
2.53616e-05
4.44496e-14
2.53616e-05
5.67896e-14
2.53616e-05
6.46548e-14
2.53616e-05
6.86646e-14
2.53616e-05
6.94689e-14
2.53616e-05
6.77144e-14
2.53616e-05
6.40141e-14
2.53616e-05
5.89261e-14
2.53616e-05
5.2937e-14
2.53616e-05
4.64506e-14
2.53616e-05
3.97865e-14
2.53616e-05
3.31829e-14
2.53616e-05
2.68057e-14
2.53616e-05
2.07628e-14
2.53616e-05
1.51146e-14
2.53616e-05
9.88752e-15
2.53616e-05
5.08491e-15
2.53616e-05
6.92065e-16
2.53616e-05
-3.31023e-15
2.53616e-05
-6.94314e-15
2.53616e-05
-1.02397e-14
2.53616e-05
-1.32404e-14
2.53616e-05
-1.59809e-14
2.53616e-05
-1.84879e-14
2.53616e-05
-2.07777e-14
2.53616e-05
-2.28595e-14
2.53616e-05
-2.47276e-14
2.53616e-05
-2.63609e-14
2.53616e-05
-2.77341e-14
2.53616e-05
-2.88241e-14
2.53616e-05
-2.96132e-14
2.53616e-05
-3.00921e-14
2.53616e-05
-3.02588e-14
2.53616e-05
-3.0116e-14
2.53616e-05
-2.9676e-14
2.53616e-05
-2.89601e-14
2.53616e-05
-2.79975e-14
2.53616e-05
-2.68131e-14
2.53616e-05
-2.54201e-14
2.53616e-05
-2.38153e-14
2.53616e-05
-2.1974e-14
2.53616e-05
-1.98499e-14
2.53616e-05
-1.73696e-14
2.53616e-05
-1.4431e-14
2.53616e-05
-1.092e-14
2.53616e-05
-6.7283e-15
2.53616e-05
-1.75987e-15
2.53616e-05
4.059e-15
2.53616e-05
1.07742e-14
2.53616e-05
1.83998e-14
2.53616e-05
2.69049e-14
2.53616e-05
3.62032e-14
2.53616e-05
4.61469e-14
2.53616e-05
5.65352e-14
2.53616e-05
6.71329e-14
2.53616e-05
7.76978e-14
2.53616e-05
8.80143e-14
2.53616e-05
9.79307e-14
2.53616e-05
1.0738e-13
2.53616e-05
1.1638e-13
2.53616e-05
1.25012e-13
2.53616e-05
1.3339e-13
2.53616e-05
1.41621e-13
2.53616e-05
1.49775e-13
2.53616e-05
1.57856e-13
2.53616e-05
1.65792e-13
2.53616e-05
1.73437e-13
2.53616e-05
1.80582e-13
2.53616e-05
1.86985e-13
2.53616e-05
1.92386e-13
2.53616e-05
1.96551e-13
2.53616e-05
1.99283e-13
2.53616e-05
2.00449e-13
2.53616e-05
2.00025e-13
2.53616e-05
1.97946e-13
2.53616e-05
1.94043e-13
2.53616e-05
1.88244e-13
2.53616e-05
1.80765e-13
2.53616e-05
1.72031e-13
2.53616e-05
1.62528e-13
2.53616e-05
1.5272e-13
2.53616e-05
1.42788e-13
2.53616e-05
1.32708e-13
2.53616e-05
1.22234e-13
2.53616e-05
1.11078e-13
2.53616e-05
1.00035e-13
2.53616e-05
9.03977e-14
2.53616e-05
8.23468e-14
2.53616e-05
7.51493e-14
2.53616e-05
6.78427e-14
2.53616e-05
5.94871e-14
2.53616e-05
4.91995e-14
2.53616e-05
3.67141e-14
2.53616e-05
2.40306e-14
2.53616e-05
1.41886e-14
2.53616e-05
7.8566e-15
2.53616e-05
3.57295e-15
2.53616e-05
-2.19058e-16
2.53616e-05
-4.68632e-15
2.53616e-05
-1.06135e-14
2.53616e-05
-1.75839e-14
2.53616e-05
-2.43047e-14
2.53616e-05
-2.95614e-14
2.53616e-05
-3.29091e-14
2.53616e-05
-3.50262e-14
2.53616e-05
-3.61073e-14
2.53616e-05
-3.5701e-14
2.53616e-05
-3.34899e-14
2.53616e-05
-2.90637e-14
2.53616e-05
-2.21374e-14
2.53616e-05
-1.2854e-14
2.53616e-05
-1.51178e-15
2.53616e-05
1.15449e-14
2.53616e-05
2.57259e-14
2.53616e-05
4.04123e-14
2.53616e-05
5.49765e-14
2.53616e-05
6.87903e-14
2.53616e-05
8.12262e-14
2.53616e-05
9.16327e-14
2.53616e-05
9.94593e-14
2.53616e-05
1.04289e-13
2.53616e-05
1.05844e-13
2.53616e-05
1.03969e-13
2.53616e-05
9.86253e-14
2.53616e-05
8.99158e-14
2.53616e-05
7.80945e-14
2.53616e-05
6.3533e-14
2.53616e-05
4.66468e-14
2.53616e-05
2.7897e-14
2.53616e-05
7.90709e-15
2.53616e-05
-1.24654e-14
2.53616e-05
-3.21805e-14
2.53616e-05
-5.01426e-14
2.53616e-05
-6.53383e-14
2.53616e-05
-7.69694e-14
2.53616e-05
-8.45642e-14
2.53616e-05
-8.80427e-14
2.53616e-05
-8.77115e-14
2.53616e-05
-8.41637e-14
2.53616e-05
-7.80915e-14
2.53616e-05
-7.0063e-14
2.53616e-05
-6.03585e-14
2.53616e-05
-4.89719e-14
2.53616e-05
-3.5787e-14
2.53616e-05
-2.07881e-14
2.53616e-05
-4.15593e-15
2.53616e-05
1.37075e-14
2.53616e-05
3.21584e-14
2.53616e-05
5.03509e-14
2.53616e-05
6.7328e-14
2.53616e-05
8.21346e-14
2.53616e-05
9.39148e-14
2.53616e-05
1.01976e-13
2.53616e-05
1.05824e-13
2.53616e-05
1.05188e-13
2.53616e-05
1.00052e-13
2.53616e-05
9.07018e-14
2.53616e-05
7.77261e-14
2.53616e-05
6.19517e-14
2.53616e-05
4.4356e-14
2.53616e-05
2.60286e-14
2.53616e-05
8.16259e-15
2.53616e-05
-8.0509e-15
2.53616e-05
-2.15749e-14
2.53616e-05
-3.16857e-14
2.53616e-05
-3.80128e-14
2.53616e-05
-4.05873e-14
2.53616e-05
-3.95862e-14
2.53616e-05
-3.5647e-14
2.53616e-05
-2.87395e-14
2.53616e-05
-2.07867e-14
2.53616e-05
-8.96227e-15
2.53616e-05
-2.72243e-15
2.53616e-05
1.53766e-14
2.53616e-05
-3.5825e-14
2.53616e-05
-3.48744e-13
2.53616e-05
-2.1244e-12
2.53616e-05
-1.92837e-11
2.53615e-05
-9.81584e-11
2.53615e-05
-4.93377e-12
2.95719e-10
2.28934e-05
9.64573e-07
2.37099e-05
8.13899e-07
2.43812e-05
6.72563e-07
2.49089e-05
5.24965e-07
2.53233e-05
4.18743e-07
2.56686e-05
3.53221e-07
2.59771e-05
3.22454e-07
2.62518e-05
2.9859e-07
2.64954e-05
2.78315e-07
2.67018e-05
2.60614e-07
2.68631e-05
2.36158e-07
2.69788e-05
2.07905e-07
2.70504e-05
1.70107e-07
2.70819e-05
1.34357e-07
2.70856e-05
8.89131e-08
2.70691e-05
2.68358e-08
2.70305e-05
-1.68088e-08
2.69731e-05
-5.08052e-08
2.69039e-05
-7.83641e-08
2.68246e-05
-9.49134e-08
2.67413e-05
-1.05643e-07
2.66602e-05
-1.16587e-07
2.65798e-05
-1.27257e-07
2.65003e-05
-1.25639e-07
2.64255e-05
-1.1304e-07
2.63572e-05
-1.00351e-07
2.6296e-05
-8.7828e-08
2.62418e-05
-7.6078e-08
2.61946e-05
-6.54862e-08
2.61535e-05
-5.6949e-08
2.61176e-05
-4.94982e-08
2.60866e-05
-4.16438e-08
2.60605e-05
-3.39021e-08
2.6039e-05
-2.73169e-08
2.60212e-05
-2.29409e-08
2.60061e-05
-1.98473e-08
2.59932e-05
-1.70316e-08
2.59821e-05
-1.45712e-08
2.59727e-05
-1.24508e-08
2.59646e-05
-1.06303e-08
2.59577e-05
-9.07204e-09
2.59518e-05
-7.74014e-09
2.59468e-05
-6.60279e-09
2.59425e-05
-5.63233e-09
2.59388e-05
-4.80475e-09
2.59357e-05
-4.09927e-09
2.5933e-05
-3.49799e-09
2.59307e-05
-2.98554e-09
2.59288e-05
-2.54878e-09
2.59271e-05
-2.17648e-09
2.59257e-05
-1.85905e-09
2.59245e-05
-1.58834e-09
2.59234e-05
-1.35741e-09
2.59225e-05
-1.16036e-09
2.59218e-05
-9.92154e-10
2.59211e-05
-8.48536e-10
2.59206e-05
-7.25871e-10
2.59201e-05
-6.21072e-10
2.59197e-05
-5.31513e-10
2.59194e-05
-4.54954e-10
2.59191e-05
-3.89494e-10
2.59188e-05
-3.33508e-10
2.59186e-05
-2.85614e-10
2.59184e-05
-2.44632e-10
2.59182e-05
-2.09556e-10
2.59181e-05
-1.79526e-10
2.5918e-05
-1.5381e-10
2.59179e-05
-1.3178e-10
2.59178e-05
-1.12904e-10
2.59177e-05
-9.67245e-11
2.59176e-05
-8.28516e-11
2.59176e-05
-7.09543e-11
2.59175e-05
-6.07581e-11
2.59175e-05
-5.20118e-11
2.59175e-05
-4.44907e-11
2.59174e-05
-3.80291e-11
2.59174e-05
-3.25021e-11
2.59174e-05
-2.77835e-11
2.59174e-05
-2.37441e-11
2.59174e-05
-2.02912e-11
2.59173e-05
-1.73444e-11
2.59173e-05
-1.48419e-11
2.59173e-05
-1.2721e-11
2.59173e-05
-1.091e-11
2.59173e-05
-9.37694e-12
2.59173e-05
-8.09338e-12
2.59173e-05
-6.98553e-12
2.59173e-05
-6.05385e-12
2.59173e-05
-5.28794e-12
2.59173e-05
-4.63326e-12
2.59173e-05
-4.03476e-12
2.59173e-05
-3.45749e-12
2.59173e-05
-2.96061e-12
2.59173e-05
-2.57203e-12
2.59173e-05
-2.26051e-12
2.59173e-05
-1.99344e-12
2.59173e-05
-1.75589e-12
2.59173e-05
-1.5422e-12
2.59173e-05
-1.34952e-12
2.59173e-05
-1.17618e-12
2.59173e-05
-1.02099e-12
2.59173e-05
-8.82917e-13
2.59173e-05
-7.60827e-13
2.59173e-05
-6.53491e-13
2.59173e-05
-5.5953e-13
2.59173e-05
-4.77461e-13
2.59173e-05
-4.05749e-13
2.59173e-05
-3.42895e-13
2.59173e-05
-2.8754e-13
2.59173e-05
-2.38522e-13
2.59173e-05
-1.94873e-13
2.59173e-05
-1.55848e-13
2.59173e-05
-1.20947e-13
2.59173e-05
-8.98936e-14
2.59173e-05
-6.25725e-14
2.59173e-05
-3.89097e-14
2.59173e-05
-1.88267e-14
2.59173e-05
-2.22616e-15
2.59173e-05
1.10502e-14
2.59173e-05
2.12315e-14
2.59173e-05
2.85804e-14
2.59173e-05
3.3401e-14
2.59173e-05
3.60303e-14
2.59173e-05
3.68249e-14
2.59173e-05
3.61433e-14
2.59173e-05
3.43282e-14
2.59173e-05
3.16934e-14
2.59173e-05
2.85153e-14
2.59173e-05
2.50248e-14
2.59173e-05
2.14066e-14
2.59173e-05
1.77989e-14
2.59173e-05
1.43e-14
2.59173e-05
1.09742e-14
2.59173e-05
7.85869e-15
2.59173e-05
4.97025e-15
2.59173e-05
2.31312e-15
2.59173e-05
-1.20282e-16
2.59173e-05
-2.33797e-15
2.59173e-05
-4.35073e-15
2.59173e-05
-6.17721e-15
2.59173e-05
-7.83996e-15
2.59173e-05
-9.35817e-15
2.59173e-05
-1.07468e-14
2.59173e-05
-1.20159e-14
2.59173e-05
-1.31706e-14
2.59173e-05
-1.42083e-14
2.59173e-05
-1.51184e-14
2.59173e-05
-1.58877e-14
2.59173e-05
-1.65034e-14
2.59173e-05
-1.69546e-14
2.59173e-05
-1.72353e-14
2.59173e-05
-1.73429e-14
2.59173e-05
-1.72784e-14
2.59173e-05
-1.7048e-14
2.59173e-05
-1.66634e-14
2.59173e-05
-1.61404e-14
2.59173e-05
-1.54933e-14
2.59173e-05
-1.47308e-14
2.59173e-05
-1.38531e-14
2.59173e-05
-1.28497e-14
2.59173e-05
-1.16971e-14
2.59173e-05
-1.03587e-14
2.59173e-05
-8.78054e-15
2.59173e-05
-6.89889e-15
2.59173e-05
-4.65164e-15
2.59173e-05
-1.98442e-15
2.59173e-05
1.14518e-15
2.59173e-05
4.76811e-15
2.59173e-05
8.89689e-15
2.59173e-05
1.35192e-14
2.59173e-05
1.85925e-14
2.59173e-05
2.40405e-14
2.59173e-05
2.97569e-14
2.59173e-05
3.56146e-14
2.59173e-05
4.14787e-14
2.59173e-05
4.72264e-14
2.59173e-05
5.27661e-14
2.59173e-05
5.80507e-14
2.59173e-05
6.30798e-14
2.59173e-05
6.78911e-14
2.59173e-05
7.25434e-14
2.59173e-05
7.70985e-14
2.59173e-05
8.16004e-14
2.59173e-05
8.60619e-14
2.59173e-05
9.0455e-14
2.59173e-05
9.47116e-14
2.59173e-05
9.8727e-14
2.59173e-05
1.02374e-13
2.59173e-05
1.05514e-13
2.59173e-05
1.08015e-13
2.59173e-05
1.09761e-13
2.59173e-05
1.1066e-13
2.59173e-05
1.10665e-13
2.59173e-05
1.09714e-13
2.59173e-05
1.07705e-13
2.59173e-05
1.04599e-13
2.59173e-05
1.0051e-13
2.59173e-05
9.56778e-14
2.59173e-05
9.03891e-14
2.59173e-05
8.49203e-14
2.59173e-05
7.94039e-14
2.59173e-05
7.384e-14
2.59173e-05
6.81071e-14
2.59173e-05
6.20738e-14
2.59173e-05
5.60821e-14
2.59173e-05
5.0728e-14
2.59173e-05
4.61501e-14
2.59173e-05
4.20309e-14
2.59173e-05
3.78885e-14
2.59173e-05
3.32474e-14
2.59173e-05
2.7672e-14
2.59173e-05
2.10134e-14
2.59173e-05
1.41935e-14
2.59173e-05
8.73311e-15
2.59173e-05
5.10237e-15
2.59173e-05
2.61777e-15
2.59173e-05
4.36421e-16
2.59173e-05
-2.07058e-15
2.59173e-05
-5.32545e-15
2.59173e-05
-9.15562e-15
2.59173e-05
-1.29035e-14
2.59173e-05
-1.59336e-14
2.59173e-05
-1.80038e-14
2.59173e-05
-1.94271e-14
2.59173e-05
-2.02899e-14
2.59173e-05
-2.03158e-14
2.59173e-05
-1.93075e-14
2.59173e-05
-1.70705e-14
2.59173e-05
-1.34565e-14
2.59173e-05
-8.52043e-15
2.59173e-05
-2.41707e-15
2.59173e-05
4.67362e-15
2.59173e-05
1.24573e-14
2.59173e-05
2.06027e-14
2.59173e-05
2.87553e-14
2.59173e-05
3.65508e-14
2.59173e-05
4.36394e-14
2.59173e-05
4.96655e-14
2.59173e-05
5.43118e-14
2.59173e-05
5.7332e-14
2.59173e-05
5.85566e-14
2.59173e-05
5.78867e-14
2.59173e-05
5.52909e-14
2.59173e-05
5.08129e-14
2.59173e-05
4.45773e-14
2.59173e-05
3.67736e-14
2.59173e-05
2.7622e-14
2.59173e-05
1.73713e-14
2.59173e-05
6.35118e-15
2.59173e-05
-4.97975e-15
2.59173e-05
-1.60455e-14
2.59173e-05
-2.6234e-14
2.59173e-05
-3.49716e-14
2.59173e-05
-4.1789e-14
2.59173e-05
-4.63875e-14
2.59173e-05
-4.86828e-14
2.59173e-05
-4.88102e-14
2.59173e-05
-4.70801e-14
2.59173e-05
-4.38794e-14
2.59173e-05
-3.95478e-14
2.59173e-05
-3.42783e-14
2.59173e-05
-2.81009e-14
2.59173e-05
-2.09627e-14
2.59173e-05
-1.28374e-14
2.59173e-05
-3.79452e-15
2.59173e-05
5.98002e-15
2.59173e-05
1.6167e-14
2.59173e-05
2.63157e-14
2.59173e-05
3.58958e-14
2.59173e-05
4.43675e-14
2.59173e-05
5.12385e-14
2.59173e-05
5.6104e-14
2.59173e-05
5.86691e-14
2.59173e-05
5.87613e-14
2.59173e-05
5.63472e-14
2.59173e-05
5.15532e-14
2.59173e-05
4.46725e-14
2.59173e-05
3.61368e-14
2.59173e-05
2.64738e-14
2.59173e-05
1.6284e-14
2.59173e-05
6.22851e-15
2.59173e-05
-3.02066e-15
2.59173e-05
-1.08564e-14
2.59173e-05
-1.68374e-14
2.59173e-05
-2.07306e-14
2.59173e-05
-2.25089e-14
2.59173e-05
-2.229e-14
2.59173e-05
-2.03285e-14
2.59173e-05
-1.68421e-14
2.59173e-05
-1.23053e-14
2.59173e-05
-6.63765e-15
2.59173e-05
-1.35156e-15
2.59173e-05
3.89134e-15
2.59173e-05
-1.20706e-14
2.59173e-05
-2.1082e-13
2.59173e-05
-1.36856e-12
2.59173e-05
-1.02082e-11
2.59172e-05
-4.77641e-11
2.59172e-05
-3.19707e-12
1.49408e-10
2.29021e-05
2.3716e-05
2.43885e-05
2.49135e-05
2.53322e-05
2.56855e-05
2.60079e-05
2.63065e-05
2.65848e-05
2.68454e-05
2.70816e-05
2.72895e-05
2.74596e-05
2.7594e-05
2.76829e-05
2.77097e-05
2.76929e-05
2.76421e-05
2.75637e-05
2.74688e-05
2.73632e-05
2.72466e-05
2.71193e-05
2.69937e-05
2.68807e-05
2.67803e-05
2.66925e-05
2.66164e-05
2.65509e-05
2.6494e-05
2.64445e-05
2.64028e-05
2.63689e-05
2.63416e-05
2.63187e-05
2.62988e-05
2.62818e-05
2.62672e-05
2.62548e-05
2.62441e-05
2.62351e-05
2.62273e-05
2.62207e-05
2.62151e-05
2.62103e-05
2.62062e-05
2.62027e-05
2.61997e-05
2.61971e-05
2.6195e-05
2.61931e-05
2.61915e-05
2.61902e-05
2.6189e-05
2.6188e-05
2.61872e-05
2.61864e-05
2.61858e-05
2.61853e-05
2.61848e-05
2.61844e-05
2.61841e-05
2.61838e-05
2.61836e-05
2.61834e-05
2.61832e-05
2.6183e-05
2.61829e-05
2.61828e-05
2.61827e-05
2.61826e-05
2.61825e-05
2.61825e-05
2.61824e-05
2.61824e-05
2.61823e-05
2.61823e-05
2.61823e-05
2.61823e-05
2.61822e-05
2.61822e-05
2.61822e-05
2.61822e-05
2.61822e-05
2.61822e-05
2.61822e-05
2.61822e-05
2.61822e-05
2.61822e-05
2.61821e-05
2.61821e-05
2.61821e-05
2.61821e-05
2.61821e-05
2.61821e-05
2.61821e-05
2.61821e-05
2.61821e-05
2.61821e-05
2.61821e-05
2.61821e-05
2.61821e-05
2.61821e-05
2.61821e-05
2.61821e-05
2.61821e-05
2.61821e-05
2.61821e-05
2.61821e-05
2.61821e-05
2.61821e-05
2.61821e-05
2.61821e-05
2.61821e-05
2.61821e-05
2.61821e-05
2.61821e-05
2.61821e-05
2.61821e-05
2.61821e-05
2.61821e-05
2.61821e-05
2.61821e-05
2.61821e-05
2.61821e-05
2.61821e-05
2.61821e-05
2.61821e-05
2.61821e-05
2.61821e-05
2.61821e-05
2.61821e-05
2.61821e-05
2.61821e-05
2.61821e-05
2.61821e-05
2.61821e-05
2.61821e-05
2.61821e-05
2.61821e-05
2.61821e-05
2.61821e-05
2.61821e-05
2.61821e-05
2.61821e-05
2.61821e-05
2.61821e-05
2.61821e-05
2.61821e-05
2.61821e-05
2.61821e-05
2.61821e-05
2.61821e-05
2.61821e-05
2.61821e-05
2.61821e-05
2.61821e-05
2.61821e-05
2.61821e-05
2.61821e-05
2.61821e-05
2.61821e-05
2.61821e-05
2.61821e-05
2.61821e-05
2.61821e-05
2.61821e-05
2.61821e-05
2.61821e-05
2.61821e-05
2.61821e-05
2.61821e-05
2.61821e-05
2.61821e-05
2.61821e-05
2.61821e-05
2.61821e-05
2.61821e-05
2.61821e-05
2.61821e-05
2.61821e-05
2.61821e-05
2.61821e-05
2.61821e-05
2.61821e-05
2.61821e-05
2.61821e-05
2.61821e-05
2.61821e-05
2.61821e-05
2.61821e-05
2.61821e-05
2.61821e-05
2.61821e-05
2.61821e-05
2.61821e-05
2.61821e-05
2.61821e-05
2.61821e-05
2.61821e-05
2.61821e-05
2.61821e-05
2.61821e-05
2.61821e-05
2.61821e-05
2.61821e-05
2.61821e-05
2.61821e-05
2.61821e-05
2.61821e-05
2.61821e-05
2.61821e-05
2.61821e-05
2.61821e-05
2.61821e-05
2.61821e-05
2.61821e-05
2.61821e-05
2.61821e-05
2.61821e-05
2.61821e-05
2.61821e-05
2.61821e-05
2.61821e-05
2.61821e-05
2.61821e-05
2.61821e-05
2.61821e-05
2.61821e-05
2.61821e-05
2.61821e-05
2.61821e-05
2.61821e-05
2.61821e-05
2.61821e-05
2.61821e-05
2.61821e-05
2.61821e-05
2.61821e-05
2.61821e-05
2.61821e-05
2.61821e-05
2.61821e-05
2.61821e-05
2.61821e-05
2.61821e-05
2.61821e-05
2.61821e-05
2.61821e-05
2.61821e-05
2.61821e-05
2.61821e-05
2.61821e-05
2.61821e-05
2.61821e-05
2.61821e-05
2.61821e-05
2.61821e-05
2.61821e-05
2.61821e-05
2.61821e-05
2.61821e-05
2.61821e-05
2.61821e-05
2.61821e-05
2.61821e-05
2.61821e-05
2.61821e-05
2.61821e-05
2.61821e-05
2.61821e-05
2.61821e-05
2.61821e-05
2.61821e-05
2.61821e-05
2.61821e-05
2.61821e-05
2.61821e-05
2.61821e-05
2.61821e-05
2.61821e-05
2.61821e-05
2.61821e-05
2.61821e-05
2.61821e-05
2.61821e-05
2.61821e-05
2.61821e-05
2.61821e-05
2.61821e-05
2.61821e-05
2.61821e-05
2.61821e-05
2.61821e-05
2.61821e-05
2.61821e-05
2.61821e-05
2.61821e-05
2.61821e-05
)
;

boundaryField
{
    inlet
    {
        type            calculated;
        value           uniform -2.19375e-05;
    }
    outlet
    {
        type            calculated;
        value           nonuniform List<scalar> 8(1.14549e-05 1.79086e-05 2.11059e-05 2.31096e-05 2.44597e-05 2.53617e-05 2.59174e-05 2.61822e-05);
    }
    sideWall
    {
        type            empty;
    }
    bed
    {
        type            calculated;
        value           uniform 0;
    }
    topWall
    {
        type            calculated;
        value           nonuniform List<scalar> 
300
(
-1.59497e-22
-2.11758e-22
0
2.11758e-22
0
2.11758e-22
-2.11758e-22
0
2.11758e-22
0
-3.20584e-22
0
0
2.11758e-22
-2.11758e-22
0
0
-2.11758e-22
1.29606e-22
2.11758e-22
0
0
3.77194e-22
0
0
0
2.11758e-22
-2.11758e-22
0
-2.11758e-22
0
-2.11758e-22
0
2.11758e-22
-4.23516e-22
2.80104e-22
-2.11758e-22
4.23516e-22
-2.11758e-22
0
2.11758e-22
8.27181e-23
0
-2.11758e-22
-2.11758e-22
0
0
-2.11758e-22
0
4.23516e-22
0
-4.23516e-22
-2.78842e-22
-4.23516e-22
-4.23516e-22
0
-1.56796e-23
0
-6.70244e-23
0
-2.78772e-22
1.5708e-23
0
2.11758e-22
-5.70551e-23
0
-2.27479e-22
5.7323e-22
2.11758e-22
-2.11758e-22
0
4.23516e-22
0
0
-2.11758e-22
-8.27181e-23
0
-2.11758e-22
0
0
-2.40324e-23
2.11758e-22
2.3579e-22
0
-2.11758e-22
0
-2.11758e-22
-2.11758e-22
-4.23516e-22
0
0
-2.11758e-22
-9.84503e-23
2.11758e-22
0
0
8.27181e-23
-2.11758e-22
2.94476e-22
-2.94476e-22
-2.11758e-22
-6.69856e-23
-2.94476e-22
-2.11758e-22
-2.11758e-22
2.11758e-22
0
0
-2.11758e-22
-1.57325e-23
2.11758e-22
0
2.11758e-22
0
0
0
-2.11758e-22
2.11758e-22
0
-2.94476e-22
0
2.11758e-22
4.23516e-22
0
-2.11758e-22
-2.11758e-22
-2.11758e-22
2.11758e-22
0
0
-6.69856e-23
-2.11758e-22
0
0
2.11758e-22
-1.2904e-22
0
-1.13308e-22
0
0
-1.44773e-22
8.27181e-23
1.2904e-22
-2.11758e-22
-2.78744e-22
2.11758e-22
-2.11758e-22
2.11758e-22
-1.2904e-22
2.37385e-22
1.50406e-23
1.44773e-22
8.27181e-23
-2.11758e-22
-1.49704e-22
-1.44773e-22
0
0
2.11758e-22
0
0
0
1.96026e-22
0
0
1.96026e-22
6.69856e-23
-1.57325e-23
4.23516e-22
0
2.79864e-23
2.11758e-22
2.11758e-22
1.49704e-22
2.78744e-22
2.11758e-22
1.2904e-22
2.11758e-22
2.11758e-22
2.11758e-22
2.11758e-22
8.27181e-23
2.11758e-22
-1.57325e-23
-1.57325e-23
2.11758e-22
2.78744e-22
0
0
0
-2.11758e-22
4.23516e-22
4.14574e-24
1.13308e-22
0
2.68791e-22
5.06235e-22
-2.11758e-22
2.11758e-22
0
-2.11758e-22
2.11758e-22
0
0
4.07784e-22
-2.94476e-22
0
0
0
0
1.13308e-22
6.69856e-23
1.96026e-22
0
2.11758e-22
2.11758e-22
2.11758e-22
0
1.96026e-22
0
1.96026e-22
-2.27491e-22
0
2.11758e-22
2.11758e-22
-2.11758e-22
6.69856e-23
4.23516e-22
-2.11758e-22
0
2.11758e-22
1.92711e-22
0
2.68791e-22
2.11758e-22
0
2.11758e-22
2.19261e-22
2.11758e-22
-2.11758e-22
0
2.78744e-22
-2.11758e-22
2.11758e-22
1.96026e-22
0
6.69856e-23
2.11758e-22
2.11758e-22
2.11758e-22
0
2.11758e-22
-8.27181e-23
2.78744e-22
4.23516e-22
0
2.11758e-22
-1.57324e-23
2.11758e-22
0
0
4.23516e-22
0
0
2.11758e-22
2.11758e-22
4.23516e-22
2.11758e-22
2.11758e-22
0
2.11758e-22
0
-8.27181e-23
2.11758e-22
2.37385e-22
4.23516e-22
4.23516e-22
0
0
1.96026e-22
2.11758e-22
0
0
0
0
0
2.78744e-22
4.23516e-22
4.90502e-22
2.26411e-22
2.11758e-22
1.96026e-22
0
0
-1.57324e-23
4.23516e-22
2.11758e-22
0
0
9.83767e-23
)
;
    }
}


// ************************************************************************* //
