/*--------------------------------*- C++ -*----------------------------------*\
| =========                 |                                                 |
| \\      /  F ield         | foam-extend: Open Source CFD                    |
|  \\    /   O peration     | Version:     3.2                                |
|   \\  /    A nd           | Web:         http://www.foam-extend.org         |
|    \\/     M anipulation  | For copyright notice see file Copyright         |
\*---------------------------------------------------------------------------*/
FoamFile
{
    version     2.0;
    format      ascii;
    class       volScalarField;
    location    "83";
    object      DiSSt;
}
// * * * * * * * * * * * * * * * * * * * * * * * * * * * * * * * * * * * * * //

dimensions      [0 2 -1 0 0 0 0];

internalField   nonuniform List<scalar> 
5400
(
3.26127e-05
2.61441e-05
2.25492e-05
2.25963e-05
2.22401e-05
2.22469e-05
2.20758e-05
2.20693e-05
2.20072e-05
2.20313e-05
2.20362e-05
2.20767e-05
2.21164e-05
2.21802e-05
2.22394e-05
2.23147e-05
2.23907e-05
2.24758e-05
2.25597e-05
2.26522e-05
2.27487e-05
2.2848e-05
2.29494e-05
2.30522e-05
2.31557e-05
2.32596e-05
2.33555e-05
2.3439e-05
2.35092e-05
2.3568e-05
2.36168e-05
2.36575e-05
2.36911e-05
2.37192e-05
2.37425e-05
2.37619e-05
2.37781e-05
2.37917e-05
2.38031e-05
2.38127e-05
2.38208e-05
2.38277e-05
2.38335e-05
2.38386e-05
2.38429e-05
2.38464e-05
2.38494e-05
2.3852e-05
2.38543e-05
2.38562e-05
2.38579e-05
2.38594e-05
2.38607e-05
2.38618e-05
2.38627e-05
2.38636e-05
2.38643e-05
2.3865e-05
2.38655e-05
2.3866e-05
2.38664e-05
2.38668e-05
2.38671e-05
2.38674e-05
2.38676e-05
2.38678e-05
2.3868e-05
2.38682e-05
2.38683e-05
2.38684e-05
2.38685e-05
2.38686e-05
2.38687e-05
2.38687e-05
2.38688e-05
2.38688e-05
2.38689e-05
2.38689e-05
2.3869e-05
2.3869e-05
2.3869e-05
2.3869e-05
2.3869e-05
2.38691e-05
2.38691e-05
2.38691e-05
2.38691e-05
2.38691e-05
2.38691e-05
2.38691e-05
2.38691e-05
2.38691e-05
2.38691e-05
2.38691e-05
2.38691e-05
2.38691e-05
2.38691e-05
2.38691e-05
2.38691e-05
2.38691e-05
2.38691e-05
2.38691e-05
2.38691e-05
2.38691e-05
2.38691e-05
2.38691e-05
2.38691e-05
2.38691e-05
2.38691e-05
2.38691e-05
2.38691e-05
2.38691e-05
2.38691e-05
2.38691e-05
2.38691e-05
2.38691e-05
2.38691e-05
2.38691e-05
2.38691e-05
2.38691e-05
2.38691e-05
2.38691e-05
2.38691e-05
2.38691e-05
2.38691e-05
2.38691e-05
2.38691e-05
2.38691e-05
2.38691e-05
2.38691e-05
2.38691e-05
2.38691e-05
2.38691e-05
2.38691e-05
2.38691e-05
2.38691e-05
2.38691e-05
2.38691e-05
2.38691e-05
2.38691e-05
2.38691e-05
2.38691e-05
2.38691e-05
2.38691e-05
2.38691e-05
2.38691e-05
2.38691e-05
2.38691e-05
2.38691e-05
2.38691e-05
2.38691e-05
2.38691e-05
2.38691e-05
2.38691e-05
2.38691e-05
2.38691e-05
2.38691e-05
2.38691e-05
2.38691e-05
2.38691e-05
2.38691e-05
2.38691e-05
2.38691e-05
2.38691e-05
2.38691e-05
2.38691e-05
2.38691e-05
2.38691e-05
2.38691e-05
2.38691e-05
2.38691e-05
2.38691e-05
2.38691e-05
2.38691e-05
2.38691e-05
2.38691e-05
2.38691e-05
2.38691e-05
2.38691e-05
2.38691e-05
2.38691e-05
2.38691e-05
2.38691e-05
2.38691e-05
2.38691e-05
2.38691e-05
2.38691e-05
2.38691e-05
2.38691e-05
2.38691e-05
2.38691e-05
2.38691e-05
2.38691e-05
2.38691e-05
2.38691e-05
2.38691e-05
2.38691e-05
2.38691e-05
2.38691e-05
2.38691e-05
2.38691e-05
2.38691e-05
2.38691e-05
2.38691e-05
2.38691e-05
2.38691e-05
2.38691e-05
2.38691e-05
2.38691e-05
2.38691e-05
2.38691e-05
2.38691e-05
2.38691e-05
2.38691e-05
2.38691e-05
2.38691e-05
2.38691e-05
2.38691e-05
2.38691e-05
2.38691e-05
2.38691e-05
2.38691e-05
2.38691e-05
2.38691e-05
2.38691e-05
2.38691e-05
2.38691e-05
2.38691e-05
2.38691e-05
2.38691e-05
2.38691e-05
2.38691e-05
2.38691e-05
2.38691e-05
2.38691e-05
2.38691e-05
2.38691e-05
2.38691e-05
2.38691e-05
2.38691e-05
2.38691e-05
2.38691e-05
2.38691e-05
2.38691e-05
2.38691e-05
2.38691e-05
2.38691e-05
2.38691e-05
2.38691e-05
2.38691e-05
2.38691e-05
2.38691e-05
2.38691e-05
2.38691e-05
2.38691e-05
2.38691e-05
2.38691e-05
2.38691e-05
2.38691e-05
2.38691e-05
2.38691e-05
2.38691e-05
2.38691e-05
2.38691e-05
2.38691e-05
2.38691e-05
2.38691e-05
2.38691e-05
2.38691e-05
2.38691e-05
2.38691e-05
2.38691e-05
2.38691e-05
2.38691e-05
2.38691e-05
2.38691e-05
2.38691e-05
2.38691e-05
2.38691e-05
2.38691e-05
2.38691e-05
2.38691e-05
2.38691e-05
2.38691e-05
2.38691e-05
2.38691e-05
2.38691e-05
2.38691e-05
2.38691e-05
2.38691e-05
2.38691e-05
2.38691e-05
2.38691e-05
2.38691e-05
2.38691e-05
2.38691e-05
2.38691e-05
2.38691e-05
2.38692e-05
2.38691e-05
3.1162e-05
4.10921e-05
4.45873e-05
4.7216e-05
4.88857e-05
4.97144e-05
5.03327e-05
5.07058e-05
5.1095e-05
5.13972e-05
5.17004e-05
5.1995e-05
5.22843e-05
5.25857e-05
5.28747e-05
5.31643e-05
5.34566e-05
5.37471e-05
5.40412e-05
5.4333e-05
5.46214e-05
5.49061e-05
5.51852e-05
5.54567e-05
5.57175e-05
5.59551e-05
5.61564e-05
5.63165e-05
5.64411e-05
5.65373e-05
5.66121e-05
5.66703e-05
5.6716e-05
5.67522e-05
5.67812e-05
5.68046e-05
5.68239e-05
5.68398e-05
5.68532e-05
5.68644e-05
5.68739e-05
5.68819e-05
5.68889e-05
5.68948e-05
5.69e-05
5.69044e-05
5.69082e-05
5.69114e-05
5.69143e-05
5.69169e-05
5.69191e-05
5.69211e-05
5.69229e-05
5.69245e-05
5.69259e-05
5.69271e-05
5.69282e-05
5.69291e-05
5.69299e-05
5.69307e-05
5.69313e-05
5.69318e-05
5.69323e-05
5.69327e-05
5.69331e-05
5.69334e-05
5.69336e-05
5.69339e-05
5.69341e-05
5.69342e-05
5.69344e-05
5.69345e-05
5.69346e-05
5.69347e-05
5.69348e-05
5.69349e-05
5.69349e-05
5.6935e-05
5.6935e-05
5.69351e-05
5.69351e-05
5.69351e-05
5.69352e-05
5.69352e-05
5.69352e-05
5.69352e-05
5.69352e-05
5.69352e-05
5.69353e-05
5.69353e-05
5.69353e-05
5.69353e-05
5.69353e-05
5.69353e-05
5.69353e-05
5.69353e-05
5.69353e-05
5.69353e-05
5.69353e-05
5.69353e-05
5.69353e-05
5.69353e-05
5.69353e-05
5.69353e-05
5.69353e-05
5.69353e-05
5.69353e-05
5.69353e-05
5.69353e-05
5.69353e-05
5.69353e-05
5.69353e-05
5.69353e-05
5.69353e-05
5.69353e-05
5.69353e-05
5.69353e-05
5.69353e-05
5.69353e-05
5.69353e-05
5.69353e-05
5.69353e-05
5.69353e-05
5.69353e-05
5.69353e-05
5.69353e-05
5.69353e-05
5.69353e-05
5.69353e-05
5.69353e-05
5.69353e-05
5.69353e-05
5.69353e-05
5.69353e-05
5.69353e-05
5.69353e-05
5.69353e-05
5.69353e-05
5.69353e-05
5.69353e-05
5.69353e-05
5.69353e-05
5.69353e-05
5.69353e-05
5.69353e-05
5.69353e-05
5.69353e-05
5.69353e-05
5.69353e-05
5.69353e-05
5.69353e-05
5.69353e-05
5.69353e-05
5.69353e-05
5.69353e-05
5.69353e-05
5.69353e-05
5.69353e-05
5.69353e-05
5.69353e-05
5.69353e-05
5.69353e-05
5.69353e-05
5.69353e-05
5.69353e-05
5.69353e-05
5.69353e-05
5.69353e-05
5.69353e-05
5.69353e-05
5.69353e-05
5.69353e-05
5.69353e-05
5.69353e-05
5.69353e-05
5.69353e-05
5.69353e-05
5.69353e-05
5.69353e-05
5.69353e-05
5.69353e-05
5.69353e-05
5.69353e-05
5.69353e-05
5.69353e-05
5.69353e-05
5.69353e-05
5.69353e-05
5.69353e-05
5.69353e-05
5.69353e-05
5.69353e-05
5.69353e-05
5.69353e-05
5.69353e-05
5.69353e-05
5.69353e-05
5.69353e-05
5.69353e-05
5.69353e-05
5.69353e-05
5.69353e-05
5.69353e-05
5.69353e-05
5.69353e-05
5.69353e-05
5.69353e-05
5.69353e-05
5.69353e-05
5.69353e-05
5.69353e-05
5.69353e-05
5.69353e-05
5.69353e-05
5.69353e-05
5.69353e-05
5.69353e-05
5.69353e-05
5.69353e-05
5.69353e-05
5.69353e-05
5.69353e-05
5.69353e-05
5.69353e-05
5.69353e-05
5.69353e-05
5.69353e-05
5.69353e-05
5.69353e-05
5.69353e-05
5.69353e-05
5.69353e-05
5.69353e-05
5.69353e-05
5.69353e-05
5.69353e-05
5.69353e-05
5.69353e-05
5.69353e-05
5.69353e-05
5.69353e-05
5.69353e-05
5.69353e-05
5.69353e-05
5.69353e-05
5.69353e-05
5.69353e-05
5.69353e-05
5.69353e-05
5.69353e-05
5.69353e-05
5.69353e-05
5.69353e-05
5.69353e-05
5.69353e-05
5.69353e-05
5.69353e-05
5.69353e-05
5.69353e-05
5.69353e-05
5.69353e-05
5.69353e-05
5.69353e-05
5.69353e-05
5.69353e-05
5.69353e-05
5.69353e-05
5.69353e-05
5.69353e-05
5.69353e-05
5.69353e-05
5.69353e-05
5.69353e-05
5.69353e-05
5.69353e-05
5.69353e-05
5.69353e-05
5.69353e-05
5.69353e-05
5.69353e-05
5.69353e-05
5.69353e-05
5.69353e-05
5.69353e-05
5.69353e-05
5.69353e-05
5.69353e-05
5.69353e-05
5.69353e-05
5.69353e-05
5.69353e-05
5.69353e-05
5.69353e-05
5.69353e-05
5.69353e-05
5.69353e-05
5.69353e-05
5.69353e-05
5.69353e-05
5.69353e-05
2.85796e-05
4.46666e-05
5.2355e-05
6.08744e-05
6.74807e-05
7.07933e-05
7.29722e-05
7.47305e-05
7.60663e-05
7.72628e-05
7.82287e-05
7.91367e-05
7.99588e-05
8.0717e-05
8.14439e-05
8.21206e-05
8.27746e-05
8.34076e-05
8.40183e-05
8.4608e-05
8.51743e-05
8.57174e-05
8.62347e-05
8.67222e-05
8.7179e-05
8.75698e-05
8.78612e-05
8.80685e-05
8.8214e-05
8.83162e-05
8.83874e-05
8.84369e-05
8.8471e-05
8.84945e-05
8.85108e-05
8.85224e-05
8.85309e-05
8.85376e-05
8.85429e-05
8.85475e-05
8.85515e-05
8.85552e-05
8.85586e-05
8.85618e-05
8.85647e-05
8.85673e-05
8.85696e-05
8.85719e-05
8.85741e-05
8.85762e-05
8.85781e-05
8.85799e-05
8.85815e-05
8.8583e-05
8.85844e-05
8.85856e-05
8.85866e-05
8.85875e-05
8.85884e-05
8.85891e-05
8.85897e-05
8.85903e-05
8.85908e-05
8.85912e-05
8.85915e-05
8.85919e-05
8.85921e-05
8.85924e-05
8.85926e-05
8.85927e-05
8.85929e-05
8.8593e-05
8.85931e-05
8.85932e-05
8.85933e-05
8.85934e-05
8.85934e-05
8.85935e-05
8.85935e-05
8.85936e-05
8.85936e-05
8.85936e-05
8.85937e-05
8.85937e-05
8.85937e-05
8.85937e-05
8.85937e-05
8.85938e-05
8.85938e-05
8.85938e-05
8.85938e-05
8.85938e-05
8.85938e-05
8.85938e-05
8.85938e-05
8.85938e-05
8.85938e-05
8.85938e-05
8.85938e-05
8.85938e-05
8.85938e-05
8.85938e-05
8.85938e-05
8.85938e-05
8.85938e-05
8.85938e-05
8.85938e-05
8.85938e-05
8.85938e-05
8.85938e-05
8.85938e-05
8.85938e-05
8.85938e-05
8.85938e-05
8.85938e-05
8.85938e-05
8.85938e-05
8.85938e-05
8.85938e-05
8.85938e-05
8.85938e-05
8.85938e-05
8.85938e-05
8.85938e-05
8.85938e-05
8.85938e-05
8.85938e-05
8.85938e-05
8.85938e-05
8.85938e-05
8.85938e-05
8.85938e-05
8.85938e-05
8.85938e-05
8.85938e-05
8.85938e-05
8.85938e-05
8.85938e-05
8.85938e-05
8.85938e-05
8.85938e-05
8.85938e-05
8.85938e-05
8.85938e-05
8.85938e-05
8.85938e-05
8.85938e-05
8.85938e-05
8.85938e-05
8.85938e-05
8.85938e-05
8.85938e-05
8.85938e-05
8.85938e-05
8.85938e-05
8.85938e-05
8.85938e-05
8.85938e-05
8.85938e-05
8.85938e-05
8.85938e-05
8.85938e-05
8.85938e-05
8.85938e-05
8.85938e-05
8.85938e-05
8.85938e-05
8.85938e-05
8.85938e-05
8.85938e-05
8.85938e-05
8.85938e-05
8.85938e-05
8.85938e-05
8.85938e-05
8.85938e-05
8.85938e-05
8.85938e-05
8.85938e-05
8.85938e-05
8.85938e-05
8.85938e-05
8.85938e-05
8.85938e-05
8.85938e-05
8.85938e-05
8.85938e-05
8.85938e-05
8.85938e-05
8.85938e-05
8.85938e-05
8.85938e-05
8.85938e-05
8.85938e-05
8.85938e-05
8.85938e-05
8.85938e-05
8.85938e-05
8.85938e-05
8.85938e-05
8.85938e-05
8.85938e-05
8.85938e-05
8.85938e-05
8.85938e-05
8.85938e-05
8.85938e-05
8.85938e-05
8.85938e-05
8.85938e-05
8.85938e-05
8.85938e-05
8.85938e-05
8.85938e-05
8.85938e-05
8.85938e-05
8.85938e-05
8.85938e-05
8.85938e-05
8.85938e-05
8.85938e-05
8.85938e-05
8.85938e-05
8.85938e-05
8.85938e-05
8.85938e-05
8.85938e-05
8.85938e-05
8.85938e-05
8.85938e-05
8.85938e-05
8.85938e-05
8.85938e-05
8.85938e-05
8.85938e-05
8.85938e-05
8.85938e-05
8.85938e-05
8.85938e-05
8.85938e-05
8.85938e-05
8.85938e-05
8.85938e-05
8.85938e-05
8.85938e-05
8.85938e-05
8.85938e-05
8.85938e-05
8.85938e-05
8.85938e-05
8.85938e-05
8.85938e-05
8.85938e-05
8.85938e-05
8.85938e-05
8.85938e-05
8.85938e-05
8.85938e-05
8.85938e-05
8.85938e-05
8.85938e-05
8.85938e-05
8.85938e-05
8.85938e-05
8.85938e-05
8.85938e-05
8.85938e-05
8.85938e-05
8.85938e-05
8.85938e-05
8.85938e-05
8.85938e-05
8.85938e-05
8.85938e-05
8.85938e-05
8.85938e-05
8.85938e-05
8.85938e-05
8.85938e-05
8.85938e-05
8.85938e-05
8.85938e-05
8.85938e-05
8.85938e-05
8.85938e-05
8.85938e-05
8.85938e-05
8.85938e-05
8.85938e-05
8.85938e-05
8.85938e-05
8.85938e-05
8.85938e-05
8.85938e-05
8.85938e-05
8.85938e-05
8.85938e-05
8.85938e-05
8.85938e-05
8.85938e-05
2.73172e-05
3.89743e-05
4.90645e-05
6.16771e-05
7.25318e-05
8.03719e-05
8.66796e-05
9.06186e-05
9.37537e-05
9.64471e-05
9.86623e-05
0.00010063
0.000102363
0.00010394
0.000105387
0.000106704
0.000107944
0.000109109
0.000110209
0.000111247
0.000112223
0.000113138
0.000113989
0.000114772
0.000115484
0.000116064
0.000116474
0.000116748
0.000116926
0.000117036
0.0001171
0.000117134
0.000117148
0.000117149
0.000117143
0.000117134
0.000117124
0.000117114
0.000117105
0.000117098
0.000117092
0.000117088
0.000117085
0.000117082
0.000117081
0.00011708
0.000117079
0.000117079
0.00011708
0.000117081
0.000117082
0.000117083
0.000117084
0.000117085
0.000117086
0.000117087
0.000117088
0.000117089
0.00011709
0.000117091
0.000117091
0.000117092
0.000117092
0.000117093
0.000117093
0.000117093
0.000117094
0.000117094
0.000117094
0.000117094
0.000117094
0.000117094
0.000117095
0.000117095
0.000117095
0.000117095
0.000117095
0.000117095
0.000117095
0.000117095
0.000117095
0.000117095
0.000117095
0.000117095
0.000117095
0.000117095
0.000117095
0.000117095
0.000117095
0.000117095
0.000117095
0.000117095
0.000117095
0.000117095
0.000117095
0.000117095
0.000117095
0.000117095
0.000117095
0.000117095
0.000117095
0.000117095
0.000117095
0.000117095
0.000117095
0.000117095
0.000117095
0.000117095
0.000117095
0.000117095
0.000117095
0.000117095
0.000117095
0.000117095
0.000117095
0.000117095
0.000117095
0.000117095
0.000117095
0.000117095
0.000117095
0.000117095
0.000117095
0.000117095
0.000117095
0.000117095
0.000117095
0.000117095
0.000117095
0.000117095
0.000117095
0.000117095
0.000117095
0.000117095
0.000117095
0.000117095
0.000117095
0.000117095
0.000117095
0.000117095
0.000117095
0.000117095
0.000117095
0.000117095
0.000117095
0.000117095
0.000117095
0.000117095
0.000117095
0.000117095
0.000117095
0.000117095
0.000117095
0.000117095
0.000117095
0.000117095
0.000117095
0.000117095
0.000117095
0.000117095
0.000117095
0.000117095
0.000117095
0.000117095
0.000117095
0.000117095
0.000117095
0.000117095
0.000117095
0.000117095
0.000117095
0.000117095
0.000117095
0.000117095
0.000117095
0.000117095
0.000117095
0.000117095
0.000117095
0.000117095
0.000117095
0.000117095
0.000117095
0.000117095
0.000117095
0.000117095
0.000117095
0.000117095
0.000117095
0.000117095
0.000117095
0.000117095
0.000117095
0.000117095
0.000117095
0.000117095
0.000117095
0.000117095
0.000117095
0.000117095
0.000117095
0.000117095
0.000117095
0.000117095
0.000117095
0.000117095
0.000117095
0.000117095
0.000117095
0.000117095
0.000117095
0.000117095
0.000117095
0.000117095
0.000117095
0.000117095
0.000117095
0.000117095
0.000117095
0.000117095
0.000117095
0.000117095
0.000117095
0.000117095
0.000117095
0.000117095
0.000117095
0.000117095
0.000117095
0.000117095
0.000117095
0.000117095
0.000117095
0.000117095
0.000117095
0.000117095
0.000117095
0.000117095
0.000117095
0.000117095
0.000117095
0.000117095
0.000117095
0.000117095
0.000117095
0.000117095
0.000117095
0.000117095
0.000117095
0.000117095
0.000117095
0.000117095
0.000117095
0.000117095
0.000117095
0.000117095
0.000117095
0.000117095
0.000117095
0.000117095
0.000117095
0.000117095
0.000117095
0.000117095
0.000117095
0.000117095
0.000117095
0.000117095
0.000117095
0.000117095
0.000117095
0.000117095
0.000117095
0.000117095
0.000117095
0.000117095
0.000117095
0.000117095
0.000117095
0.000117095
0.000117095
0.000117095
0.000117095
0.000117095
0.000117095
0.000117095
0.000117095
0.000117095
0.000117095
0.000117095
0.000117095
0.000117095
0.000117095
0.000117095
0.000117095
0.000117095
0.000117095
0.000117095
0.000117095
0.000117095
2.88106e-05
3.3669e-05
4.58265e-05
5.73159e-05
6.71614e-05
7.85125e-05
8.85727e-05
9.64518e-05
0.0001031
0.000108539
0.000112484
0.000115913
0.000118923
0.000121641
0.000124087
0.000126298
0.000128348
0.000130244
0.000132013
0.000133658
0.000135183
0.000136596
0.00013789
0.000139064
0.00014011
0.000140949
0.000141545
0.00014195
0.000142217
0.000142386
0.000142486
0.000142541
0.000142565
0.000142569
0.000142563
0.000142552
0.000142539
0.000142526
0.000142515
0.000142505
0.000142498
0.000142492
0.000142489
0.000142486
0.000142485
0.000142484
0.000142484
0.000142485
0.000142487
0.000142489
0.000142491
0.000142493
0.000142495
0.000142497
0.000142499
0.000142501
0.000142503
0.000142505
0.000142506
0.000142507
0.000142508
0.000142509
0.00014251
0.000142511
0.000142511
0.000142512
0.000142512
0.000142513
0.000142513
0.000142513
0.000142514
0.000142514
0.000142514
0.000142514
0.000142514
0.000142515
0.000142515
0.000142515
0.000142515
0.000142515
0.000142515
0.000142515
0.000142515
0.000142515
0.000142515
0.000142515
0.000142515
0.000142515
0.000142515
0.000142515
0.000142515
0.000142515
0.000142515
0.000142515
0.000142515
0.000142515
0.000142515
0.000142515
0.000142515
0.000142515
0.000142515
0.000142515
0.000142515
0.000142515
0.000142515
0.000142515
0.000142515
0.000142515
0.000142515
0.000142515
0.000142515
0.000142515
0.000142515
0.000142515
0.000142515
0.000142515
0.000142515
0.000142515
0.000142515
0.000142515
0.000142515
0.000142515
0.000142515
0.000142515
0.000142515
0.000142515
0.000142515
0.000142515
0.000142515
0.000142515
0.000142515
0.000142515
0.000142515
0.000142515
0.000142515
0.000142515
0.000142515
0.000142515
0.000142515
0.000142515
0.000142515
0.000142515
0.000142515
0.000142515
0.000142515
0.000142515
0.000142515
0.000142515
0.000142515
0.000142515
0.000142515
0.000142515
0.000142515
0.000142515
0.000142515
0.000142515
0.000142515
0.000142515
0.000142515
0.000142515
0.000142515
0.000142515
0.000142515
0.000142515
0.000142515
0.000142515
0.000142515
0.000142515
0.000142515
0.000142515
0.000142515
0.000142515
0.000142515
0.000142515
0.000142515
0.000142515
0.000142515
0.000142515
0.000142515
0.000142515
0.000142515
0.000142515
0.000142515
0.000142515
0.000142515
0.000142515
0.000142515
0.000142515
0.000142515
0.000142515
0.000142515
0.000142515
0.000142515
0.000142515
0.000142515
0.000142515
0.000142515
0.000142515
0.000142515
0.000142515
0.000142515
0.000142515
0.000142515
0.000142515
0.000142515
0.000142515
0.000142515
0.000142515
0.000142515
0.000142515
0.000142515
0.000142515
0.000142515
0.000142515
0.000142515
0.000142515
0.000142515
0.000142515
0.000142515
0.000142515
0.000142515
0.000142515
0.000142515
0.000142515
0.000142515
0.000142515
0.000142515
0.000142515
0.000142515
0.000142515
0.000142515
0.000142515
0.000142515
0.000142515
0.000142515
0.000142515
0.000142515
0.000142515
0.000142515
0.000142515
0.000142515
0.000142515
0.000142515
0.000142515
0.000142515
0.000142515
0.000142515
0.000142515
0.000142515
0.000142515
0.000142515
0.000142515
0.000142515
0.000142515
0.000142515
0.000142515
0.000142515
0.000142515
0.000142515
0.000142515
0.000142515
0.000142515
0.000142515
0.000142515
0.000142515
0.000142515
0.000142515
0.000142515
0.000142515
0.000142515
0.000142515
0.000142515
0.000142515
0.000142515
0.000142515
0.000142515
0.000142515
0.000142515
0.000142515
0.000142515
0.000142515
0.000142515
0.000142515
0.000142515
0.000142515
0.000142515
0.000142515
0.000142515
0.000142515
0.000142515
0.000142515
0.000142515
0.000142515
0.000142515
0.000142515
0.000142515
0.000142515
0.000142515
0.000142515
0.000142515
3.58154e-05
3.18752e-05
3.92905e-05
5.15016e-05
5.88233e-05
7.08242e-05
8.22016e-05
9.27411e-05
0.000102401
0.000110578
0.000117738
0.000123652
0.000129086
0.000133552
0.00013724
0.000140575
0.000143642
0.000146467
0.000149083
0.000151494
0.000153714
0.000155753
0.000157608
0.000159281
0.000160762
0.000161966
0.000162856
0.000163496
0.000163948
0.000164262
0.000164478
0.000164623
0.000164718
0.000164781
0.000164821
0.000164848
0.000164867
0.000164881
0.000164892
0.000164903
0.000164913
0.000164922
0.000164932
0.000164942
0.000164951
0.000164959
0.000164967
0.000164975
0.000164984
0.000164992
0.000164999
0.000165006
0.000165012
0.000165018
0.000165023
0.000165028
0.000165032
0.000165036
0.000165039
0.000165042
0.000165045
0.000165047
0.000165049
0.000165051
0.000165052
0.000165054
0.000165055
0.000165056
0.000165056
0.000165057
0.000165058
0.000165058
0.000165059
0.000165059
0.00016506
0.00016506
0.00016506
0.00016506
0.00016506
0.000165061
0.000165061
0.000165061
0.000165061
0.000165061
0.000165061
0.000165061
0.000165061
0.000165061
0.000165061
0.000165061
0.000165061
0.000165061
0.000165061
0.000165061
0.000165061
0.000165062
0.000165062
0.000165062
0.000165062
0.000165062
0.000165062
0.000165062
0.000165062
0.000165062
0.000165062
0.000165062
0.000165062
0.000165062
0.000165062
0.000165062
0.000165062
0.000165062
0.000165062
0.000165062
0.000165062
0.000165062
0.000165062
0.000165062
0.000165062
0.000165062
0.000165062
0.000165062
0.000165062
0.000165062
0.000165062
0.000165062
0.000165062
0.000165062
0.000165062
0.000165062
0.000165062
0.000165062
0.000165062
0.000165062
0.000165062
0.000165062
0.000165062
0.000165062
0.000165062
0.000165062
0.000165062
0.000165062
0.000165062
0.000165062
0.000165062
0.000165062
0.000165062
0.000165062
0.000165062
0.000165062
0.000165062
0.000165062
0.000165062
0.000165062
0.000165062
0.000165062
0.000165062
0.000165062
0.000165062
0.000165062
0.000165062
0.000165062
0.000165062
0.000165062
0.000165062
0.000165062
0.000165062
0.000165062
0.000165062
0.000165062
0.000165062
0.000165062
0.000165062
0.000165062
0.000165062
0.000165062
0.000165062
0.000165062
0.000165062
0.000165062
0.000165062
0.000165062
0.000165062
0.000165062
0.000165062
0.000165062
0.000165062
0.000165062
0.000165062
0.000165062
0.000165062
0.000165062
0.000165062
0.000165062
0.000165062
0.000165062
0.000165062
0.000165062
0.000165062
0.000165062
0.000165062
0.000165062
0.000165062
0.000165062
0.000165062
0.000165062
0.000165062
0.000165062
0.000165062
0.000165062
0.000165062
0.000165062
0.000165062
0.000165062
0.000165062
0.000165062
0.000165062
0.000165062
0.000165062
0.000165062
0.000165062
0.000165062
0.000165062
0.000165062
0.000165062
0.000165062
0.000165062
0.000165062
0.000165062
0.000165062
0.000165062
0.000165062
0.000165062
0.000165062
0.000165062
0.000165062
0.000165062
0.000165062
0.000165062
0.000165062
0.000165062
0.000165062
0.000165062
0.000165062
0.000165062
0.000165062
0.000165062
0.000165062
0.000165062
0.000165062
0.000165062
0.000165062
0.000165062
0.000165062
0.000165062
0.000165062
0.000165062
0.000165062
0.000165062
0.000165062
0.000165062
0.000165062
0.000165062
0.000165062
0.000165062
0.000165062
0.000165062
0.000165062
0.000165062
0.000165062
0.000165062
0.000165062
0.000165062
0.000165062
0.000165062
0.000165062
0.000165062
0.000165062
0.000165062
0.000165062
0.000165062
0.000165062
0.000165062
0.000165062
0.000165062
0.000165062
0.000165062
0.000165062
0.000165062
0.000165062
0.000165062
0.000165062
0.000165062
0.000165062
0.000165062
0.000165062
0.000165062
0.000165062
0.000165062
0.000165062
5.17532e-05
3.49713e-05
3.50189e-05
4.26136e-05
5.38011e-05
6.35264e-05
7.25082e-05
8.36174e-05
9.48579e-05
0.000105013
0.000114714
0.000122992
0.000130697
0.000137277
0.000143201
0.000148274
0.00015294
0.000157414
0.000161306
0.000164634
0.000167684
0.000170477
0.000173011
0.000175298
0.000177351
0.000179075
0.0001804
0.000181405
0.000182165
0.000182739
0.000183174
0.000183504
0.000183756
0.000183951
0.000184104
0.000184227
0.000184328
0.000184412
0.000184484
0.000184547
0.000184602
0.000184651
0.000184695
0.000184734
0.000184768
0.000184798
0.000184826
0.000184851
0.000184874
0.000184895
0.000184914
0.000184931
0.000184946
0.000184959
0.000184971
0.000184981
0.000184991
0.000184999
0.000185006
0.000185012
0.000185018
0.000185022
0.000185027
0.00018503
0.000185033
0.000185036
0.000185038
0.00018504
0.000185042
0.000185043
0.000185045
0.000185046
0.000185047
0.000185048
0.000185048
0.000185049
0.00018505
0.00018505
0.00018505
0.000185051
0.000185051
0.000185051
0.000185052
0.000185052
0.000185052
0.000185052
0.000185052
0.000185052
0.000185052
0.000185052
0.000185052
0.000185052
0.000185053
0.000185053
0.000185053
0.000185053
0.000185053
0.000185053
0.000185053
0.000185053
0.000185053
0.000185053
0.000185053
0.000185053
0.000185053
0.000185053
0.000185053
0.000185053
0.000185053
0.000185053
0.000185053
0.000185053
0.000185053
0.000185053
0.000185053
0.000185053
0.000185053
0.000185053
0.000185053
0.000185053
0.000185053
0.000185053
0.000185053
0.000185053
0.000185053
0.000185053
0.000185053
0.000185053
0.000185053
0.000185053
0.000185053
0.000185053
0.000185053
0.000185053
0.000185053
0.000185053
0.000185053
0.000185053
0.000185053
0.000185053
0.000185053
0.000185053
0.000185053
0.000185053
0.000185053
0.000185053
0.000185053
0.000185053
0.000185053
0.000185053
0.000185053
0.000185053
0.000185053
0.000185053
0.000185053
0.000185053
0.000185053
0.000185053
0.000185053
0.000185053
0.000185053
0.000185053
0.000185053
0.000185053
0.000185053
0.000185053
0.000185053
0.000185053
0.000185053
0.000185053
0.000185053
0.000185053
0.000185053
0.000185053
0.000185053
0.000185053
0.000185053
0.000185053
0.000185053
0.000185053
0.000185053
0.000185053
0.000185053
0.000185053
0.000185053
0.000185053
0.000185053
0.000185053
0.000185053
0.000185053
0.000185053
0.000185053
0.000185053
0.000185053
0.000185053
0.000185053
0.000185053
0.000185053
0.000185053
0.000185053
0.000185053
0.000185053
0.000185053
0.000185053
0.000185053
0.000185053
0.000185053
0.000185053
0.000185053
0.000185053
0.000185053
0.000185053
0.000185053
0.000185053
0.000185053
0.000185053
0.000185053
0.000185053
0.000185053
0.000185053
0.000185053
0.000185053
0.000185053
0.000185053
0.000185053
0.000185053
0.000185053
0.000185053
0.000185053
0.000185053
0.000185053
0.000185053
0.000185053
0.000185053
0.000185053
0.000185053
0.000185053
0.000185053
0.000185053
0.000185053
0.000185053
0.000185053
0.000185053
0.000185053
0.000185053
0.000185053
0.000185053
0.000185053
0.000185053
0.000185053
0.000185053
0.000185053
0.000185053
0.000185053
0.000185053
0.000185053
0.000185053
0.000185053
0.000185053
0.000185053
0.000185053
0.000185053
0.000185053
0.000185053
0.000185053
0.000185053
0.000185053
0.000185053
0.000185053
0.000185053
0.000185053
0.000185053
0.000185053
0.000185053
0.000185053
0.000185053
0.000185053
0.000185053
0.000185053
0.000185053
0.000185053
0.000185053
0.000185053
0.000185053
0.000185053
0.000185053
0.000185053
0.000185053
0.000185053
0.000185053
0.000185053
0.000185053
0.000185053
0.000185053
0.000185053
0.000185053
0.000185053
0.000185053
0.000185053
0.000185053
8.18325e-05
4.66082e-05
3.7566e-05
3.83386e-05
4.58451e-05
5.72618e-05
6.4175e-05
7.42779e-05
8.43406e-05
9.4964e-05
0.00010601
0.000115969
0.000125588
0.00013412
0.000142112
0.000149101
0.000155354
0.00016129
0.00016659
0.00017145
0.000175777
0.000179513
0.000182784
0.000185582
0.000188899
0.000192384
0.000194296
0.000195811
0.000197015
0.000197977
0.00019875
0.000199374
0.000199882
0.000200299
0.000200643
0.000200932
0.000201176
0.000201384
0.000201563
0.000201717
0.000201852
0.000201969
0.000202072
0.000202162
0.00020224
0.000202308
0.000202369
0.000202422
0.00020247
0.000202513
0.00020255
0.000202584
0.000202613
0.000202639
0.000202661
0.000202681
0.000202699
0.000202714
0.000202727
0.000202739
0.000202749
0.000202757
0.000202765
0.000202771
0.000202777
0.000202782
0.000202786
0.00020279
0.000202793
0.000202796
0.000202798
0.0002028
0.000202802
0.000202804
0.000202805
0.000202806
0.000202807
0.000202808
0.000202809
0.000202809
0.00020281
0.00020281
0.000202811
0.000202811
0.000202811
0.000202811
0.000202812
0.000202812
0.000202812
0.000202812
0.000202812
0.000202812
0.000202812
0.000202813
0.000202813
0.000202813
0.000202813
0.000202813
0.000202813
0.000202813
0.000202813
0.000202813
0.000202813
0.000202813
0.000202813
0.000202813
0.000202813
0.000202813
0.000202813
0.000202813
0.000202813
0.000202813
0.000202813
0.000202813
0.000202813
0.000202813
0.000202813
0.000202813
0.000202813
0.000202813
0.000202813
0.000202813
0.000202813
0.000202813
0.000202813
0.000202813
0.000202813
0.000202813
0.000202813
0.000202813
0.000202813
0.000202813
0.000202813
0.000202813
0.000202813
0.000202813
0.000202813
0.000202813
0.000202813
0.000202813
0.000202813
0.000202813
0.000202813
0.000202813
0.000202813
0.000202813
0.000202813
0.000202813
0.000202813
0.000202813
0.000202813
0.000202813
0.000202813
0.000202813
0.000202813
0.000202813
0.000202813
0.000202813
0.000202813
0.000202813
0.000202813
0.000202813
0.000202813
0.000202813
0.000202813
0.000202813
0.000202813
0.000202813
0.000202813
0.000202813
0.000202813
0.000202813
0.000202813
0.000202813
0.000202813
0.000202813
0.000202813
0.000202813
0.000202813
0.000202813
0.000202813
0.000202813
0.000202813
0.000202813
0.000202813
0.000202813
0.000202813
0.000202813
0.000202813
0.000202813
0.000202813
0.000202813
0.000202813
0.000202813
0.000202813
0.000202813
0.000202813
0.000202813
0.000202813
0.000202813
0.000202813
0.000202813
0.000202813
0.000202813
0.000202813
0.000202813
0.000202813
0.000202813
0.000202813
0.000202813
0.000202813
0.000202813
0.000202813
0.000202813
0.000202813
0.000202813
0.000202813
0.000202813
0.000202813
0.000202813
0.000202813
0.000202813
0.000202813
0.000202813
0.000202813
0.000202813
0.000202813
0.000202813
0.000202813
0.000202813
0.000202813
0.000202813
0.000202813
0.000202813
0.000202813
0.000202813
0.000202813
0.000202813
0.000202813
0.000202813
0.000202813
0.000202813
0.000202813
0.000202813
0.000202813
0.000202813
0.000202813
0.000202813
0.000202813
0.000202813
0.000202813
0.000202813
0.000202813
0.000202813
0.000202813
0.000202813
0.000202813
0.000202813
0.000202813
0.000202813
0.000202813
0.000202813
0.000202813
0.000202813
0.000202813
0.000202813
0.000202813
0.000202813
0.000202813
0.000202813
0.000202813
0.000202813
0.000202813
0.000202813
0.000202813
0.000202813
0.000202813
0.000202813
0.000202813
0.000202813
0.000202813
0.000202813
0.000202813
0.000202813
0.000202813
0.000202813
0.000202813
0.000202813
0.000202813
0.000202813
0.000202813
0.000202813
0.000202813
0.000202813
0.000202813
0.000202813
0.000202813
0.000202813
0.000202813
0.000202813
0.000135438
6.93485e-05
4.95743e-05
4.15658e-05
4.17524e-05
4.85993e-05
5.92109e-05
6.81816e-05
7.52318e-05
8.46236e-05
9.47881e-05
0.000105082
0.00011578
0.000125676
0.000135293
0.00014409
0.000152062
0.000159264
0.000165878
0.000172171
0.000177711
0.000182426
0.000186734
0.000191054
0.000196965
0.000202124
0.000204759
0.000206923
0.000208711
0.000210194
0.000211431
0.000212466
0.000213334
0.000214067
0.000214688
0.000215217
0.000215669
0.000216058
0.000216393
0.000216683
0.000216934
0.000217152
0.000217341
0.000217506
0.000217648
0.000217772
0.000217881
0.000217976
0.00021806
0.000218134
0.000218199
0.000218255
0.000218305
0.000218348
0.000218386
0.000218419
0.000218448
0.000218473
0.000218495
0.000218514
0.00021853
0.000218545
0.000218557
0.000218568
0.000218577
0.000218585
0.000218592
0.000218598
0.000218603
0.000218608
0.000218611
0.000218615
0.000218618
0.00021862
0.000218622
0.000218624
0.000218626
0.000218627
0.000218628
0.000218629
0.00021863
0.000218631
0.000218631
0.000218632
0.000218633
0.000218633
0.000218633
0.000218634
0.000218634
0.000218634
0.000218634
0.000218634
0.000218635
0.000218635
0.000218635
0.000218635
0.000218635
0.000218635
0.000218635
0.000218635
0.000218635
0.000218635
0.000218635
0.000218635
0.000218635
0.000218635
0.000218635
0.000218635
0.000218635
0.000218635
0.000218635
0.000218635
0.000218635
0.000218635
0.000218635
0.000218635
0.000218635
0.000218635
0.000218635
0.000218635
0.000218635
0.000218635
0.000218635
0.000218635
0.000218635
0.000218635
0.000218635
0.000218635
0.000218635
0.000218635
0.000218635
0.000218635
0.000218635
0.000218635
0.000218635
0.000218635
0.000218635
0.000218635
0.000218635
0.000218635
0.000218635
0.000218635
0.000218635
0.000218635
0.000218635
0.000218635
0.000218635
0.000218635
0.000218635
0.000218635
0.000218635
0.000218635
0.000218635
0.000218635
0.000218635
0.000218635
0.000218635
0.000218635
0.000218635
0.000218635
0.000218635
0.000218635
0.000218635
0.000218635
0.000218635
0.000218635
0.000218635
0.000218635
0.000218635
0.000218635
0.000218635
0.000218635
0.000218635
0.000218635
0.000218635
0.000218635
0.000218635
0.000218635
0.000218635
0.000218635
0.000218635
0.000218635
0.000218635
0.000218635
0.000218635
0.000218635
0.000218635
0.000218635
0.000218635
0.000218635
0.000218635
0.000218635
0.000218635
0.000218635
0.000218635
0.000218635
0.000218635
0.000218635
0.000218635
0.000218635
0.000218635
0.000218635
0.000218635
0.000218635
0.000218635
0.000218635
0.000218635
0.000218635
0.000218635
0.000218635
0.000218635
0.000218635
0.000218635
0.000218635
0.000218635
0.000218635
0.000218635
0.000218635
0.000218635
0.000218635
0.000218635
0.000218635
0.000218635
0.000218635
0.000218635
0.000218635
0.000218635
0.000218635
0.000218635
0.000218635
0.000218635
0.000218635
0.000218635
0.000218635
0.000218635
0.000218635
0.000218635
0.000218635
0.000218635
0.000218635
0.000218635
0.000218635
0.000218635
0.000218635
0.000218635
0.000218635
0.000218635
0.000218635
0.000218635
0.000218635
0.000218635
0.000218635
0.000218635
0.000218635
0.000218635
0.000218635
0.000218635
0.000218635
0.000218635
0.000218635
0.000218635
0.000218635
0.000218635
0.000218635
0.000218635
0.000218635
0.000218635
0.000218635
0.000218635
0.000218635
0.000218635
0.000218635
0.000218635
0.000218635
0.000218635
0.000218635
0.000218635
0.000218635
0.000218635
0.000218635
0.000218635
0.000218635
0.000218635
0.000218635
0.000218635
0.000218635
0.000218635
0.000218635
0.000218635
0.000218635
0.000218635
0.000218635
0.000218635
0.000218635
0.000218635
0.000218635
0.000218635
0.000218635
0.000218635
0.000218635
0.000194705
0.00011164
7.2907e-05
5.46876e-05
4.59199e-05
4.55483e-05
5.11798e-05
6.05136e-05
6.93263e-05
7.74832e-05
8.50134e-05
9.40553e-05
0.000104022
0.000114082
0.000124524
0.000134423
0.000143833
0.000152358
0.000160309
0.000167557
0.000174445
0.000180602
0.000186918
0.000194383
0.000203391
0.000208592
0.00021207
0.000215014
0.000217518
0.000219654
0.000221477
0.000223035
0.000224368
0.000225509
0.000226489
0.000227331
0.000228056
0.000228682
0.000229223
0.000229691
0.000230096
0.000230446
0.00023075
0.000231013
0.00023124
0.000231437
0.000231609
0.000231759
0.00023189
0.000232005
0.000232105
0.000232192
0.000232268
0.000232334
0.000232392
0.000232442
0.000232486
0.000232524
0.000232557
0.000232585
0.00023261
0.000232631
0.00023265
0.000232666
0.00023268
0.000232692
0.000232702
0.000232711
0.000232719
0.000232726
0.000232732
0.000232736
0.000232741
0.000232744
0.000232748
0.00023275
0.000232753
0.000232755
0.000232757
0.000232758
0.000232759
0.000232761
0.000232762
0.000232762
0.000232763
0.000232764
0.000232764
0.000232765
0.000232765
0.000232765
0.000232766
0.000232766
0.000232766
0.000232766
0.000232767
0.000232767
0.000232767
0.000232767
0.000232767
0.000232767
0.000232767
0.000232767
0.000232767
0.000232767
0.000232767
0.000232767
0.000232767
0.000232767
0.000232767
0.000232767
0.000232767
0.000232767
0.000232767
0.000232767
0.000232767
0.000232767
0.000232767
0.000232767
0.000232767
0.000232767
0.000232767
0.000232767
0.000232767
0.000232767
0.000232767
0.000232767
0.000232767
0.000232767
0.000232767
0.000232767
0.000232767
0.000232768
0.000232767
0.000232767
0.000232767
0.000232767
0.000232767
0.000232767
0.000232767
0.000232767
0.000232767
0.000232767
0.000232767
0.000232767
0.000232767
0.000232767
0.000232767
0.000232767
0.000232767
0.000232767
0.000232767
0.000232767
0.000232767
0.000232767
0.000232767
0.000232767
0.000232767
0.000232767
0.000232767
0.000232767
0.000232767
0.000232767
0.000232767
0.000232767
0.000232767
0.000232767
0.000232767
0.000232767
0.000232767
0.000232767
0.000232767
0.000232767
0.000232767
0.000232767
0.000232767
0.000232767
0.000232767
0.000232767
0.000232767
0.000232767
0.000232767
0.000232767
0.000232767
0.000232767
0.000232767
0.000232767
0.000232767
0.000232767
0.000232767
0.000232767
0.000232767
0.000232767
0.000232767
0.000232767
0.000232767
0.000232767
0.000232767
0.000232767
0.000232767
0.000232767
0.000232767
0.000232767
0.000232767
0.000232767
0.000232767
0.000232767
0.000232767
0.000232767
0.000232767
0.000232767
0.000232767
0.000232767
0.000232767
0.000232767
0.000232767
0.000232767
0.000232767
0.000232767
0.000232767
0.000232767
0.000232767
0.000232767
0.000232768
0.000232768
0.000232768
0.000232768
0.000232768
0.000232768
0.000232768
0.000232768
0.000232768
0.000232768
0.000232768
0.000232768
0.000232768
0.000232768
0.000232768
0.000232768
0.000232767
0.000232767
0.000232767
0.000232767
0.000232767
0.000232767
0.000232767
0.000232767
0.000232767
0.000232767
0.000232767
0.000232767
0.000232767
0.000232767
0.000232767
0.000232767
0.000232767
0.000232767
0.000232767
0.000232767
0.000232767
0.000232767
0.000232767
0.000232767
0.000232767
0.000232767
0.000232767
0.000232767
0.000232767
0.000232767
0.000232767
0.000232767
0.000232767
0.000232767
0.000232767
0.000232767
0.000232767
0.000232767
0.000232767
0.000232767
0.000232767
0.000232767
0.000232767
0.000232767
0.000232767
0.000232767
0.000232767
0.000232767
0.000232767
0.000232767
0.000232767
0.000232767
0.000232767
0.000232767
0.000232767
0.000232767
0.000232767
0.000232767
0.000232767
0.000232767
0.000232767
0.000232767
0.00018392
0.000176017
0.000115043
7.8923e-05
6.03175e-05
5.08756e-05
4.91829e-05
5.35251e-05
6.16968e-05
7.19948e-05
7.85182e-05
8.64093e-05
9.40425e-05
0.000102828
0.000112496
0.000122219
0.000132241
0.000141761
0.000151054
0.000159328
0.000167644
0.00017644
0.000186324
0.000197835
0.000207
0.000212122
0.000216554
0.000220402
0.000223748
0.000226655
0.000229177
0.000231362
0.000233251
0.000234884
0.000236295
0.000237516
0.000238571
0.000239484
0.000240275
0.000240959
0.000241551
0.000242063
0.000242506
0.000242889
0.000243219
0.000243505
0.000243754
0.000243971
0.000244159
0.000244324
0.000244466
0.00024459
0.000244698
0.000244792
0.000244874
0.000244945
0.000245006
0.000245059
0.000245105
0.000245145
0.00024518
0.00024521
0.000245236
0.000245259
0.000245278
0.000245295
0.000245309
0.000245322
0.000245333
0.000245342
0.00024535
0.000245357
0.000245363
0.000245368
0.000245373
0.000245376
0.00024538
0.000245383
0.000245385
0.000245387
0.000245389
0.000245391
0.000245392
0.000245393
0.000245394
0.000245395
0.000245396
0.000245396
0.000245397
0.000245397
0.000245398
0.000245398
0.000245398
0.000245399
0.000245399
0.000245399
0.000245399
0.000245399
0.0002454
0.0002454
0.0002454
0.0002454
0.0002454
0.0002454
0.0002454
0.0002454
0.0002454
0.0002454
0.0002454
0.0002454
0.0002454
0.0002454
0.0002454
0.0002454
0.0002454
0.0002454
0.0002454
0.0002454
0.0002454
0.0002454
0.0002454
0.0002454
0.0002454
0.0002454
0.0002454
0.0002454
0.0002454
0.0002454
0.0002454
0.0002454
0.0002454
0.0002454
0.0002454
0.0002454
0.0002454
0.0002454
0.0002454
0.0002454
0.0002454
0.0002454
0.0002454
0.0002454
0.0002454
0.0002454
0.0002454
0.0002454
0.0002454
0.0002454
0.0002454
0.0002454
0.0002454
0.0002454
0.0002454
0.0002454
0.0002454
0.0002454
0.0002454
0.0002454
0.0002454
0.0002454
0.0002454
0.0002454
0.0002454
0.0002454
0.0002454
0.0002454
0.0002454
0.0002454
0.0002454
0.0002454
0.0002454
0.0002454
0.0002454
0.0002454
0.0002454
0.0002454
0.0002454
0.0002454
0.0002454
0.0002454
0.0002454
0.0002454
0.0002454
0.0002454
0.0002454
0.0002454
0.0002454
0.0002454
0.0002454
0.0002454
0.0002454
0.0002454
0.0002454
0.0002454
0.0002454
0.0002454
0.0002454
0.0002454
0.0002454
0.0002454
0.0002454
0.0002454
0.0002454
0.0002454
0.0002454
0.0002454
0.0002454
0.0002454
0.0002454
0.0002454
0.0002454
0.0002454
0.0002454
0.0002454
0.0002454
0.0002454
0.0002454
0.0002454
0.0002454
0.0002454
0.0002454
0.0002454
0.0002454
0.0002454
0.0002454
0.0002454
0.0002454
0.0002454
0.0002454
0.0002454
0.0002454
0.0002454
0.0002454
0.0002454
0.0002454
0.0002454
0.0002454
0.0002454
0.0002454
0.0002454
0.0002454
0.0002454
0.0002454
0.0002454
0.0002454
0.0002454
0.0002454
0.0002454
0.0002454
0.0002454
0.0002454
0.0002454
0.0002454
0.0002454
0.0002454
0.0002454
0.0002454
0.0002454
0.0002454
0.0002454
0.0002454
0.0002454
0.0002454
0.0002454
0.0002454
0.0002454
0.0002454
0.0002454
0.0002454
0.0002454
0.0002454
0.0002454
0.0002454
0.0002454
0.0002454
0.0002454
0.0002454
0.0002454
0.0002454
0.0002454
0.0002454
0.0002454
0.0002454
0.0002454
0.0002454
0.0002454
0.0002454
0.0002454
0.0002454
0.0002454
0.0002454
0.0002454
0.0002454
0.0002454
0.0002454
0.0002454
0.0002454
0.0002454
0.0002454
0.0002454
0.000165731
0.00025283
0.000176365
0.000120569
8.50202e-05
6.61505e-05
5.58252e-05
5.29924e-05
5.58209e-05
6.27475e-05
7.19349e-05
8.18373e-05
8.76099e-05
9.51308e-05
0.000102764
0.000111117
0.00012053
0.000130201
0.000140273
0.000150211
0.000160695
0.000173327
0.000187415
0.000199915
0.000206869
0.000213077
0.000218576
0.000223444
0.000227745
0.000231528
0.000234843
0.000237737
0.000240256
0.000242445
0.000244346
0.000245995
0.000247425
0.000248664
0.000249738
0.000250668
0.000251473
0.000252169
0.00025277
0.000253289
0.000253737
0.000254125
0.000254461
0.000254754
0.000255008
0.000255228
0.00025542
0.000255586
0.00025573
0.000255855
0.000255964
0.000256058
0.000256139
0.00025621
0.000256271
0.000256324
0.00025637
0.00025641
0.000256444
0.000256474
0.0002565
0.000256522
0.000256541
0.000256557
0.000256572
0.000256584
0.000256595
0.000256604
0.000256612
0.000256618
0.000256624
0.000256629
0.000256634
0.000256638
0.000256641
0.000256644
0.000256646
0.000256648
0.00025665
0.000256651
0.000256653
0.000256654
0.000256655
0.000256656
0.000256656
0.000256657
0.000256657
0.000256658
0.000256658
0.000256659
0.000256659
0.000256659
0.000256659
0.00025666
0.00025666
0.00025666
0.00025666
0.00025666
0.00025666
0.00025666
0.00025666
0.00025666
0.000256661
0.000256661
0.000256661
0.000256661
0.000256661
0.000256661
0.000256661
0.000256661
0.000256661
0.000256661
0.000256661
0.000256661
0.000256661
0.000256661
0.000256661
0.000256661
0.000256661
0.000256661
0.000256661
0.000256661
0.000256661
0.000256661
0.000256661
0.000256661
0.000256661
0.000256661
0.000256661
0.000256661
0.000256661
0.000256661
0.000256661
0.000256661
0.000256661
0.000256661
0.000256661
0.000256661
0.000256661
0.000256661
0.000256661
0.000256661
0.000256661
0.000256661
0.000256661
0.000256661
0.000256661
0.000256661
0.000256661
0.000256661
0.000256661
0.000256661
0.000256661
0.000256661
0.000256661
0.000256661
0.000256661
0.000256661
0.000256661
0.000256661
0.000256661
0.000256661
0.000256661
0.000256661
0.000256661
0.000256661
0.000256661
0.000256661
0.000256661
0.000256661
0.000256661
0.000256661
0.000256661
0.000256661
0.000256661
0.000256661
0.000256661
0.000256661
0.000256661
0.000256661
0.000256661
0.000256661
0.000256661
0.000256661
0.000256661
0.000256661
0.000256661
0.000256661
0.000256661
0.000256661
0.000256661
0.000256661
0.000256661
0.000256661
0.000256661
0.000256661
0.000256661
0.000256661
0.000256661
0.000256661
0.000256661
0.000256661
0.000256661
0.000256661
0.000256661
0.000256661
0.000256661
0.000256661
0.000256661
0.000256661
0.000256661
0.000256661
0.000256661
0.000256661
0.000256661
0.000256661
0.000256661
0.000256661
0.000256661
0.000256661
0.000256661
0.000256661
0.000256661
0.000256661
0.000256661
0.000256661
0.000256661
0.000256661
0.000256661
0.000256661
0.000256661
0.000256661
0.000256661
0.000256661
0.000256661
0.000256661
0.000256661
0.000256661
0.000256661
0.000256661
0.000256661
0.000256661
0.000256661
0.000256661
0.000256661
0.000256661
0.000256661
0.000256661
0.000256661
0.000256661
0.000256661
0.000256661
0.000256661
0.000256661
0.000256661
0.000256661
0.000256661
0.000256661
0.000256661
0.000256661
0.000256661
0.000256661
0.000256661
0.000256661
0.000256661
0.000256661
0.000256661
0.000256661
0.000256661
0.000256661
0.000256661
0.000256661
0.000256661
0.000256661
0.000256661
0.000256661
0.000256661
0.000256661
0.000256661
0.000256661
0.000256661
0.000256661
0.000256661
0.000256661
0.000256661
0.000256661
0.000256661
0.000256661
0.000256661
0.000256661
0.000256661
0.000256661
0.000256661
0.000256661
0.000256661
0.000256661
0.000140424
0.000288892
0.000247172
0.000178091
0.000125173
9.05677e-05
7.17426e-05
6.0862e-05
5.66947e-05
5.82188e-05
6.36644e-05
7.18803e-05
8.1506e-05
9.0397e-05
9.67048e-05
0.000104281
0.000112521
0.000121832
0.000132277
0.00014411
0.000157693
0.000173305
0.00018734
0.000196238
0.000204409
0.000211836
0.000218529
0.000224532
0.000229885
0.000234626
0.0002388
0.000242459
0.000245654
0.000248438
0.000250861
0.000252968
0.000254797
0.000256385
0.000257761
0.000258954
0.000259986
0.000260878
0.000261648
0.000262313
0.000262887
0.000263384
0.000263814
0.000264188
0.000264512
0.000264792
0.000265036
0.000265247
0.00026543
0.000265589
0.000265726
0.000265845
0.000265948
0.000266037
0.000266115
0.000266182
0.000266239
0.000266289
0.000266333
0.00026637
0.000266402
0.00026643
0.000266454
0.000266475
0.000266493
0.000266508
0.000266521
0.000266533
0.000266543
0.000266551
0.000266559
0.000266565
0.00026657
0.000266575
0.000266579
0.000266583
0.000266586
0.000266588
0.000266591
0.000266592
0.000266594
0.000266596
0.000266597
0.000266598
0.000266599
0.0002666
0.0002666
0.000266601
0.000266601
0.000266602
0.000266602
0.000266602
0.000266603
0.000266603
0.000266603
0.000266603
0.000266603
0.000266604
0.000266604
0.000266604
0.000266604
0.000266604
0.000266604
0.000266604
0.000266604
0.000266604
0.000266604
0.000266604
0.000266604
0.000266604
0.000266604
0.000266604
0.000266604
0.000266604
0.000266604
0.000266604
0.000266604
0.000266604
0.000266604
0.000266604
0.000266604
0.000266604
0.000266604
0.000266604
0.000266604
0.000266604
0.000266604
0.000266604
0.000266604
0.000266604
0.000266604
0.000266604
0.000266604
0.000266604
0.000266604
0.000266604
0.000266604
0.000266604
0.000266604
0.000266604
0.000266604
0.000266604
0.000266604
0.000266604
0.000266604
0.000266604
0.000266604
0.000266604
0.000266604
0.000266604
0.000266604
0.000266604
0.000266604
0.000266604
0.000266604
0.000266604
0.000266604
0.000266604
0.000266604
0.000266604
0.000266604
0.000266604
0.000266604
0.000266604
0.000266604
0.000266604
0.000266604
0.000266604
0.000266604
0.000266604
0.000266604
0.000266604
0.000266604
0.000266604
0.000266604
0.000266604
0.000266604
0.000266604
0.000266604
0.000266604
0.000266604
0.000266604
0.000266604
0.000266604
0.000266604
0.000266604
0.000266604
0.000266604
0.000266604
0.000266604
0.000266604
0.000266604
0.000266604
0.000266604
0.000266604
0.000266604
0.000266604
0.000266604
0.000266604
0.000266604
0.000266604
0.000266604
0.000266604
0.000266604
0.000266604
0.000266604
0.000266604
0.000266604
0.000266604
0.000266604
0.000266604
0.000266604
0.000266604
0.000266604
0.000266604
0.000266604
0.000266604
0.000266604
0.000266604
0.000266604
0.000266604
0.000266604
0.000266604
0.000266604
0.000266604
0.000266604
0.000266604
0.000266604
0.000266604
0.000266604
0.000266604
0.000266604
0.000266604
0.000266604
0.000266604
0.000266604
0.000266604
0.000266604
0.000266604
0.000266604
0.000266604
0.000266604
0.000266604
0.000266604
0.000266604
0.000266604
0.000266604
0.000266604
0.000266604
0.000266604
0.000266604
0.000266604
0.000266604
0.000266604
0.000266604
0.000266604
0.000266604
0.000266604
0.000266604
0.000266604
0.000266604
0.000266604
0.000266604
0.000266604
0.000266604
0.000266604
0.000266604
0.000266604
0.000266604
0.000266604
0.000266604
0.000266604
0.000266604
0.000266604
0.000266604
0.000266604
0.000266604
0.000266604
0.000266604
0.000266604
0.000266604
0.000266604
0.000266604
0.000266604
0.000266604
0.000266604
0.000266604
0.000266604
0.000266604
0.000266604
0.000266604
0.000266604
0.000266604
0.000266604
0.000266604
0.000266604
0.000141615
0.000283554
0.000323216
0.000239442
0.000177326
0.000127932
9.5399e-05
7.6954e-05
6.55928e-05
6.04649e-05
6.05297e-05
6.47402e-05
7.17095e-05
8.05519e-05
9.04136e-05
0.000100609
0.000108588
0.000118216
0.00012934
0.000142904
0.000157511
0.000168892
0.000179906
0.000190247
0.000199875
0.000208746
0.000216822
0.000224096
0.000230583
0.000236326
0.000241385
0.000245822
0.000249702
0.000253086
0.000256034
0.000258599
0.000260829
0.000262765
0.000264445
0.000265901
0.00026716
0.000268248
0.000269188
0.000269999
0.000270699
0.000271305
0.00027183
0.000272285
0.000272679
0.00027302
0.000273316
0.000273572
0.000273794
0.000273986
0.000274152
0.000274296
0.000274421
0.000274528
0.000274622
0.000274702
0.000274772
0.000274832
0.000274884
0.000274929
0.000274968
0.000275001
0.00027503
0.000275055
0.000275077
0.000275095
0.000275111
0.000275125
0.000275137
0.000275147
0.000275156
0.000275164
0.00027517
0.000275176
0.000275181
0.000275185
0.000275189
0.000275192
0.000275194
0.000275197
0.000275199
0.0002752
0.000275202
0.000275203
0.000275204
0.000275205
0.000275206
0.000275207
0.000275207
0.000275208
0.000275208
0.000275209
0.000275209
0.000275209
0.00027521
0.00027521
0.00027521
0.00027521
0.00027521
0.00027521
0.000275211
0.000275211
0.000275211
0.000275211
0.000275211
0.000275211
0.000275211
0.000275211
0.000275211
0.000275211
0.000275211
0.000275211
0.000275211
0.000275211
0.000275211
0.000275211
0.000275211
0.000275211
0.000275211
0.000275211
0.000275211
0.000275211
0.000275211
0.000275211
0.000275211
0.000275211
0.000275211
0.000275211
0.000275211
0.000275211
0.000275211
0.000275211
0.000275211
0.000275211
0.000275211
0.000275211
0.000275211
0.000275211
0.000275211
0.000275211
0.000275211
0.000275211
0.000275211
0.000275211
0.000275211
0.000275211
0.000275211
0.000275211
0.000275211
0.000275211
0.000275211
0.000275211
0.000275211
0.000275211
0.000275211
0.000275211
0.000275211
0.000275211
0.000275211
0.000275211
0.000275211
0.000275211
0.000275211
0.000275211
0.000275211
0.000275211
0.000275211
0.000275211
0.000275211
0.000275211
0.000275211
0.000275211
0.000275211
0.000275211
0.000275211
0.000275211
0.000275211
0.000275211
0.000275211
0.000275211
0.000275211
0.000275211
0.000275211
0.000275211
0.000275211
0.000275211
0.000275211
0.000275211
0.000275211
0.000275211
0.000275211
0.000275211
0.000275211
0.000275211
0.000275211
0.000275211
0.000275211
0.000275211
0.000275211
0.000275211
0.000275211
0.000275211
0.000275211
0.000275211
0.000275211
0.000275211
0.000275211
0.000275211
0.000275211
0.000275211
0.000275211
0.000275211
0.000275211
0.000275211
0.000275211
0.000275211
0.000275211
0.000275211
0.000275211
0.000275211
0.000275211
0.000275211
0.000275211
0.000275211
0.000275211
0.000275211
0.000275211
0.000275211
0.000275211
0.000275211
0.000275211
0.000275211
0.000275211
0.000275211
0.000275211
0.000275211
0.000275211
0.000275211
0.000275211
0.000275211
0.000275211
0.000275211
0.000275211
0.000275211
0.000275211
0.000275211
0.000275211
0.000275211
0.000275211
0.000275211
0.000275211
0.000275211
0.000275211
0.000275211
0.000275211
0.000275211
0.000275211
0.000275211
0.000275211
0.000275211
0.000275211
0.000275211
0.000275211
0.000275211
0.000275211
0.000275211
0.000275211
0.000275211
0.000275211
0.000275211
0.000275211
0.000275211
0.000275211
0.000275211
0.000275211
0.000275211
0.000275211
0.000275211
0.000275211
0.000275211
0.000275211
0.000275211
0.000275211
0.000275211
0.000275211
0.000275211
0.000275211
0.000275211
0.000275211
0.000275211
0.000275211
0.000275211
0.000275211
0.000275211
0.000275211
0.000275211
0.000143157
0.000283429
0.000398351
0.000298793
0.000228265
0.000173401
0.000129199
9.90916e-05
8.12835e-05
6.98285e-05
6.39587e-05
6.29654e-05
6.58846e-05
7.1824e-05
7.97961e-05
8.92421e-05
9.94696e-05
0.000110394
0.000121942
0.000133981
0.00014634
0.000158741
0.000171007
0.00018283
0.000194076
0.000204586
0.00021415
0.000222709
0.000230309
0.000237024
0.000242931
0.000248109
0.000252635
0.000256582
0.000260021
0.000263014
0.000265616
0.000267876
0.000269837
0.000271537
0.000273008
0.000274278
0.000275375
0.000276322
0.00027714
0.000277847
0.00027846
0.00027899
0.00027945
0.000279847
0.000280191
0.000280489
0.000280747
0.000280971
0.000281164
0.000281331
0.000281475
0.0002816
0.000281708
0.000281802
0.000281882
0.000281952
0.000282012
0.000282064
0.000282109
0.000282148
0.000282181
0.00028221
0.000282235
0.000282256
0.000282275
0.000282291
0.000282304
0.000282316
0.000282326
0.000282335
0.000282343
0.000282349
0.000282355
0.00028236
0.000282364
0.000282368
0.000282371
0.000282373
0.000282376
0.000282378
0.000282379
0.000282381
0.000282382
0.000282383
0.000282384
0.000282385
0.000282386
0.000282386
0.000282387
0.000282387
0.000282388
0.000282388
0.000282388
0.000282388
0.000282389
0.000282389
0.000282389
0.000282389
0.000282389
0.000282389
0.000282389
0.00028239
0.00028239
0.00028239
0.00028239
0.00028239
0.00028239
0.00028239
0.00028239
0.00028239
0.00028239
0.00028239
0.00028239
0.00028239
0.00028239
0.00028239
0.00028239
0.00028239
0.00028239
0.00028239
0.00028239
0.00028239
0.00028239
0.00028239
0.00028239
0.00028239
0.00028239
0.00028239
0.00028239
0.00028239
0.00028239
0.00028239
0.00028239
0.00028239
0.00028239
0.00028239
0.00028239
0.00028239
0.00028239
0.00028239
0.00028239
0.00028239
0.00028239
0.00028239
0.00028239
0.00028239
0.00028239
0.00028239
0.00028239
0.00028239
0.00028239
0.00028239
0.00028239
0.00028239
0.00028239
0.00028239
0.00028239
0.00028239
0.00028239
0.00028239
0.00028239
0.00028239
0.00028239
0.00028239
0.00028239
0.00028239
0.00028239
0.00028239
0.00028239
0.00028239
0.00028239
0.00028239
0.00028239
0.00028239
0.00028239
0.00028239
0.00028239
0.00028239
0.00028239
0.00028239
0.00028239
0.00028239
0.00028239
0.00028239
0.00028239
0.00028239
0.00028239
0.00028239
0.00028239
0.00028239
0.00028239
0.00028239
0.00028239
0.00028239
0.00028239
0.00028239
0.00028239
0.00028239
0.00028239
0.00028239
0.00028239
0.00028239
0.00028239
0.00028239
0.00028239
0.00028239
0.00028239
0.00028239
0.00028239
0.00028239
0.00028239
0.00028239
0.00028239
0.00028239
0.00028239
0.00028239
0.00028239
0.00028239
0.00028239
0.00028239
0.00028239
0.00028239
0.00028239
0.00028239
0.00028239
0.00028239
0.00028239
0.00028239
0.00028239
0.00028239
0.00028239
0.00028239
0.00028239
0.00028239
0.00028239
0.00028239
0.00028239
0.00028239
0.00028239
0.00028239
0.00028239
0.00028239
0.00028239
0.00028239
0.00028239
0.00028239
0.00028239
0.00028239
0.00028239
0.00028239
0.00028239
0.00028239
0.00028239
0.00028239
0.00028239
0.00028239
0.00028239
0.00028239
0.00028239
0.00028239
0.00028239
0.00028239
0.00028239
0.00028239
0.00028239
0.00028239
0.00028239
0.00028239
0.00028239
0.00028239
0.00028239
0.00028239
0.00028239
0.00028239
0.00028239
0.00028239
0.00028239
0.00028239
0.00028239
0.00028239
0.00028239
0.00028239
0.00028239
0.00028239
0.00028239
0.00028239
0.00028239
0.00028239
0.00028239
0.00028239
0.00028239
0.00028239
0.00028239
0.00028239
0.000140988
0.000284135
0.000449793
0.000350314
0.00027229
0.00021363
0.000166819
0.000128175
0.000101228
8.38695e-05
7.31057e-05
6.70401e-05
6.53532e-05
6.7474e-05
7.25909e-05
8.00697e-05
8.91026e-05
9.9399e-05
0.000110813
0.000123037
0.000135858
0.000149105
0.00016258
0.000175889
0.000188642
0.000200496
0.000211293
0.000220961
0.000229538
0.000237106
0.000243753
0.000249572
0.000254652
0.00025908
0.000262936
0.00026629
0.000269207
0.00027174
0.000273939
0.000275845
0.000277493
0.000278916
0.000280146
0.000281208
0.000282124
0.000282917
0.000283604
0.000284198
0.000284712
0.000285157
0.000285542
0.000285876
0.000286164
0.000286413
0.000286629
0.000286816
0.000286977
0.000287116
0.000287237
0.000287341
0.000287431
0.000287509
0.000287576
0.000287633
0.000287683
0.000287726
0.000287764
0.000287796
0.000287823
0.000287847
0.000287868
0.000287885
0.000287901
0.000287914
0.000287925
0.000287935
0.000287943
0.000287951
0.000287957
0.000287962
0.000287967
0.000287971
0.000287974
0.000287977
0.00028798
0.000287982
0.000287984
0.000287986
0.000287987
0.000287988
0.000287989
0.00028799
0.000287991
0.000287992
0.000287992
0.000287993
0.000287993
0.000287994
0.000287994
0.000287994
0.000287994
0.000287995
0.000287995
0.000287995
0.000287995
0.000287995
0.000287995
0.000287995
0.000287995
0.000287995
0.000287995
0.000287996
0.000287996
0.000287996
0.000287996
0.000287996
0.000287996
0.000287996
0.000287996
0.000287996
0.000287996
0.000287996
0.000287996
0.000287996
0.000287996
0.000287996
0.000287996
0.000287996
0.000287996
0.000287996
0.000287996
0.000287996
0.000287996
0.000287996
0.000287996
0.000287996
0.000287996
0.000287996
0.000287996
0.000287996
0.000287996
0.000287996
0.000287996
0.000287996
0.000287996
0.000287996
0.000287996
0.000287996
0.000287996
0.000287996
0.000287996
0.000287996
0.000287996
0.000287996
0.000287996
0.000287996
0.000287996
0.000287996
0.000287996
0.000287996
0.000287996
0.000287996
0.000287996
0.000287996
0.000287996
0.000287996
0.000287996
0.000287996
0.000287996
0.000287996
0.000287996
0.000287996
0.000287996
0.000287996
0.000287996
0.000287996
0.000287996
0.000287996
0.000287996
0.000287996
0.000287996
0.000287996
0.000287996
0.000287996
0.000287996
0.000287996
0.000287996
0.000287996
0.000287996
0.000287996
0.000287996
0.000287996
0.000287996
0.000287996
0.000287996
0.000287996
0.000287996
0.000287996
0.000287996
0.000287996
0.000287996
0.000287996
0.000287996
0.000287996
0.000287996
0.000287996
0.000287996
0.000287996
0.000287996
0.000287996
0.000287996
0.000287996
0.000287996
0.000287996
0.000287996
0.000287996
0.000287996
0.000287996
0.000287996
0.000287996
0.000287996
0.000287996
0.000287996
0.000287996
0.000287996
0.000287996
0.000287996
0.000287996
0.000287996
0.000287996
0.000287996
0.000287996
0.000287996
0.000287996
0.000287996
0.000287996
0.000287996
0.000287996
0.000287996
0.000287996
0.000287996
0.000287996
0.000287996
0.000287996
0.000287996
0.000287996
0.000287996
0.000287996
0.000287996
0.000287996
0.000287996
0.000287996
0.000287996
0.000287996
0.000287996
0.000287996
0.000287996
0.000287996
0.000287996
0.000287996
0.000287996
0.000287996
0.000287996
0.000287996
0.000287996
0.000287996
0.000287996
0.000287996
0.000287996
0.000287996
0.000287996
0.000287996
0.000287996
0.000287996
0.000287996
0.000287996
0.000287996
0.000287996
0.000287996
0.000287996
0.000287996
0.000287996
0.000287996
0.000287996
0.000287996
0.000287996
0.000287996
0.000287996
0.000287996
0.000287996
0.000287996
0.000287996
0.000287996
0.000287996
0.000287996
0.000287996
0.000287996
0.000287996
0.000287996
0.000287996
0.000142939
0.000284142
0.000444795
0.000388622
0.000304638
0.000243373
0.000195393
0.000156199
0.000123749
0.000100981
8.47751e-05
7.4573e-05
6.91485e-05
6.77813e-05
6.98975e-05
7.50198e-05
8.24268e-05
9.17361e-05
0.000102756
0.000115037
0.000128357
0.00014227
0.000156507
0.000170713
0.000184419
0.000197202
0.000208889
0.000219388
0.000228709
0.000236923
0.000244126
0.00025042
0.000255909
0.00026069
0.000264849
0.000268467
0.000271612
0.000274344
0.000276715
0.00027877
0.000280546
0.00028208
0.000283406
0.000284551
0.000285539
0.000286394
0.000287134
0.000287774
0.000288329
0.000288808
0.000289223
0.000289582
0.000289892
0.00029016
0.000290393
0.000290593
0.000290767
0.000290917
0.000291046
0.000291158
0.000291254
0.000291338
0.00029141
0.000291472
0.000291525
0.000291572
0.000291611
0.000291646
0.000291675
0.000291701
0.000291723
0.000291742
0.000291758
0.000291773
0.000291785
0.000291795
0.000291804
0.000291812
0.000291819
0.000291825
0.00029183
0.000291834
0.000291838
0.000291841
0.000291843
0.000291846
0.000291848
0.00029185
0.000291851
0.000291852
0.000291854
0.000291855
0.000291855
0.000291856
0.000291857
0.000291857
0.000291858
0.000291858
0.000291858
0.000291859
0.000291859
0.000291859
0.000291859
0.00029186
0.00029186
0.00029186
0.00029186
0.00029186
0.00029186
0.00029186
0.00029186
0.00029186
0.00029186
0.00029186
0.00029186
0.00029186
0.00029186
0.00029186
0.00029186
0.00029186
0.00029186
0.00029186
0.00029186
0.00029186
0.00029186
0.00029186
0.00029186
0.00029186
0.00029186
0.00029186
0.00029186
0.00029186
0.00029186
0.00029186
0.00029186
0.00029186
0.00029186
0.00029186
0.00029186
0.00029186
0.00029186
0.00029186
0.00029186
0.00029186
0.00029186
0.00029186
0.00029186
0.00029186
0.00029186
0.00029186
0.00029186
0.00029186
0.00029186
0.00029186
0.00029186
0.00029186
0.00029186
0.00029186
0.00029186
0.00029186
0.00029186
0.00029186
0.00029186
0.00029186
0.00029186
0.00029186
0.00029186
0.00029186
0.00029186
0.00029186
0.00029186
0.00029186
0.00029186
0.00029186
0.00029186
0.00029186
0.00029186
0.00029186
0.00029186
0.00029186
0.00029186
0.00029186
0.00029186
0.00029186
0.00029186
0.00029186
0.00029186
0.00029186
0.00029186
0.00029186
0.00029186
0.00029186
0.00029186
0.00029186
0.00029186
0.00029186
0.00029186
0.00029186
0.00029186
0.00029186
0.00029186
0.00029186
0.00029186
0.00029186
0.00029186
0.00029186
0.00029186
0.00029186
0.00029186
0.00029186
0.00029186
0.00029186
0.00029186
0.00029186
0.00029186
0.00029186
0.00029186
0.00029186
0.00029186
0.00029186
0.00029186
0.00029186
0.00029186
0.00029186
0.00029186
0.00029186
0.00029186
0.00029186
0.00029186
0.00029186
0.00029186
0.00029186
0.00029186
0.00029186
0.00029186
0.00029186
0.00029186
0.00029186
0.00029186
0.00029186
0.00029186
0.00029186
0.00029186
0.00029186
0.00029186
0.00029186
0.00029186
0.00029186
0.00029186
0.00029186
0.00029186
0.00029186
0.00029186
0.00029186
0.00029186
0.00029186
0.00029186
0.00029186
0.00029186
0.00029186
0.00029186
0.00029186
0.00029186
0.00029186
0.00029186
0.00029186
0.00029186
0.00029186
0.00029186
0.00029186
0.00029186
0.00029186
0.00029186
0.00029186
0.00029186
0.00029186
0.00029186
0.00029186
0.00029186
0.00029186
0.00029186
0.00029186
0.00029186
0.00029186
0.00029186
0.00029186
0.00029186
0.00029186
0.00029186
0.00029186
0.00029186
0.00029186
0.00029186
0.00029186
0.00029186
0.00029186
0.00029186
0.00029186
0.00029186
0.00029186
0.000186477
0.000284895
0.000441492
0.00040917
0.000321777
0.000259158
0.000210693
0.000171513
0.00013927
0.000114458
9.54236e-05
8.28319e-05
7.49848e-05
7.12082e-05
7.11265e-05
7.43819e-05
8.03521e-05
8.87182e-05
9.92047e-05
0.000111265
0.000124643
0.000138786
0.000153307
0.000167857
0.000182002
0.0001953
0.000207491
0.000218454
0.000228185
0.000236752
0.000244255
0.000250805
0.000256512
0.000261479
0.0002658
0.000269556
0.000272821
0.000275657
0.000278118
0.000280252
0.000282095
0.000283687
0.000285063
0.000286251
0.000287278
0.000288165
0.000288933
0.000289598
0.000290173
0.000290671
0.000291101
0.000291473
0.000291795
0.000292074
0.000292314
0.000292522
0.000292702
0.000292858
0.000292992
0.000293108
0.000293208
0.000293294
0.000293369
0.000293433
0.000293488
0.000293536
0.000293578
0.000293613
0.000293644
0.00029367
0.000293693
0.000293713
0.00029373
0.000293744
0.000293757
0.000293768
0.000293777
0.000293785
0.000293792
0.000293798
0.000293803
0.000293808
0.000293812
0.000293815
0.000293818
0.00029382
0.000293822
0.000293824
0.000293826
0.000293827
0.000293828
0.000293829
0.00029383
0.000293831
0.000293832
0.000293832
0.000293833
0.000293833
0.000293833
0.000293834
0.000293834
0.000293834
0.000293834
0.000293834
0.000293835
0.000293835
0.000293835
0.000293835
0.000293835
0.000293835
0.000293835
0.000293835
0.000293835
0.000293835
0.000293835
0.000293835
0.000293835
0.000293835
0.000293835
0.000293835
0.000293835
0.000293835
0.000293835
0.000293835
0.000293835
0.000293835
0.000293835
0.000293835
0.000293835
0.000293835
0.000293835
0.000293835
0.000293835
0.000293835
0.000293835
0.000293835
0.000293835
0.000293835
0.000293835
0.000293835
0.000293835
0.000293835
0.000293835
0.000293835
0.000293835
0.000293835
0.000293835
0.000293835
0.000293835
0.000293835
0.000293835
0.000293835
0.000293835
0.000293835
0.000293835
0.000293835
0.000293835
0.000293835
0.000293835
0.000293835
0.000293835
0.000293835
0.000293835
0.000293835
0.000293835
0.000293835
0.000293835
0.000293835
0.000293835
0.000293835
0.000293835
0.000293835
0.000293835
0.000293835
0.000293835
0.000293835
0.000293835
0.000293835
0.000293835
0.000293835
0.000293835
0.000293835
0.000293835
0.000293835
0.000293835
0.000293835
0.000293835
0.000293835
0.000293835
0.000293835
0.000293835
0.000293835
0.000293835
0.000293835
0.000293835
0.000293835
0.000293835
0.000293835
0.000293835
0.000293835
0.000293835
0.000293835
0.000293835
0.000293835
0.000293835
0.000293835
0.000293835
0.000293835
0.000293835
0.000293835
0.000293835
0.000293835
0.000293835
0.000293835
0.000293835
0.000293835
0.000293835
0.000293835
0.000293835
0.000293835
0.000293835
0.000293835
0.000293835
0.000293835
0.000293835
0.000293835
0.000293835
0.000293835
0.000293835
0.000293835
0.000293835
0.000293835
0.000293835
0.000293835
0.000293835
0.000293835
0.000293835
0.000293835
0.000293835
0.000293835
0.000293835
0.000293835
0.000293835
0.000293835
0.000293835
0.000293835
0.000293835
0.000293835
0.000293835
0.000293835
0.000293835
0.000293835
0.000293835
0.000293835
0.000293835
0.000293835
0.000293835
0.000293835
0.000293835
0.000293835
0.000293835
0.000293835
0.000293835
0.000293835
0.000293835
0.000293835
0.000293835
0.000293835
0.000293835
0.000293835
0.000293835
0.000293835
0.000293835
0.000293835
0.000293835
0.000293835
0.000293835
0.000293835
0.000293835
0.000293835
0.000293835
0.000293835
0.000293835
0.000293835
0.000293835
0.000293835
0.000293835
0.000293835
0.000293835
0.000293835
0.000293835
0.000293835
0.000293835
0.000293835
0.000293835
0.000293835
0.000293835
0.000293835
0.000293835
0.000293835
)
;

boundaryField
{
    inlet
    {
        type            calculated;
        value           nonuniform List<scalar> 
18
(
1.8247e-06
3.48483e-06
6.74434e-06
1.44821e-05
7.29035e-05
0.000172233
0.000171823
0.000188768
0.000183663
0.000180233
0.000173258
0.000158282
0.000135256
0.000136839
0.000138576
0.000136605
0.000138558
0.000180394
)
;
    }
    outlet
    {
        type            calculated;
        value           nonuniform List<scalar> 
18
(
2.38691e-05
5.71821e-05
8.85938e-05
0.000117095
0.000142515
0.000165062
0.000185053
0.000202813
0.000218635
0.000232767
0.0002454
0.000256661
0.000266604
0.000275211
0.00028239
0.000287996
0.00029186
0.000293835
)
;
    }
    sideWall
    {
        type            empty;
    }
    bed
    {
        type            calculated;
        value           nonuniform List<scalar> 
300
(
2.70163e-05
2.16037e-05
1.86078e-05
1.86469e-05
1.83508e-05
1.83564e-05
1.82142e-05
1.82088e-05
1.81572e-05
1.81772e-05
1.81813e-05
1.8215e-05
1.8248e-05
1.8301e-05
1.83502e-05
1.84128e-05
1.8476e-05
1.85468e-05
1.86165e-05
1.86935e-05
1.87737e-05
1.88563e-05
1.89407e-05
1.90262e-05
1.91124e-05
1.91989e-05
1.92787e-05
1.93482e-05
1.94067e-05
1.94556e-05
1.94963e-05
1.95302e-05
1.95582e-05
1.95816e-05
1.9601e-05
1.96172e-05
1.96307e-05
1.9642e-05
1.96515e-05
1.96595e-05
1.96662e-05
1.96719e-05
1.96768e-05
1.9681e-05
1.96846e-05
1.96875e-05
1.969e-05
1.96922e-05
1.96941e-05
1.96957e-05
1.96971e-05
1.96983e-05
1.96994e-05
1.97003e-05
1.97011e-05
1.97018e-05
1.97025e-05
1.9703e-05
1.97035e-05
1.97039e-05
1.97042e-05
1.97045e-05
1.97048e-05
1.9705e-05
1.97052e-05
1.97054e-05
1.97055e-05
1.97057e-05
1.97058e-05
1.97059e-05
1.97059e-05
1.9706e-05
1.97061e-05
1.97061e-05
1.97062e-05
1.97062e-05
1.97063e-05
1.97063e-05
1.97063e-05
1.97063e-05
1.97063e-05
1.97064e-05
1.97064e-05
1.97064e-05
1.97064e-05
1.97064e-05
1.97064e-05
1.97064e-05
1.97064e-05
1.97064e-05
1.97064e-05
1.97064e-05
1.97064e-05
1.97065e-05
1.97065e-05
1.97065e-05
1.97065e-05
1.97065e-05
1.97065e-05
1.97065e-05
1.97065e-05
1.97065e-05
1.97065e-05
1.97065e-05
1.97065e-05
1.97065e-05
1.97065e-05
1.97065e-05
1.97065e-05
1.97065e-05
1.97065e-05
1.97065e-05
1.97065e-05
1.97065e-05
1.97065e-05
1.97065e-05
1.97065e-05
1.97065e-05
1.97065e-05
1.97065e-05
1.97065e-05
1.97065e-05
1.97065e-05
1.97065e-05
1.97065e-05
1.97065e-05
1.97065e-05
1.97065e-05
1.97065e-05
1.97065e-05
1.97065e-05
1.97065e-05
1.97065e-05
1.97065e-05
1.97065e-05
1.97065e-05
1.97065e-05
1.97065e-05
1.97065e-05
1.97065e-05
1.97065e-05
1.97065e-05
1.97065e-05
1.97065e-05
1.97065e-05
1.97065e-05
1.97065e-05
1.97065e-05
1.97065e-05
1.97065e-05
1.97065e-05
1.97065e-05
1.97065e-05
1.97065e-05
1.97065e-05
1.97065e-05
1.97065e-05
1.97065e-05
1.97065e-05
1.97065e-05
1.97065e-05
1.97065e-05
1.97065e-05
1.97065e-05
1.97065e-05
1.97065e-05
1.97065e-05
1.97065e-05
1.97065e-05
1.97065e-05
1.97065e-05
1.97065e-05
1.97065e-05
1.97065e-05
1.97065e-05
1.97065e-05
1.97065e-05
1.97065e-05
1.97065e-05
1.97065e-05
1.97065e-05
1.97065e-05
1.97065e-05
1.97065e-05
1.97065e-05
1.97065e-05
1.97065e-05
1.97065e-05
1.97065e-05
1.97065e-05
1.97065e-05
1.97065e-05
1.97065e-05
1.97065e-05
1.97065e-05
1.97065e-05
1.97065e-05
1.97065e-05
1.97065e-05
1.97065e-05
1.97065e-05
1.97065e-05
1.97065e-05
1.97065e-05
1.97065e-05
1.97065e-05
1.97065e-05
1.97065e-05
1.97065e-05
1.97065e-05
1.97065e-05
1.97065e-05
1.97065e-05
1.97065e-05
1.97065e-05
1.97065e-05
1.97065e-05
1.97065e-05
1.97065e-05
1.97065e-05
1.97065e-05
1.97065e-05
1.97065e-05
1.97065e-05
1.97065e-05
1.97065e-05
1.97065e-05
1.97065e-05
1.97065e-05
1.97065e-05
1.97065e-05
1.97065e-05
1.97065e-05
1.97065e-05
1.97065e-05
1.97065e-05
1.97065e-05
1.97065e-05
1.97065e-05
1.97065e-05
1.97065e-05
1.97065e-05
1.97065e-05
1.97065e-05
1.97065e-05
1.97065e-05
1.97065e-05
1.97065e-05
1.97065e-05
1.97065e-05
1.97065e-05
1.97065e-05
1.97065e-05
1.97065e-05
1.97065e-05
1.97065e-05
1.97065e-05
1.97065e-05
1.97065e-05
1.97065e-05
1.97065e-05
1.97065e-05
1.97065e-05
1.97065e-05
1.97065e-05
1.97065e-05
1.97065e-05
1.97065e-05
1.97065e-05
1.97065e-05
1.97065e-05
1.97065e-05
1.97065e-05
1.97065e-05
1.97065e-05
1.97065e-05
1.97065e-05
1.97065e-05
1.97065e-05
1.97065e-05
1.97065e-05
1.97065e-05
1.97065e-05
1.97065e-05
1.97065e-05
1.97065e-05
1.97065e-05
1.97065e-05
1.97065e-05
1.97065e-05
1.97065e-05
1.97065e-05
1.97065e-05
1.97065e-05
1.97065e-05
1.97065e-05
1.97065e-05
1.97065e-05
1.97065e-05
1.97065e-05
)
;
    }
    topWall
    {
        type            calculated;
        value           nonuniform List<scalar> 
300
(
0.000186477
0.000284895
0.000441492
0.00040917
0.000321777
0.000259158
0.000210693
0.000171513
0.00013927
0.000114458
9.54236e-05
8.28319e-05
7.49848e-05
7.12082e-05
7.11265e-05
7.43819e-05
8.03521e-05
8.87182e-05
9.92047e-05
0.000111265
0.000124643
0.000138786
0.000153307
0.000167857
0.000182002
0.0001953
0.000207491
0.000218454
0.000228185
0.000236752
0.000244255
0.000250805
0.000256512
0.000261479
0.0002658
0.000269556
0.000272821
0.000275657
0.000278118
0.000280252
0.000282095
0.000283687
0.000285063
0.000286251
0.000287278
0.000288165
0.000288933
0.000289598
0.000290173
0.000290671
0.000291101
0.000291473
0.000291795
0.000292074
0.000292314
0.000292522
0.000292702
0.000292858
0.000292992
0.000293108
0.000293208
0.000293294
0.000293369
0.000293433
0.000293488
0.000293536
0.000293578
0.000293613
0.000293644
0.00029367
0.000293693
0.000293713
0.00029373
0.000293744
0.000293757
0.000293768
0.000293777
0.000293785
0.000293792
0.000293798
0.000293803
0.000293808
0.000293812
0.000293815
0.000293818
0.00029382
0.000293822
0.000293824
0.000293826
0.000293827
0.000293828
0.000293829
0.00029383
0.000293831
0.000293832
0.000293832
0.000293833
0.000293833
0.000293833
0.000293834
0.000293834
0.000293834
0.000293834
0.000293834
0.000293835
0.000293835
0.000293835
0.000293835
0.000293835
0.000293835
0.000293835
0.000293835
0.000293835
0.000293835
0.000293835
0.000293835
0.000293835
0.000293835
0.000293835
0.000293835
0.000293835
0.000293835
0.000293835
0.000293835
0.000293835
0.000293835
0.000293835
0.000293835
0.000293835
0.000293835
0.000293835
0.000293835
0.000293835
0.000293835
0.000293835
0.000293835
0.000293835
0.000293835
0.000293835
0.000293835
0.000293835
0.000293835
0.000293835
0.000293835
0.000293835
0.000293835
0.000293835
0.000293835
0.000293835
0.000293835
0.000293835
0.000293835
0.000293835
0.000293835
0.000293835
0.000293835
0.000293835
0.000293835
0.000293835
0.000293835
0.000293835
0.000293835
0.000293835
0.000293835
0.000293835
0.000293835
0.000293835
0.000293835
0.000293835
0.000293835
0.000293835
0.000293835
0.000293835
0.000293835
0.000293835
0.000293835
0.000293835
0.000293835
0.000293835
0.000293835
0.000293835
0.000293835
0.000293835
0.000293835
0.000293835
0.000293835
0.000293835
0.000293835
0.000293835
0.000293835
0.000293835
0.000293835
0.000293835
0.000293835
0.000293835
0.000293835
0.000293835
0.000293835
0.000293835
0.000293835
0.000293835
0.000293835
0.000293835
0.000293835
0.000293835
0.000293835
0.000293835
0.000293835
0.000293835
0.000293835
0.000293835
0.000293835
0.000293835
0.000293835
0.000293835
0.000293835
0.000293835
0.000293835
0.000293835
0.000293835
0.000293835
0.000293835
0.000293835
0.000293835
0.000293835
0.000293835
0.000293835
0.000293835
0.000293835
0.000293835
0.000293835
0.000293835
0.000293835
0.000293835
0.000293835
0.000293835
0.000293835
0.000293835
0.000293835
0.000293835
0.000293835
0.000293835
0.000293835
0.000293835
0.000293835
0.000293835
0.000293835
0.000293835
0.000293835
0.000293835
0.000293835
0.000293835
0.000293835
0.000293835
0.000293835
0.000293835
0.000293835
0.000293835
0.000293835
0.000293835
0.000293835
0.000293835
0.000293835
0.000293835
0.000293835
0.000293835
0.000293835
0.000293835
0.000293835
0.000293835
0.000293835
0.000293835
0.000293835
0.000293835
0.000293835
0.000293835
0.000293835
0.000293835
0.000293835
0.000293835
0.000293835
0.000293835
0.000293835
0.000293835
0.000293835
0.000293835
0.000293835
0.000293835
0.000293835
0.000293835
0.000293835
0.000293835
0.000293835
0.000293835
0.000293835
0.000293835
0.000293835
0.000293835
0.000293835
0.000293835
)
;
    }
}


// ************************************************************************* //
