/*--------------------------------*- C++ -*----------------------------------*\
| =========                 |                                                 |
| \\      /  F ield         | foam-extend: Open Source CFD                    |
|  \\    /   O peration     | Version:     3.2                                |
|   \\  /    A nd           | Web:         http://www.foam-extend.org         |
|    \\/     M anipulation  | For copyright notice see file Copyright         |
\*---------------------------------------------------------------------------*/
FoamFile
{
    version     2.0;
    format      ascii;
    class       volScalarField;
    location    "83";
    object      nut;
}
// * * * * * * * * * * * * * * * * * * * * * * * * * * * * * * * * * * * * * //

dimensions      [0 2 -1 0 0 0 0];

internalField   nonuniform List<scalar> 
5400
(
3.16127e-05
2.51441e-05
2.15492e-05
2.15963e-05
2.12401e-05
2.12469e-05
2.10758e-05
2.10693e-05
2.10072e-05
2.10313e-05
2.10362e-05
2.10767e-05
2.11164e-05
2.11802e-05
2.12394e-05
2.13147e-05
2.13907e-05
2.14758e-05
2.15597e-05
2.16522e-05
2.17487e-05
2.1848e-05
2.19494e-05
2.20522e-05
2.21557e-05
2.22596e-05
2.23555e-05
2.2439e-05
2.25092e-05
2.2568e-05
2.26168e-05
2.26575e-05
2.26911e-05
2.27192e-05
2.27425e-05
2.27619e-05
2.27781e-05
2.27917e-05
2.28031e-05
2.28127e-05
2.28208e-05
2.28277e-05
2.28335e-05
2.28386e-05
2.28429e-05
2.28464e-05
2.28494e-05
2.2852e-05
2.28543e-05
2.28562e-05
2.28579e-05
2.28594e-05
2.28607e-05
2.28618e-05
2.28627e-05
2.28636e-05
2.28643e-05
2.2865e-05
2.28655e-05
2.2866e-05
2.28664e-05
2.28668e-05
2.28671e-05
2.28674e-05
2.28676e-05
2.28678e-05
2.2868e-05
2.28682e-05
2.28683e-05
2.28684e-05
2.28685e-05
2.28686e-05
2.28687e-05
2.28687e-05
2.28688e-05
2.28688e-05
2.28689e-05
2.28689e-05
2.2869e-05
2.2869e-05
2.2869e-05
2.2869e-05
2.2869e-05
2.28691e-05
2.28691e-05
2.28691e-05
2.28691e-05
2.28691e-05
2.28691e-05
2.28691e-05
2.28691e-05
2.28691e-05
2.28691e-05
2.28691e-05
2.28691e-05
2.28691e-05
2.28691e-05
2.28691e-05
2.28691e-05
2.28691e-05
2.28691e-05
2.28691e-05
2.28691e-05
2.28691e-05
2.28691e-05
2.28691e-05
2.28691e-05
2.28691e-05
2.28691e-05
2.28691e-05
2.28691e-05
2.28691e-05
2.28691e-05
2.28691e-05
2.28691e-05
2.28691e-05
2.28691e-05
2.28691e-05
2.28691e-05
2.28691e-05
2.28691e-05
2.28691e-05
2.28691e-05
2.28691e-05
2.28691e-05
2.28691e-05
2.28691e-05
2.28691e-05
2.28691e-05
2.28691e-05
2.28691e-05
2.28691e-05
2.28691e-05
2.28691e-05
2.28691e-05
2.28691e-05
2.28691e-05
2.28691e-05
2.28691e-05
2.28691e-05
2.28691e-05
2.28691e-05
2.28691e-05
2.28691e-05
2.28691e-05
2.28691e-05
2.28691e-05
2.28691e-05
2.28691e-05
2.28691e-05
2.28691e-05
2.28691e-05
2.28691e-05
2.28691e-05
2.28691e-05
2.28691e-05
2.28691e-05
2.28691e-05
2.28691e-05
2.28691e-05
2.28691e-05
2.28691e-05
2.28691e-05
2.28691e-05
2.28691e-05
2.28691e-05
2.28691e-05
2.28691e-05
2.28691e-05
2.28691e-05
2.28691e-05
2.28691e-05
2.28691e-05
2.28691e-05
2.28691e-05
2.28691e-05
2.28691e-05
2.28691e-05
2.28691e-05
2.28691e-05
2.28691e-05
2.28691e-05
2.28691e-05
2.28691e-05
2.28691e-05
2.28691e-05
2.28691e-05
2.28691e-05
2.28691e-05
2.28691e-05
2.28691e-05
2.28691e-05
2.28691e-05
2.28691e-05
2.28691e-05
2.28691e-05
2.28691e-05
2.28691e-05
2.28691e-05
2.28691e-05
2.28691e-05
2.28691e-05
2.28691e-05
2.28691e-05
2.28691e-05
2.28691e-05
2.28691e-05
2.28691e-05
2.28691e-05
2.28691e-05
2.28691e-05
2.28691e-05
2.28691e-05
2.28691e-05
2.28691e-05
2.28691e-05
2.28691e-05
2.28691e-05
2.28691e-05
2.28691e-05
2.28691e-05
2.28691e-05
2.28691e-05
2.28691e-05
2.28691e-05
2.28691e-05
2.28691e-05
2.28691e-05
2.28691e-05
2.28691e-05
2.28691e-05
2.28691e-05
2.28691e-05
2.28691e-05
2.28691e-05
2.28691e-05
2.28691e-05
2.28691e-05
2.28691e-05
2.28691e-05
2.28691e-05
2.28691e-05
2.28691e-05
2.28691e-05
2.28691e-05
2.28691e-05
2.28691e-05
2.28691e-05
2.28691e-05
2.28691e-05
2.28691e-05
2.28691e-05
2.28691e-05
2.28691e-05
2.28691e-05
2.28691e-05
2.28691e-05
2.28691e-05
2.28691e-05
2.28691e-05
2.28691e-05
2.28691e-05
2.28691e-05
2.28691e-05
2.28691e-05
2.28691e-05
2.28691e-05
2.28691e-05
2.28691e-05
2.28691e-05
2.28691e-05
2.28691e-05
2.28691e-05
2.28691e-05
2.28691e-05
2.28691e-05
2.28691e-05
2.28691e-05
2.28691e-05
2.28691e-05
2.28691e-05
2.28691e-05
2.28691e-05
2.28691e-05
2.28691e-05
2.28691e-05
2.28691e-05
2.28691e-05
2.28691e-05
2.28691e-05
2.28691e-05
2.28691e-05
2.28691e-05
2.28691e-05
2.28691e-05
2.28691e-05
2.28691e-05
2.28691e-05
2.28692e-05
2.28691e-05
3.0162e-05
4.00921e-05
4.35873e-05
4.6216e-05
4.78857e-05
4.87144e-05
4.93327e-05
4.97058e-05
5.0095e-05
5.03972e-05
5.07004e-05
5.0995e-05
5.12843e-05
5.15857e-05
5.18747e-05
5.21643e-05
5.24566e-05
5.27471e-05
5.30412e-05
5.3333e-05
5.36214e-05
5.39061e-05
5.41852e-05
5.44567e-05
5.47175e-05
5.49551e-05
5.51564e-05
5.53165e-05
5.54411e-05
5.55373e-05
5.56121e-05
5.56703e-05
5.5716e-05
5.57522e-05
5.57812e-05
5.58046e-05
5.58239e-05
5.58398e-05
5.58532e-05
5.58644e-05
5.58739e-05
5.58819e-05
5.58889e-05
5.58948e-05
5.59e-05
5.59044e-05
5.59082e-05
5.59114e-05
5.59143e-05
5.59169e-05
5.59191e-05
5.59211e-05
5.59229e-05
5.59245e-05
5.59259e-05
5.59271e-05
5.59282e-05
5.59291e-05
5.59299e-05
5.59307e-05
5.59313e-05
5.59318e-05
5.59323e-05
5.59327e-05
5.59331e-05
5.59334e-05
5.59336e-05
5.59339e-05
5.59341e-05
5.59342e-05
5.59344e-05
5.59345e-05
5.59346e-05
5.59347e-05
5.59348e-05
5.59349e-05
5.59349e-05
5.5935e-05
5.5935e-05
5.59351e-05
5.59351e-05
5.59351e-05
5.59352e-05
5.59352e-05
5.59352e-05
5.59352e-05
5.59352e-05
5.59352e-05
5.59353e-05
5.59353e-05
5.59353e-05
5.59353e-05
5.59353e-05
5.59353e-05
5.59353e-05
5.59353e-05
5.59353e-05
5.59353e-05
5.59353e-05
5.59353e-05
5.59353e-05
5.59353e-05
5.59353e-05
5.59353e-05
5.59353e-05
5.59353e-05
5.59353e-05
5.59353e-05
5.59353e-05
5.59353e-05
5.59353e-05
5.59353e-05
5.59353e-05
5.59353e-05
5.59353e-05
5.59353e-05
5.59353e-05
5.59353e-05
5.59353e-05
5.59353e-05
5.59353e-05
5.59353e-05
5.59353e-05
5.59353e-05
5.59353e-05
5.59353e-05
5.59353e-05
5.59353e-05
5.59353e-05
5.59353e-05
5.59353e-05
5.59353e-05
5.59353e-05
5.59353e-05
5.59353e-05
5.59353e-05
5.59353e-05
5.59353e-05
5.59353e-05
5.59353e-05
5.59353e-05
5.59353e-05
5.59353e-05
5.59353e-05
5.59353e-05
5.59353e-05
5.59353e-05
5.59353e-05
5.59353e-05
5.59353e-05
5.59353e-05
5.59353e-05
5.59353e-05
5.59353e-05
5.59353e-05
5.59353e-05
5.59353e-05
5.59353e-05
5.59353e-05
5.59353e-05
5.59353e-05
5.59353e-05
5.59353e-05
5.59353e-05
5.59353e-05
5.59353e-05
5.59353e-05
5.59353e-05
5.59353e-05
5.59353e-05
5.59353e-05
5.59353e-05
5.59353e-05
5.59353e-05
5.59353e-05
5.59353e-05
5.59353e-05
5.59353e-05
5.59353e-05
5.59353e-05
5.59353e-05
5.59353e-05
5.59353e-05
5.59353e-05
5.59353e-05
5.59353e-05
5.59353e-05
5.59353e-05
5.59353e-05
5.59353e-05
5.59353e-05
5.59353e-05
5.59353e-05
5.59353e-05
5.59353e-05
5.59353e-05
5.59353e-05
5.59353e-05
5.59353e-05
5.59353e-05
5.59353e-05
5.59353e-05
5.59353e-05
5.59353e-05
5.59353e-05
5.59353e-05
5.59353e-05
5.59353e-05
5.59353e-05
5.59353e-05
5.59353e-05
5.59353e-05
5.59353e-05
5.59353e-05
5.59353e-05
5.59353e-05
5.59353e-05
5.59353e-05
5.59353e-05
5.59353e-05
5.59353e-05
5.59353e-05
5.59353e-05
5.59353e-05
5.59353e-05
5.59353e-05
5.59353e-05
5.59353e-05
5.59353e-05
5.59353e-05
5.59353e-05
5.59353e-05
5.59353e-05
5.59353e-05
5.59353e-05
5.59353e-05
5.59353e-05
5.59353e-05
5.59353e-05
5.59353e-05
5.59353e-05
5.59353e-05
5.59353e-05
5.59353e-05
5.59353e-05
5.59353e-05
5.59353e-05
5.59353e-05
5.59353e-05
5.59353e-05
5.59353e-05
5.59353e-05
5.59353e-05
5.59353e-05
5.59353e-05
5.59353e-05
5.59353e-05
5.59353e-05
5.59353e-05
5.59353e-05
5.59353e-05
5.59353e-05
5.59353e-05
5.59353e-05
5.59353e-05
5.59353e-05
5.59353e-05
5.59353e-05
5.59353e-05
5.59353e-05
5.59353e-05
5.59353e-05
5.59353e-05
5.59353e-05
5.59353e-05
5.59353e-05
5.59353e-05
5.59353e-05
5.59353e-05
5.59353e-05
5.59353e-05
5.59353e-05
5.59353e-05
5.59353e-05
5.59353e-05
5.59353e-05
5.59353e-05
5.59353e-05
5.59353e-05
5.59353e-05
5.59353e-05
5.59353e-05
5.59353e-05
5.59353e-05
5.59353e-05
5.59353e-05
5.59353e-05
5.59353e-05
5.59353e-05
5.59353e-05
2.75796e-05
4.36666e-05
5.1355e-05
5.98744e-05
6.64807e-05
6.97933e-05
7.19722e-05
7.37305e-05
7.50663e-05
7.62628e-05
7.72287e-05
7.81367e-05
7.89588e-05
7.9717e-05
8.04439e-05
8.11206e-05
8.17746e-05
8.24076e-05
8.30183e-05
8.3608e-05
8.41743e-05
8.47174e-05
8.52347e-05
8.57222e-05
8.6179e-05
8.65698e-05
8.68612e-05
8.70685e-05
8.7214e-05
8.73162e-05
8.73874e-05
8.74369e-05
8.7471e-05
8.74945e-05
8.75108e-05
8.75224e-05
8.75309e-05
8.75376e-05
8.75429e-05
8.75475e-05
8.75515e-05
8.75552e-05
8.75586e-05
8.75618e-05
8.75647e-05
8.75673e-05
8.75696e-05
8.75719e-05
8.75741e-05
8.75762e-05
8.75781e-05
8.75799e-05
8.75815e-05
8.7583e-05
8.75844e-05
8.75856e-05
8.75866e-05
8.75875e-05
8.75884e-05
8.75891e-05
8.75897e-05
8.75903e-05
8.75908e-05
8.75912e-05
8.75915e-05
8.75919e-05
8.75921e-05
8.75924e-05
8.75926e-05
8.75927e-05
8.75929e-05
8.7593e-05
8.75931e-05
8.75932e-05
8.75933e-05
8.75934e-05
8.75934e-05
8.75935e-05
8.75935e-05
8.75936e-05
8.75936e-05
8.75936e-05
8.75937e-05
8.75937e-05
8.75937e-05
8.75937e-05
8.75937e-05
8.75938e-05
8.75938e-05
8.75938e-05
8.75938e-05
8.75938e-05
8.75938e-05
8.75938e-05
8.75938e-05
8.75938e-05
8.75938e-05
8.75938e-05
8.75938e-05
8.75938e-05
8.75938e-05
8.75938e-05
8.75938e-05
8.75938e-05
8.75938e-05
8.75938e-05
8.75938e-05
8.75938e-05
8.75938e-05
8.75938e-05
8.75938e-05
8.75938e-05
8.75938e-05
8.75938e-05
8.75938e-05
8.75938e-05
8.75938e-05
8.75938e-05
8.75938e-05
8.75938e-05
8.75938e-05
8.75938e-05
8.75938e-05
8.75938e-05
8.75938e-05
8.75938e-05
8.75938e-05
8.75938e-05
8.75938e-05
8.75938e-05
8.75938e-05
8.75938e-05
8.75938e-05
8.75938e-05
8.75938e-05
8.75938e-05
8.75938e-05
8.75938e-05
8.75938e-05
8.75938e-05
8.75938e-05
8.75938e-05
8.75938e-05
8.75938e-05
8.75938e-05
8.75938e-05
8.75938e-05
8.75938e-05
8.75938e-05
8.75938e-05
8.75938e-05
8.75938e-05
8.75938e-05
8.75938e-05
8.75938e-05
8.75938e-05
8.75938e-05
8.75938e-05
8.75938e-05
8.75938e-05
8.75938e-05
8.75938e-05
8.75938e-05
8.75938e-05
8.75938e-05
8.75938e-05
8.75938e-05
8.75938e-05
8.75938e-05
8.75938e-05
8.75938e-05
8.75938e-05
8.75938e-05
8.75938e-05
8.75938e-05
8.75938e-05
8.75938e-05
8.75938e-05
8.75938e-05
8.75938e-05
8.75938e-05
8.75938e-05
8.75938e-05
8.75938e-05
8.75938e-05
8.75938e-05
8.75938e-05
8.75938e-05
8.75938e-05
8.75938e-05
8.75938e-05
8.75938e-05
8.75938e-05
8.75938e-05
8.75938e-05
8.75938e-05
8.75938e-05
8.75938e-05
8.75938e-05
8.75938e-05
8.75938e-05
8.75938e-05
8.75938e-05
8.75938e-05
8.75938e-05
8.75938e-05
8.75938e-05
8.75938e-05
8.75938e-05
8.75938e-05
8.75938e-05
8.75938e-05
8.75938e-05
8.75938e-05
8.75938e-05
8.75938e-05
8.75938e-05
8.75938e-05
8.75938e-05
8.75938e-05
8.75938e-05
8.75938e-05
8.75938e-05
8.75938e-05
8.75938e-05
8.75938e-05
8.75938e-05
8.75938e-05
8.75938e-05
8.75938e-05
8.75938e-05
8.75938e-05
8.75938e-05
8.75938e-05
8.75938e-05
8.75938e-05
8.75938e-05
8.75938e-05
8.75938e-05
8.75938e-05
8.75938e-05
8.75938e-05
8.75938e-05
8.75938e-05
8.75938e-05
8.75938e-05
8.75938e-05
8.75938e-05
8.75938e-05
8.75938e-05
8.75938e-05
8.75938e-05
8.75938e-05
8.75938e-05
8.75938e-05
8.75938e-05
8.75938e-05
8.75938e-05
8.75938e-05
8.75938e-05
8.75938e-05
8.75938e-05
8.75938e-05
8.75938e-05
8.75938e-05
8.75938e-05
8.75938e-05
8.75938e-05
8.75938e-05
8.75938e-05
8.75938e-05
8.75938e-05
8.75938e-05
8.75938e-05
8.75938e-05
8.75938e-05
8.75938e-05
8.75938e-05
8.75938e-05
8.75938e-05
8.75938e-05
8.75938e-05
8.75938e-05
8.75938e-05
8.75938e-05
8.75938e-05
8.75938e-05
8.75938e-05
8.75938e-05
8.75938e-05
8.75938e-05
8.75938e-05
8.75938e-05
8.75938e-05
8.75938e-05
8.75938e-05
8.75938e-05
8.75938e-05
8.75938e-05
8.75938e-05
2.63172e-05
3.79743e-05
4.80645e-05
6.06771e-05
7.15318e-05
7.93719e-05
8.56796e-05
8.96186e-05
9.27537e-05
9.54471e-05
9.76623e-05
9.963e-05
0.000101363
0.00010294
0.000104387
0.000105704
0.000106944
0.000108109
0.000109209
0.000110247
0.000111223
0.000112138
0.000112989
0.000113772
0.000114484
0.000115064
0.000115474
0.000115748
0.000115926
0.000116036
0.0001161
0.000116134
0.000116148
0.000116149
0.000116143
0.000116134
0.000116124
0.000116114
0.000116105
0.000116098
0.000116092
0.000116088
0.000116085
0.000116082
0.000116081
0.00011608
0.000116079
0.000116079
0.00011608
0.000116081
0.000116082
0.000116083
0.000116084
0.000116085
0.000116086
0.000116087
0.000116088
0.000116089
0.00011609
0.000116091
0.000116091
0.000116092
0.000116092
0.000116093
0.000116093
0.000116093
0.000116094
0.000116094
0.000116094
0.000116094
0.000116094
0.000116094
0.000116095
0.000116095
0.000116095
0.000116095
0.000116095
0.000116095
0.000116095
0.000116095
0.000116095
0.000116095
0.000116095
0.000116095
0.000116095
0.000116095
0.000116095
0.000116095
0.000116095
0.000116095
0.000116095
0.000116095
0.000116095
0.000116095
0.000116095
0.000116095
0.000116095
0.000116095
0.000116095
0.000116095
0.000116095
0.000116095
0.000116095
0.000116095
0.000116095
0.000116095
0.000116095
0.000116095
0.000116095
0.000116095
0.000116095
0.000116095
0.000116095
0.000116095
0.000116095
0.000116095
0.000116095
0.000116095
0.000116095
0.000116095
0.000116095
0.000116095
0.000116095
0.000116095
0.000116095
0.000116095
0.000116095
0.000116095
0.000116095
0.000116095
0.000116095
0.000116095
0.000116095
0.000116095
0.000116095
0.000116095
0.000116095
0.000116095
0.000116095
0.000116095
0.000116095
0.000116095
0.000116095
0.000116095
0.000116095
0.000116095
0.000116095
0.000116095
0.000116095
0.000116095
0.000116095
0.000116095
0.000116095
0.000116095
0.000116095
0.000116095
0.000116095
0.000116095
0.000116095
0.000116095
0.000116095
0.000116095
0.000116095
0.000116095
0.000116095
0.000116095
0.000116095
0.000116095
0.000116095
0.000116095
0.000116095
0.000116095
0.000116095
0.000116095
0.000116095
0.000116095
0.000116095
0.000116095
0.000116095
0.000116095
0.000116095
0.000116095
0.000116095
0.000116095
0.000116095
0.000116095
0.000116095
0.000116095
0.000116095
0.000116095
0.000116095
0.000116095
0.000116095
0.000116095
0.000116095
0.000116095
0.000116095
0.000116095
0.000116095
0.000116095
0.000116095
0.000116095
0.000116095
0.000116095
0.000116095
0.000116095
0.000116095
0.000116095
0.000116095
0.000116095
0.000116095
0.000116095
0.000116095
0.000116095
0.000116095
0.000116095
0.000116095
0.000116095
0.000116095
0.000116095
0.000116095
0.000116095
0.000116095
0.000116095
0.000116095
0.000116095
0.000116095
0.000116095
0.000116095
0.000116095
0.000116095
0.000116095
0.000116095
0.000116095
0.000116095
0.000116095
0.000116095
0.000116095
0.000116095
0.000116095
0.000116095
0.000116095
0.000116095
0.000116095
0.000116095
0.000116095
0.000116095
0.000116095
0.000116095
0.000116095
0.000116095
0.000116095
0.000116095
0.000116095
0.000116095
0.000116095
0.000116095
0.000116095
0.000116095
0.000116095
0.000116095
0.000116095
0.000116095
0.000116095
0.000116095
0.000116095
0.000116095
0.000116095
0.000116095
0.000116095
0.000116095
0.000116095
0.000116095
0.000116095
0.000116095
0.000116095
0.000116095
0.000116095
0.000116095
0.000116095
0.000116095
0.000116095
0.000116095
0.000116095
0.000116095
0.000116095
0.000116095
0.000116095
0.000116095
0.000116095
0.000116095
0.000116095
0.000116095
0.000116095
0.000116095
0.000116095
0.000116095
0.000116095
0.000116095
0.000116095
2.78106e-05
3.2669e-05
4.48265e-05
5.63159e-05
6.61614e-05
7.75125e-05
8.75727e-05
9.54518e-05
0.0001021
0.000107539
0.000111484
0.000114913
0.000117923
0.000120641
0.000123087
0.000125298
0.000127348
0.000129244
0.000131013
0.000132658
0.000134183
0.000135596
0.00013689
0.000138064
0.00013911
0.000139949
0.000140545
0.00014095
0.000141217
0.000141386
0.000141486
0.000141541
0.000141565
0.000141569
0.000141563
0.000141552
0.000141539
0.000141526
0.000141515
0.000141505
0.000141498
0.000141492
0.000141489
0.000141486
0.000141485
0.000141484
0.000141484
0.000141485
0.000141487
0.000141489
0.000141491
0.000141493
0.000141495
0.000141497
0.000141499
0.000141501
0.000141503
0.000141505
0.000141506
0.000141507
0.000141508
0.000141509
0.00014151
0.000141511
0.000141511
0.000141512
0.000141512
0.000141513
0.000141513
0.000141513
0.000141514
0.000141514
0.000141514
0.000141514
0.000141514
0.000141515
0.000141515
0.000141515
0.000141515
0.000141515
0.000141515
0.000141515
0.000141515
0.000141515
0.000141515
0.000141515
0.000141515
0.000141515
0.000141515
0.000141515
0.000141515
0.000141515
0.000141515
0.000141515
0.000141515
0.000141515
0.000141515
0.000141515
0.000141515
0.000141515
0.000141515
0.000141515
0.000141515
0.000141515
0.000141515
0.000141515
0.000141515
0.000141515
0.000141515
0.000141515
0.000141515
0.000141515
0.000141515
0.000141515
0.000141515
0.000141515
0.000141515
0.000141515
0.000141515
0.000141515
0.000141515
0.000141515
0.000141515
0.000141515
0.000141515
0.000141515
0.000141515
0.000141515
0.000141515
0.000141515
0.000141515
0.000141515
0.000141515
0.000141515
0.000141515
0.000141515
0.000141515
0.000141515
0.000141515
0.000141515
0.000141515
0.000141515
0.000141515
0.000141515
0.000141515
0.000141515
0.000141515
0.000141515
0.000141515
0.000141515
0.000141515
0.000141515
0.000141515
0.000141515
0.000141515
0.000141515
0.000141515
0.000141515
0.000141515
0.000141515
0.000141515
0.000141515
0.000141515
0.000141515
0.000141515
0.000141515
0.000141515
0.000141515
0.000141515
0.000141515
0.000141515
0.000141515
0.000141515
0.000141515
0.000141515
0.000141515
0.000141515
0.000141515
0.000141515
0.000141515
0.000141515
0.000141515
0.000141515
0.000141515
0.000141515
0.000141515
0.000141515
0.000141515
0.000141515
0.000141515
0.000141515
0.000141515
0.000141515
0.000141515
0.000141515
0.000141515
0.000141515
0.000141515
0.000141515
0.000141515
0.000141515
0.000141515
0.000141515
0.000141515
0.000141515
0.000141515
0.000141515
0.000141515
0.000141515
0.000141515
0.000141515
0.000141515
0.000141515
0.000141515
0.000141515
0.000141515
0.000141515
0.000141515
0.000141515
0.000141515
0.000141515
0.000141515
0.000141515
0.000141515
0.000141515
0.000141515
0.000141515
0.000141515
0.000141515
0.000141515
0.000141515
0.000141515
0.000141515
0.000141515
0.000141515
0.000141515
0.000141515
0.000141515
0.000141515
0.000141515
0.000141515
0.000141515
0.000141515
0.000141515
0.000141515
0.000141515
0.000141515
0.000141515
0.000141515
0.000141515
0.000141515
0.000141515
0.000141515
0.000141515
0.000141515
0.000141515
0.000141515
0.000141515
0.000141515
0.000141515
0.000141515
0.000141515
0.000141515
0.000141515
0.000141515
0.000141515
0.000141515
0.000141515
0.000141515
0.000141515
0.000141515
0.000141515
0.000141515
0.000141515
0.000141515
0.000141515
0.000141515
0.000141515
0.000141515
0.000141515
0.000141515
0.000141515
0.000141515
0.000141515
0.000141515
0.000141515
0.000141515
0.000141515
0.000141515
0.000141515
0.000141515
0.000141515
0.000141515
0.000141515
0.000141515
0.000141515
0.000141515
0.000141515
0.000141515
0.000141515
3.48154e-05
3.08752e-05
3.82905e-05
5.05016e-05
5.78233e-05
6.98242e-05
8.12016e-05
9.17411e-05
0.000101401
0.000109578
0.000116738
0.000122652
0.000128086
0.000132552
0.00013624
0.000139575
0.000142642
0.000145467
0.000148083
0.000150494
0.000152714
0.000154753
0.000156608
0.000158281
0.000159762
0.000160966
0.000161856
0.000162496
0.000162948
0.000163262
0.000163478
0.000163623
0.000163718
0.000163781
0.000163821
0.000163848
0.000163867
0.000163881
0.000163892
0.000163903
0.000163913
0.000163922
0.000163932
0.000163942
0.000163951
0.000163959
0.000163967
0.000163975
0.000163984
0.000163992
0.000163999
0.000164006
0.000164012
0.000164018
0.000164023
0.000164028
0.000164032
0.000164036
0.000164039
0.000164042
0.000164045
0.000164047
0.000164049
0.000164051
0.000164052
0.000164054
0.000164055
0.000164056
0.000164056
0.000164057
0.000164058
0.000164058
0.000164059
0.000164059
0.00016406
0.00016406
0.00016406
0.00016406
0.00016406
0.000164061
0.000164061
0.000164061
0.000164061
0.000164061
0.000164061
0.000164061
0.000164061
0.000164061
0.000164061
0.000164061
0.000164061
0.000164061
0.000164061
0.000164061
0.000164061
0.000164062
0.000164062
0.000164062
0.000164062
0.000164062
0.000164062
0.000164062
0.000164062
0.000164062
0.000164062
0.000164062
0.000164062
0.000164062
0.000164062
0.000164062
0.000164062
0.000164062
0.000164062
0.000164062
0.000164062
0.000164062
0.000164062
0.000164062
0.000164062
0.000164062
0.000164062
0.000164062
0.000164062
0.000164062
0.000164062
0.000164062
0.000164062
0.000164062
0.000164062
0.000164062
0.000164062
0.000164062
0.000164062
0.000164062
0.000164062
0.000164062
0.000164062
0.000164062
0.000164062
0.000164062
0.000164062
0.000164062
0.000164062
0.000164062
0.000164062
0.000164062
0.000164062
0.000164062
0.000164062
0.000164062
0.000164062
0.000164062
0.000164062
0.000164062
0.000164062
0.000164062
0.000164062
0.000164062
0.000164062
0.000164062
0.000164062
0.000164062
0.000164062
0.000164062
0.000164062
0.000164062
0.000164062
0.000164062
0.000164062
0.000164062
0.000164062
0.000164062
0.000164062
0.000164062
0.000164062
0.000164062
0.000164062
0.000164062
0.000164062
0.000164062
0.000164062
0.000164062
0.000164062
0.000164062
0.000164062
0.000164062
0.000164062
0.000164062
0.000164062
0.000164062
0.000164062
0.000164062
0.000164062
0.000164062
0.000164062
0.000164062
0.000164062
0.000164062
0.000164062
0.000164062
0.000164062
0.000164062
0.000164062
0.000164062
0.000164062
0.000164062
0.000164062
0.000164062
0.000164062
0.000164062
0.000164062
0.000164062
0.000164062
0.000164062
0.000164062
0.000164062
0.000164062
0.000164062
0.000164062
0.000164062
0.000164062
0.000164062
0.000164062
0.000164062
0.000164062
0.000164062
0.000164062
0.000164062
0.000164062
0.000164062
0.000164062
0.000164062
0.000164062
0.000164062
0.000164062
0.000164062
0.000164062
0.000164062
0.000164062
0.000164062
0.000164062
0.000164062
0.000164062
0.000164062
0.000164062
0.000164062
0.000164062
0.000164062
0.000164062
0.000164062
0.000164062
0.000164062
0.000164062
0.000164062
0.000164062
0.000164062
0.000164062
0.000164062
0.000164062
0.000164062
0.000164062
0.000164062
0.000164062
0.000164062
0.000164062
0.000164062
0.000164062
0.000164062
0.000164062
0.000164062
0.000164062
0.000164062
0.000164062
0.000164062
0.000164062
0.000164062
0.000164062
0.000164062
0.000164062
0.000164062
0.000164062
0.000164062
0.000164062
0.000164062
0.000164062
0.000164062
0.000164062
0.000164062
0.000164062
0.000164062
0.000164062
0.000164062
0.000164062
0.000164062
0.000164062
0.000164062
0.000164062
0.000164062
0.000164062
0.000164062
5.07532e-05
3.39713e-05
3.40189e-05
4.16136e-05
5.28011e-05
6.25264e-05
7.15082e-05
8.26174e-05
9.38579e-05
0.000104013
0.000113714
0.000121992
0.000129697
0.000136277
0.000142201
0.000147274
0.00015194
0.000156414
0.000160306
0.000163634
0.000166684
0.000169477
0.000172011
0.000174298
0.000176351
0.000178075
0.0001794
0.000180405
0.000181165
0.000181739
0.000182174
0.000182504
0.000182756
0.000182951
0.000183104
0.000183227
0.000183328
0.000183412
0.000183484
0.000183547
0.000183602
0.000183651
0.000183695
0.000183734
0.000183768
0.000183798
0.000183826
0.000183851
0.000183874
0.000183895
0.000183914
0.000183931
0.000183946
0.000183959
0.000183971
0.000183981
0.000183991
0.000183999
0.000184006
0.000184012
0.000184018
0.000184022
0.000184027
0.00018403
0.000184033
0.000184036
0.000184038
0.00018404
0.000184042
0.000184043
0.000184045
0.000184046
0.000184047
0.000184048
0.000184048
0.000184049
0.00018405
0.00018405
0.00018405
0.000184051
0.000184051
0.000184051
0.000184052
0.000184052
0.000184052
0.000184052
0.000184052
0.000184052
0.000184052
0.000184052
0.000184052
0.000184052
0.000184053
0.000184053
0.000184053
0.000184053
0.000184053
0.000184053
0.000184053
0.000184053
0.000184053
0.000184053
0.000184053
0.000184053
0.000184053
0.000184053
0.000184053
0.000184053
0.000184053
0.000184053
0.000184053
0.000184053
0.000184053
0.000184053
0.000184053
0.000184053
0.000184053
0.000184053
0.000184053
0.000184053
0.000184053
0.000184053
0.000184053
0.000184053
0.000184053
0.000184053
0.000184053
0.000184053
0.000184053
0.000184053
0.000184053
0.000184053
0.000184053
0.000184053
0.000184053
0.000184053
0.000184053
0.000184053
0.000184053
0.000184053
0.000184053
0.000184053
0.000184053
0.000184053
0.000184053
0.000184053
0.000184053
0.000184053
0.000184053
0.000184053
0.000184053
0.000184053
0.000184053
0.000184053
0.000184053
0.000184053
0.000184053
0.000184053
0.000184053
0.000184053
0.000184053
0.000184053
0.000184053
0.000184053
0.000184053
0.000184053
0.000184053
0.000184053
0.000184053
0.000184053
0.000184053
0.000184053
0.000184053
0.000184053
0.000184053
0.000184053
0.000184053
0.000184053
0.000184053
0.000184053
0.000184053
0.000184053
0.000184053
0.000184053
0.000184053
0.000184053
0.000184053
0.000184053
0.000184053
0.000184053
0.000184053
0.000184053
0.000184053
0.000184053
0.000184053
0.000184053
0.000184053
0.000184053
0.000184053
0.000184053
0.000184053
0.000184053
0.000184053
0.000184053
0.000184053
0.000184053
0.000184053
0.000184053
0.000184053
0.000184053
0.000184053
0.000184053
0.000184053
0.000184053
0.000184053
0.000184053
0.000184053
0.000184053
0.000184053
0.000184053
0.000184053
0.000184053
0.000184053
0.000184053
0.000184053
0.000184053
0.000184053
0.000184053
0.000184053
0.000184053
0.000184053
0.000184053
0.000184053
0.000184053
0.000184053
0.000184053
0.000184053
0.000184053
0.000184053
0.000184053
0.000184053
0.000184053
0.000184053
0.000184053
0.000184053
0.000184053
0.000184053
0.000184053
0.000184053
0.000184053
0.000184053
0.000184053
0.000184053
0.000184053
0.000184053
0.000184053
0.000184053
0.000184053
0.000184053
0.000184053
0.000184053
0.000184053
0.000184053
0.000184053
0.000184053
0.000184053
0.000184053
0.000184053
0.000184053
0.000184053
0.000184053
0.000184053
0.000184053
0.000184053
0.000184053
0.000184053
0.000184053
0.000184053
0.000184053
0.000184053
0.000184053
0.000184053
0.000184053
0.000184053
0.000184053
0.000184053
0.000184053
0.000184053
0.000184053
0.000184053
0.000184053
0.000184053
0.000184053
0.000184053
0.000184053
0.000184053
0.000184053
0.000184053
0.000184053
0.000184053
8.08325e-05
4.56082e-05
3.6566e-05
3.73386e-05
4.48451e-05
5.62618e-05
6.3175e-05
7.32779e-05
8.33406e-05
9.3964e-05
0.00010501
0.000114969
0.000124588
0.00013312
0.000141112
0.000148101
0.000154354
0.00016029
0.00016559
0.00017045
0.000174777
0.000178513
0.000181784
0.000184582
0.000187899
0.000191384
0.000193296
0.000194811
0.000196015
0.000196977
0.00019775
0.000198374
0.000198882
0.000199299
0.000199643
0.000199932
0.000200176
0.000200384
0.000200563
0.000200717
0.000200852
0.000200969
0.000201072
0.000201162
0.00020124
0.000201308
0.000201369
0.000201422
0.00020147
0.000201513
0.00020155
0.000201584
0.000201613
0.000201639
0.000201661
0.000201681
0.000201699
0.000201714
0.000201727
0.000201739
0.000201749
0.000201757
0.000201765
0.000201771
0.000201777
0.000201782
0.000201786
0.00020179
0.000201793
0.000201796
0.000201798
0.0002018
0.000201802
0.000201804
0.000201805
0.000201806
0.000201807
0.000201808
0.000201809
0.000201809
0.00020181
0.00020181
0.000201811
0.000201811
0.000201811
0.000201811
0.000201812
0.000201812
0.000201812
0.000201812
0.000201812
0.000201812
0.000201812
0.000201813
0.000201813
0.000201813
0.000201813
0.000201813
0.000201813
0.000201813
0.000201813
0.000201813
0.000201813
0.000201813
0.000201813
0.000201813
0.000201813
0.000201813
0.000201813
0.000201813
0.000201813
0.000201813
0.000201813
0.000201813
0.000201813
0.000201813
0.000201813
0.000201813
0.000201813
0.000201813
0.000201813
0.000201813
0.000201813
0.000201813
0.000201813
0.000201813
0.000201813
0.000201813
0.000201813
0.000201813
0.000201813
0.000201813
0.000201813
0.000201813
0.000201813
0.000201813
0.000201813
0.000201813
0.000201813
0.000201813
0.000201813
0.000201813
0.000201813
0.000201813
0.000201813
0.000201813
0.000201813
0.000201813
0.000201813
0.000201813
0.000201813
0.000201813
0.000201813
0.000201813
0.000201813
0.000201813
0.000201813
0.000201813
0.000201813
0.000201813
0.000201813
0.000201813
0.000201813
0.000201813
0.000201813
0.000201813
0.000201813
0.000201813
0.000201813
0.000201813
0.000201813
0.000201813
0.000201813
0.000201813
0.000201813
0.000201813
0.000201813
0.000201813
0.000201813
0.000201813
0.000201813
0.000201813
0.000201813
0.000201813
0.000201813
0.000201813
0.000201813
0.000201813
0.000201813
0.000201813
0.000201813
0.000201813
0.000201813
0.000201813
0.000201813
0.000201813
0.000201813
0.000201813
0.000201813
0.000201813
0.000201813
0.000201813
0.000201813
0.000201813
0.000201813
0.000201813
0.000201813
0.000201813
0.000201813
0.000201813
0.000201813
0.000201813
0.000201813
0.000201813
0.000201813
0.000201813
0.000201813
0.000201813
0.000201813
0.000201813
0.000201813
0.000201813
0.000201813
0.000201813
0.000201813
0.000201813
0.000201813
0.000201813
0.000201813
0.000201813
0.000201813
0.000201813
0.000201813
0.000201813
0.000201813
0.000201813
0.000201813
0.000201813
0.000201813
0.000201813
0.000201813
0.000201813
0.000201813
0.000201813
0.000201813
0.000201813
0.000201813
0.000201813
0.000201813
0.000201813
0.000201813
0.000201813
0.000201813
0.000201813
0.000201813
0.000201813
0.000201813
0.000201813
0.000201813
0.000201813
0.000201813
0.000201813
0.000201813
0.000201813
0.000201813
0.000201813
0.000201813
0.000201813
0.000201813
0.000201813
0.000201813
0.000201813
0.000201813
0.000201813
0.000201813
0.000201813
0.000201813
0.000201813
0.000201813
0.000201813
0.000201813
0.000201813
0.000201813
0.000201813
0.000201813
0.000201813
0.000201813
0.000201813
0.000201813
0.000201813
0.000201813
0.000201813
0.000201813
0.000201813
0.000201813
0.000201813
0.000201813
0.000201813
0.000201813
0.000201813
0.000134438
6.83485e-05
4.85743e-05
4.05658e-05
4.07524e-05
4.75993e-05
5.82109e-05
6.71816e-05
7.42318e-05
8.36236e-05
9.37881e-05
0.000104082
0.00011478
0.000124676
0.000134293
0.00014309
0.000151062
0.000158264
0.000164878
0.000171171
0.000176711
0.000181426
0.000185734
0.000190054
0.000195965
0.000201124
0.000203759
0.000205923
0.000207711
0.000209194
0.000210431
0.000211466
0.000212334
0.000213067
0.000213688
0.000214217
0.000214669
0.000215058
0.000215393
0.000215683
0.000215934
0.000216152
0.000216341
0.000216506
0.000216648
0.000216772
0.000216881
0.000216976
0.00021706
0.000217134
0.000217199
0.000217255
0.000217305
0.000217348
0.000217386
0.000217419
0.000217448
0.000217473
0.000217495
0.000217514
0.00021753
0.000217545
0.000217557
0.000217568
0.000217577
0.000217585
0.000217592
0.000217598
0.000217603
0.000217608
0.000217611
0.000217615
0.000217618
0.00021762
0.000217622
0.000217624
0.000217626
0.000217627
0.000217628
0.000217629
0.00021763
0.000217631
0.000217631
0.000217632
0.000217633
0.000217633
0.000217633
0.000217634
0.000217634
0.000217634
0.000217634
0.000217634
0.000217635
0.000217635
0.000217635
0.000217635
0.000217635
0.000217635
0.000217635
0.000217635
0.000217635
0.000217635
0.000217635
0.000217635
0.000217635
0.000217635
0.000217635
0.000217635
0.000217635
0.000217635
0.000217635
0.000217635
0.000217635
0.000217635
0.000217635
0.000217635
0.000217635
0.000217635
0.000217635
0.000217635
0.000217635
0.000217635
0.000217635
0.000217635
0.000217635
0.000217635
0.000217635
0.000217635
0.000217635
0.000217635
0.000217635
0.000217635
0.000217635
0.000217635
0.000217635
0.000217635
0.000217635
0.000217635
0.000217635
0.000217635
0.000217635
0.000217635
0.000217635
0.000217635
0.000217635
0.000217635
0.000217635
0.000217635
0.000217635
0.000217635
0.000217635
0.000217635
0.000217635
0.000217635
0.000217635
0.000217635
0.000217635
0.000217635
0.000217635
0.000217635
0.000217635
0.000217635
0.000217635
0.000217635
0.000217635
0.000217635
0.000217635
0.000217635
0.000217635
0.000217635
0.000217635
0.000217635
0.000217635
0.000217635
0.000217635
0.000217635
0.000217635
0.000217635
0.000217635
0.000217635
0.000217635
0.000217635
0.000217635
0.000217635
0.000217635
0.000217635
0.000217635
0.000217635
0.000217635
0.000217635
0.000217635
0.000217635
0.000217635
0.000217635
0.000217635
0.000217635
0.000217635
0.000217635
0.000217635
0.000217635
0.000217635
0.000217635
0.000217635
0.000217635
0.000217635
0.000217635
0.000217635
0.000217635
0.000217635
0.000217635
0.000217635
0.000217635
0.000217635
0.000217635
0.000217635
0.000217635
0.000217635
0.000217635
0.000217635
0.000217635
0.000217635
0.000217635
0.000217635
0.000217635
0.000217635
0.000217635
0.000217635
0.000217635
0.000217635
0.000217635
0.000217635
0.000217635
0.000217635
0.000217635
0.000217635
0.000217635
0.000217635
0.000217635
0.000217635
0.000217635
0.000217635
0.000217635
0.000217635
0.000217635
0.000217635
0.000217635
0.000217635
0.000217635
0.000217635
0.000217635
0.000217635
0.000217635
0.000217635
0.000217635
0.000217635
0.000217635
0.000217635
0.000217635
0.000217635
0.000217635
0.000217635
0.000217635
0.000217635
0.000217635
0.000217635
0.000217635
0.000217635
0.000217635
0.000217635
0.000217635
0.000217635
0.000217635
0.000217635
0.000217635
0.000217635
0.000217635
0.000217635
0.000217635
0.000217635
0.000217635
0.000217635
0.000217635
0.000217635
0.000217635
0.000217635
0.000217635
0.000217635
0.000217635
0.000217635
0.000217635
0.000217635
0.000217635
0.000217635
0.000217635
0.000217635
0.000217635
0.000217635
0.000217635
0.000217635
0.000217635
0.000193705
0.00011064
7.1907e-05
5.36876e-05
4.49199e-05
4.45483e-05
5.01798e-05
5.95136e-05
6.83263e-05
7.64832e-05
8.40134e-05
9.30553e-05
0.000103022
0.000113082
0.000123524
0.000133423
0.000142833
0.000151358
0.000159309
0.000166557
0.000173445
0.000179602
0.000185918
0.000193383
0.000202391
0.000207592
0.00021107
0.000214014
0.000216518
0.000218654
0.000220477
0.000222035
0.000223368
0.000224509
0.000225489
0.000226331
0.000227056
0.000227682
0.000228223
0.000228691
0.000229096
0.000229446
0.00022975
0.000230013
0.00023024
0.000230437
0.000230609
0.000230759
0.00023089
0.000231005
0.000231105
0.000231192
0.000231268
0.000231334
0.000231392
0.000231442
0.000231486
0.000231524
0.000231557
0.000231585
0.00023161
0.000231631
0.00023165
0.000231666
0.00023168
0.000231692
0.000231702
0.000231711
0.000231719
0.000231726
0.000231732
0.000231736
0.000231741
0.000231744
0.000231748
0.00023175
0.000231753
0.000231755
0.000231757
0.000231758
0.000231759
0.000231761
0.000231762
0.000231762
0.000231763
0.000231764
0.000231764
0.000231765
0.000231765
0.000231765
0.000231766
0.000231766
0.000231766
0.000231766
0.000231767
0.000231767
0.000231767
0.000231767
0.000231767
0.000231767
0.000231767
0.000231767
0.000231767
0.000231767
0.000231767
0.000231767
0.000231767
0.000231767
0.000231767
0.000231767
0.000231767
0.000231767
0.000231767
0.000231767
0.000231767
0.000231767
0.000231767
0.000231767
0.000231767
0.000231767
0.000231767
0.000231767
0.000231767
0.000231767
0.000231767
0.000231767
0.000231767
0.000231767
0.000231767
0.000231767
0.000231767
0.000231768
0.000231767
0.000231767
0.000231767
0.000231767
0.000231767
0.000231767
0.000231767
0.000231767
0.000231767
0.000231767
0.000231767
0.000231767
0.000231767
0.000231767
0.000231767
0.000231767
0.000231767
0.000231767
0.000231767
0.000231767
0.000231767
0.000231767
0.000231767
0.000231767
0.000231767
0.000231767
0.000231767
0.000231767
0.000231767
0.000231767
0.000231767
0.000231767
0.000231767
0.000231767
0.000231767
0.000231767
0.000231767
0.000231767
0.000231767
0.000231767
0.000231767
0.000231767
0.000231767
0.000231767
0.000231767
0.000231767
0.000231767
0.000231767
0.000231767
0.000231767
0.000231767
0.000231767
0.000231767
0.000231767
0.000231767
0.000231767
0.000231767
0.000231767
0.000231767
0.000231767
0.000231767
0.000231767
0.000231767
0.000231767
0.000231767
0.000231767
0.000231767
0.000231767
0.000231767
0.000231767
0.000231767
0.000231767
0.000231767
0.000231767
0.000231767
0.000231767
0.000231767
0.000231767
0.000231767
0.000231767
0.000231767
0.000231767
0.000231767
0.000231767
0.000231767
0.000231767
0.000231767
0.000231767
0.000231767
0.000231767
0.000231768
0.000231768
0.000231768
0.000231768
0.000231768
0.000231768
0.000231768
0.000231768
0.000231768
0.000231768
0.000231768
0.000231768
0.000231768
0.000231768
0.000231768
0.000231768
0.000231767
0.000231767
0.000231767
0.000231767
0.000231767
0.000231767
0.000231767
0.000231767
0.000231767
0.000231767
0.000231767
0.000231767
0.000231767
0.000231767
0.000231767
0.000231767
0.000231767
0.000231767
0.000231767
0.000231767
0.000231767
0.000231767
0.000231767
0.000231767
0.000231767
0.000231767
0.000231767
0.000231767
0.000231767
0.000231767
0.000231767
0.000231767
0.000231767
0.000231767
0.000231767
0.000231767
0.000231767
0.000231767
0.000231767
0.000231767
0.000231767
0.000231767
0.000231767
0.000231767
0.000231767
0.000231767
0.000231767
0.000231767
0.000231767
0.000231767
0.000231767
0.000231767
0.000231767
0.000231767
0.000231767
0.000231767
0.000231767
0.000231767
0.000231767
0.000231767
0.000231767
0.000231767
0.00018292
0.000175017
0.000114043
7.7923e-05
5.93175e-05
4.98756e-05
4.81829e-05
5.25251e-05
6.06968e-05
7.09948e-05
7.75182e-05
8.54093e-05
9.30425e-05
0.000101828
0.000111496
0.000121219
0.000131241
0.000140761
0.000150054
0.000158328
0.000166644
0.00017544
0.000185324
0.000196835
0.000206
0.000211122
0.000215554
0.000219402
0.000222748
0.000225655
0.000228177
0.000230362
0.000232251
0.000233884
0.000235295
0.000236516
0.000237571
0.000238484
0.000239275
0.000239959
0.000240551
0.000241063
0.000241506
0.000241889
0.000242219
0.000242505
0.000242754
0.000242971
0.000243159
0.000243324
0.000243466
0.00024359
0.000243698
0.000243792
0.000243874
0.000243945
0.000244006
0.000244059
0.000244105
0.000244145
0.00024418
0.00024421
0.000244236
0.000244259
0.000244278
0.000244295
0.000244309
0.000244322
0.000244333
0.000244342
0.00024435
0.000244357
0.000244363
0.000244368
0.000244373
0.000244376
0.00024438
0.000244383
0.000244385
0.000244387
0.000244389
0.000244391
0.000244392
0.000244393
0.000244394
0.000244395
0.000244396
0.000244396
0.000244397
0.000244397
0.000244398
0.000244398
0.000244398
0.000244399
0.000244399
0.000244399
0.000244399
0.000244399
0.0002444
0.0002444
0.0002444
0.0002444
0.0002444
0.0002444
0.0002444
0.0002444
0.0002444
0.0002444
0.0002444
0.0002444
0.0002444
0.0002444
0.0002444
0.0002444
0.0002444
0.0002444
0.0002444
0.0002444
0.0002444
0.0002444
0.0002444
0.0002444
0.0002444
0.0002444
0.0002444
0.0002444
0.0002444
0.0002444
0.0002444
0.0002444
0.0002444
0.0002444
0.0002444
0.0002444
0.0002444
0.0002444
0.0002444
0.0002444
0.0002444
0.0002444
0.0002444
0.0002444
0.0002444
0.0002444
0.0002444
0.0002444
0.0002444
0.0002444
0.0002444
0.0002444
0.0002444
0.0002444
0.0002444
0.0002444
0.0002444
0.0002444
0.0002444
0.0002444
0.0002444
0.0002444
0.0002444
0.0002444
0.0002444
0.0002444
0.0002444
0.0002444
0.0002444
0.0002444
0.0002444
0.0002444
0.0002444
0.0002444
0.0002444
0.0002444
0.0002444
0.0002444
0.0002444
0.0002444
0.0002444
0.0002444
0.0002444
0.0002444
0.0002444
0.0002444
0.0002444
0.0002444
0.0002444
0.0002444
0.0002444
0.0002444
0.0002444
0.0002444
0.0002444
0.0002444
0.0002444
0.0002444
0.0002444
0.0002444
0.0002444
0.0002444
0.0002444
0.0002444
0.0002444
0.0002444
0.0002444
0.0002444
0.0002444
0.0002444
0.0002444
0.0002444
0.0002444
0.0002444
0.0002444
0.0002444
0.0002444
0.0002444
0.0002444
0.0002444
0.0002444
0.0002444
0.0002444
0.0002444
0.0002444
0.0002444
0.0002444
0.0002444
0.0002444
0.0002444
0.0002444
0.0002444
0.0002444
0.0002444
0.0002444
0.0002444
0.0002444
0.0002444
0.0002444
0.0002444
0.0002444
0.0002444
0.0002444
0.0002444
0.0002444
0.0002444
0.0002444
0.0002444
0.0002444
0.0002444
0.0002444
0.0002444
0.0002444
0.0002444
0.0002444
0.0002444
0.0002444
0.0002444
0.0002444
0.0002444
0.0002444
0.0002444
0.0002444
0.0002444
0.0002444
0.0002444
0.0002444
0.0002444
0.0002444
0.0002444
0.0002444
0.0002444
0.0002444
0.0002444
0.0002444
0.0002444
0.0002444
0.0002444
0.0002444
0.0002444
0.0002444
0.0002444
0.0002444
0.0002444
0.0002444
0.0002444
0.0002444
0.0002444
0.0002444
0.0002444
0.0002444
0.0002444
0.0002444
0.0002444
0.0002444
0.0002444
0.0002444
0.0002444
0.0002444
0.0002444
0.0002444
0.0002444
0.000164731
0.00025183
0.000175365
0.000119569
8.40202e-05
6.51505e-05
5.48252e-05
5.19924e-05
5.48209e-05
6.17475e-05
7.09349e-05
8.08373e-05
8.66099e-05
9.41308e-05
0.000101764
0.000110117
0.00011953
0.000129201
0.000139273
0.000149211
0.000159695
0.000172327
0.000186415
0.000198915
0.000205869
0.000212077
0.000217576
0.000222444
0.000226745
0.000230528
0.000233843
0.000236737
0.000239256
0.000241445
0.000243346
0.000244995
0.000246425
0.000247664
0.000248738
0.000249668
0.000250473
0.000251169
0.00025177
0.000252289
0.000252737
0.000253125
0.000253461
0.000253754
0.000254008
0.000254228
0.00025442
0.000254586
0.00025473
0.000254855
0.000254964
0.000255058
0.000255139
0.00025521
0.000255271
0.000255324
0.00025537
0.00025541
0.000255444
0.000255474
0.0002555
0.000255522
0.000255541
0.000255557
0.000255572
0.000255584
0.000255595
0.000255604
0.000255612
0.000255618
0.000255624
0.000255629
0.000255634
0.000255638
0.000255641
0.000255644
0.000255646
0.000255648
0.00025565
0.000255651
0.000255653
0.000255654
0.000255655
0.000255656
0.000255656
0.000255657
0.000255657
0.000255658
0.000255658
0.000255659
0.000255659
0.000255659
0.000255659
0.00025566
0.00025566
0.00025566
0.00025566
0.00025566
0.00025566
0.00025566
0.00025566
0.00025566
0.000255661
0.000255661
0.000255661
0.000255661
0.000255661
0.000255661
0.000255661
0.000255661
0.000255661
0.000255661
0.000255661
0.000255661
0.000255661
0.000255661
0.000255661
0.000255661
0.000255661
0.000255661
0.000255661
0.000255661
0.000255661
0.000255661
0.000255661
0.000255661
0.000255661
0.000255661
0.000255661
0.000255661
0.000255661
0.000255661
0.000255661
0.000255661
0.000255661
0.000255661
0.000255661
0.000255661
0.000255661
0.000255661
0.000255661
0.000255661
0.000255661
0.000255661
0.000255661
0.000255661
0.000255661
0.000255661
0.000255661
0.000255661
0.000255661
0.000255661
0.000255661
0.000255661
0.000255661
0.000255661
0.000255661
0.000255661
0.000255661
0.000255661
0.000255661
0.000255661
0.000255661
0.000255661
0.000255661
0.000255661
0.000255661
0.000255661
0.000255661
0.000255661
0.000255661
0.000255661
0.000255661
0.000255661
0.000255661
0.000255661
0.000255661
0.000255661
0.000255661
0.000255661
0.000255661
0.000255661
0.000255661
0.000255661
0.000255661
0.000255661
0.000255661
0.000255661
0.000255661
0.000255661
0.000255661
0.000255661
0.000255661
0.000255661
0.000255661
0.000255661
0.000255661
0.000255661
0.000255661
0.000255661
0.000255661
0.000255661
0.000255661
0.000255661
0.000255661
0.000255661
0.000255661
0.000255661
0.000255661
0.000255661
0.000255661
0.000255661
0.000255661
0.000255661
0.000255661
0.000255661
0.000255661
0.000255661
0.000255661
0.000255661
0.000255661
0.000255661
0.000255661
0.000255661
0.000255661
0.000255661
0.000255661
0.000255661
0.000255661
0.000255661
0.000255661
0.000255661
0.000255661
0.000255661
0.000255661
0.000255661
0.000255661
0.000255661
0.000255661
0.000255661
0.000255661
0.000255661
0.000255661
0.000255661
0.000255661
0.000255661
0.000255661
0.000255661
0.000255661
0.000255661
0.000255661
0.000255661
0.000255661
0.000255661
0.000255661
0.000255661
0.000255661
0.000255661
0.000255661
0.000255661
0.000255661
0.000255661
0.000255661
0.000255661
0.000255661
0.000255661
0.000255661
0.000255661
0.000255661
0.000255661
0.000255661
0.000255661
0.000255661
0.000255661
0.000255661
0.000255661
0.000255661
0.000255661
0.000255661
0.000255661
0.000255661
0.000255661
0.000255661
0.000255661
0.000255661
0.000255661
0.000255661
0.000255661
0.000255661
0.000255661
0.000255661
0.000255661
0.000255661
0.000255661
0.000255661
0.000255661
0.000139424
0.000287892
0.000246172
0.000177091
0.000124173
8.95677e-05
7.07426e-05
5.9862e-05
5.56947e-05
5.72188e-05
6.26644e-05
7.08803e-05
8.0506e-05
8.9397e-05
9.57048e-05
0.000103281
0.000111521
0.000120832
0.000131277
0.00014311
0.000156693
0.000172305
0.00018634
0.000195238
0.000203409
0.000210836
0.000217529
0.000223532
0.000228885
0.000233626
0.0002378
0.000241459
0.000244654
0.000247438
0.000249861
0.000251968
0.000253797
0.000255385
0.000256761
0.000257954
0.000258986
0.000259878
0.000260648
0.000261313
0.000261887
0.000262384
0.000262814
0.000263188
0.000263512
0.000263792
0.000264036
0.000264247
0.00026443
0.000264589
0.000264726
0.000264845
0.000264948
0.000265037
0.000265115
0.000265182
0.000265239
0.000265289
0.000265333
0.00026537
0.000265402
0.00026543
0.000265454
0.000265475
0.000265493
0.000265508
0.000265521
0.000265533
0.000265543
0.000265551
0.000265559
0.000265565
0.00026557
0.000265575
0.000265579
0.000265583
0.000265586
0.000265588
0.000265591
0.000265592
0.000265594
0.000265596
0.000265597
0.000265598
0.000265599
0.0002656
0.0002656
0.000265601
0.000265601
0.000265602
0.000265602
0.000265602
0.000265603
0.000265603
0.000265603
0.000265603
0.000265603
0.000265604
0.000265604
0.000265604
0.000265604
0.000265604
0.000265604
0.000265604
0.000265604
0.000265604
0.000265604
0.000265604
0.000265604
0.000265604
0.000265604
0.000265604
0.000265604
0.000265604
0.000265604
0.000265604
0.000265604
0.000265604
0.000265604
0.000265604
0.000265604
0.000265604
0.000265604
0.000265604
0.000265604
0.000265604
0.000265604
0.000265604
0.000265604
0.000265604
0.000265604
0.000265604
0.000265604
0.000265604
0.000265604
0.000265604
0.000265604
0.000265604
0.000265604
0.000265604
0.000265604
0.000265604
0.000265604
0.000265604
0.000265604
0.000265604
0.000265604
0.000265604
0.000265604
0.000265604
0.000265604
0.000265604
0.000265604
0.000265604
0.000265604
0.000265604
0.000265604
0.000265604
0.000265604
0.000265604
0.000265604
0.000265604
0.000265604
0.000265604
0.000265604
0.000265604
0.000265604
0.000265604
0.000265604
0.000265604
0.000265604
0.000265604
0.000265604
0.000265604
0.000265604
0.000265604
0.000265604
0.000265604
0.000265604
0.000265604
0.000265604
0.000265604
0.000265604
0.000265604
0.000265604
0.000265604
0.000265604
0.000265604
0.000265604
0.000265604
0.000265604
0.000265604
0.000265604
0.000265604
0.000265604
0.000265604
0.000265604
0.000265604
0.000265604
0.000265604
0.000265604
0.000265604
0.000265604
0.000265604
0.000265604
0.000265604
0.000265604
0.000265604
0.000265604
0.000265604
0.000265604
0.000265604
0.000265604
0.000265604
0.000265604
0.000265604
0.000265604
0.000265604
0.000265604
0.000265604
0.000265604
0.000265604
0.000265604
0.000265604
0.000265604
0.000265604
0.000265604
0.000265604
0.000265604
0.000265604
0.000265604
0.000265604
0.000265604
0.000265604
0.000265604
0.000265604
0.000265604
0.000265604
0.000265604
0.000265604
0.000265604
0.000265604
0.000265604
0.000265604
0.000265604
0.000265604
0.000265604
0.000265604
0.000265604
0.000265604
0.000265604
0.000265604
0.000265604
0.000265604
0.000265604
0.000265604
0.000265604
0.000265604
0.000265604
0.000265604
0.000265604
0.000265604
0.000265604
0.000265604
0.000265604
0.000265604
0.000265604
0.000265604
0.000265604
0.000265604
0.000265604
0.000265604
0.000265604
0.000265604
0.000265604
0.000265604
0.000265604
0.000265604
0.000265604
0.000265604
0.000265604
0.000265604
0.000265604
0.000265604
0.000265604
0.000265604
0.000265604
0.000265604
0.000265604
0.000265604
0.000265604
0.000265604
0.000265604
0.000265604
0.000265604
0.000265604
0.000140615
0.000282554
0.000322216
0.000238442
0.000176326
0.000126932
9.4399e-05
7.5954e-05
6.45928e-05
5.94649e-05
5.95297e-05
6.37402e-05
7.07095e-05
7.95519e-05
8.94136e-05
9.96095e-05
0.000107588
0.000117216
0.00012834
0.000141904
0.000156511
0.000167892
0.000178906
0.000189247
0.000198875
0.000207746
0.000215822
0.000223096
0.000229583
0.000235326
0.000240385
0.000244822
0.000248702
0.000252086
0.000255034
0.000257599
0.000259829
0.000261765
0.000263445
0.000264901
0.00026616
0.000267248
0.000268188
0.000268999
0.000269699
0.000270305
0.00027083
0.000271285
0.000271679
0.00027202
0.000272316
0.000272572
0.000272794
0.000272986
0.000273152
0.000273296
0.000273421
0.000273528
0.000273622
0.000273702
0.000273772
0.000273832
0.000273884
0.000273929
0.000273968
0.000274001
0.00027403
0.000274055
0.000274077
0.000274095
0.000274111
0.000274125
0.000274137
0.000274147
0.000274156
0.000274164
0.00027417
0.000274176
0.000274181
0.000274185
0.000274189
0.000274192
0.000274194
0.000274197
0.000274199
0.0002742
0.000274202
0.000274203
0.000274204
0.000274205
0.000274206
0.000274207
0.000274207
0.000274208
0.000274208
0.000274209
0.000274209
0.000274209
0.00027421
0.00027421
0.00027421
0.00027421
0.00027421
0.00027421
0.000274211
0.000274211
0.000274211
0.000274211
0.000274211
0.000274211
0.000274211
0.000274211
0.000274211
0.000274211
0.000274211
0.000274211
0.000274211
0.000274211
0.000274211
0.000274211
0.000274211
0.000274211
0.000274211
0.000274211
0.000274211
0.000274211
0.000274211
0.000274211
0.000274211
0.000274211
0.000274211
0.000274211
0.000274211
0.000274211
0.000274211
0.000274211
0.000274211
0.000274211
0.000274211
0.000274211
0.000274211
0.000274211
0.000274211
0.000274211
0.000274211
0.000274211
0.000274211
0.000274211
0.000274211
0.000274211
0.000274211
0.000274211
0.000274211
0.000274211
0.000274211
0.000274211
0.000274211
0.000274211
0.000274211
0.000274211
0.000274211
0.000274211
0.000274211
0.000274211
0.000274211
0.000274211
0.000274211
0.000274211
0.000274211
0.000274211
0.000274211
0.000274211
0.000274211
0.000274211
0.000274211
0.000274211
0.000274211
0.000274211
0.000274211
0.000274211
0.000274211
0.000274211
0.000274211
0.000274211
0.000274211
0.000274211
0.000274211
0.000274211
0.000274211
0.000274211
0.000274211
0.000274211
0.000274211
0.000274211
0.000274211
0.000274211
0.000274211
0.000274211
0.000274211
0.000274211
0.000274211
0.000274211
0.000274211
0.000274211
0.000274211
0.000274211
0.000274211
0.000274211
0.000274211
0.000274211
0.000274211
0.000274211
0.000274211
0.000274211
0.000274211
0.000274211
0.000274211
0.000274211
0.000274211
0.000274211
0.000274211
0.000274211
0.000274211
0.000274211
0.000274211
0.000274211
0.000274211
0.000274211
0.000274211
0.000274211
0.000274211
0.000274211
0.000274211
0.000274211
0.000274211
0.000274211
0.000274211
0.000274211
0.000274211
0.000274211
0.000274211
0.000274211
0.000274211
0.000274211
0.000274211
0.000274211
0.000274211
0.000274211
0.000274211
0.000274211
0.000274211
0.000274211
0.000274211
0.000274211
0.000274211
0.000274211
0.000274211
0.000274211
0.000274211
0.000274211
0.000274211
0.000274211
0.000274211
0.000274211
0.000274211
0.000274211
0.000274211
0.000274211
0.000274211
0.000274211
0.000274211
0.000274211
0.000274211
0.000274211
0.000274211
0.000274211
0.000274211
0.000274211
0.000274211
0.000274211
0.000274211
0.000274211
0.000274211
0.000274211
0.000274211
0.000274211
0.000274211
0.000274211
0.000274211
0.000274211
0.000274211
0.000274211
0.000274211
0.000274211
0.000274211
0.000274211
0.000274211
0.000274211
0.000274211
0.000274211
0.000142157
0.000282429
0.000397351
0.000297793
0.000227265
0.000172401
0.000128199
9.80916e-05
8.02835e-05
6.88285e-05
6.29587e-05
6.19654e-05
6.48846e-05
7.0824e-05
7.87961e-05
8.82421e-05
9.84696e-05
0.000109394
0.000120942
0.000132981
0.00014534
0.000157741
0.000170007
0.00018183
0.000193076
0.000203586
0.00021315
0.000221709
0.000229309
0.000236024
0.000241931
0.000247109
0.000251635
0.000255582
0.000259021
0.000262014
0.000264616
0.000266876
0.000268837
0.000270537
0.000272008
0.000273278
0.000274375
0.000275322
0.00027614
0.000276847
0.00027746
0.00027799
0.00027845
0.000278847
0.000279191
0.000279489
0.000279747
0.000279971
0.000280164
0.000280331
0.000280475
0.0002806
0.000280708
0.000280802
0.000280882
0.000280952
0.000281012
0.000281064
0.000281109
0.000281148
0.000281181
0.00028121
0.000281235
0.000281256
0.000281275
0.000281291
0.000281304
0.000281316
0.000281326
0.000281335
0.000281343
0.000281349
0.000281355
0.00028136
0.000281364
0.000281368
0.000281371
0.000281373
0.000281376
0.000281378
0.000281379
0.000281381
0.000281382
0.000281383
0.000281384
0.000281385
0.000281386
0.000281386
0.000281387
0.000281387
0.000281388
0.000281388
0.000281388
0.000281388
0.000281389
0.000281389
0.000281389
0.000281389
0.000281389
0.000281389
0.000281389
0.00028139
0.00028139
0.00028139
0.00028139
0.00028139
0.00028139
0.00028139
0.00028139
0.00028139
0.00028139
0.00028139
0.00028139
0.00028139
0.00028139
0.00028139
0.00028139
0.00028139
0.00028139
0.00028139
0.00028139
0.00028139
0.00028139
0.00028139
0.00028139
0.00028139
0.00028139
0.00028139
0.00028139
0.00028139
0.00028139
0.00028139
0.00028139
0.00028139
0.00028139
0.00028139
0.00028139
0.00028139
0.00028139
0.00028139
0.00028139
0.00028139
0.00028139
0.00028139
0.00028139
0.00028139
0.00028139
0.00028139
0.00028139
0.00028139
0.00028139
0.00028139
0.00028139
0.00028139
0.00028139
0.00028139
0.00028139
0.00028139
0.00028139
0.00028139
0.00028139
0.00028139
0.00028139
0.00028139
0.00028139
0.00028139
0.00028139
0.00028139
0.00028139
0.00028139
0.00028139
0.00028139
0.00028139
0.00028139
0.00028139
0.00028139
0.00028139
0.00028139
0.00028139
0.00028139
0.00028139
0.00028139
0.00028139
0.00028139
0.00028139
0.00028139
0.00028139
0.00028139
0.00028139
0.00028139
0.00028139
0.00028139
0.00028139
0.00028139
0.00028139
0.00028139
0.00028139
0.00028139
0.00028139
0.00028139
0.00028139
0.00028139
0.00028139
0.00028139
0.00028139
0.00028139
0.00028139
0.00028139
0.00028139
0.00028139
0.00028139
0.00028139
0.00028139
0.00028139
0.00028139
0.00028139
0.00028139
0.00028139
0.00028139
0.00028139
0.00028139
0.00028139
0.00028139
0.00028139
0.00028139
0.00028139
0.00028139
0.00028139
0.00028139
0.00028139
0.00028139
0.00028139
0.00028139
0.00028139
0.00028139
0.00028139
0.00028139
0.00028139
0.00028139
0.00028139
0.00028139
0.00028139
0.00028139
0.00028139
0.00028139
0.00028139
0.00028139
0.00028139
0.00028139
0.00028139
0.00028139
0.00028139
0.00028139
0.00028139
0.00028139
0.00028139
0.00028139
0.00028139
0.00028139
0.00028139
0.00028139
0.00028139
0.00028139
0.00028139
0.00028139
0.00028139
0.00028139
0.00028139
0.00028139
0.00028139
0.00028139
0.00028139
0.00028139
0.00028139
0.00028139
0.00028139
0.00028139
0.00028139
0.00028139
0.00028139
0.00028139
0.00028139
0.00028139
0.00028139
0.00028139
0.00028139
0.00028139
0.00028139
0.00028139
0.00028139
0.00028139
0.00028139
0.00028139
0.00028139
0.000139988
0.000283135
0.000448793
0.000349314
0.00027129
0.00021263
0.000165819
0.000127175
0.000100228
8.28695e-05
7.21057e-05
6.60401e-05
6.43532e-05
6.6474e-05
7.15909e-05
7.90697e-05
8.81026e-05
9.8399e-05
0.000109813
0.000122037
0.000134858
0.000148105
0.00016158
0.000174889
0.000187642
0.000199496
0.000210293
0.000219961
0.000228538
0.000236106
0.000242753
0.000248572
0.000253652
0.00025808
0.000261936
0.00026529
0.000268207
0.00027074
0.000272939
0.000274845
0.000276493
0.000277916
0.000279146
0.000280208
0.000281124
0.000281917
0.000282604
0.000283198
0.000283712
0.000284157
0.000284542
0.000284876
0.000285164
0.000285413
0.000285629
0.000285816
0.000285977
0.000286116
0.000286237
0.000286341
0.000286431
0.000286509
0.000286576
0.000286633
0.000286683
0.000286726
0.000286764
0.000286796
0.000286823
0.000286847
0.000286868
0.000286885
0.000286901
0.000286914
0.000286925
0.000286935
0.000286943
0.000286951
0.000286957
0.000286962
0.000286967
0.000286971
0.000286974
0.000286977
0.00028698
0.000286982
0.000286984
0.000286986
0.000286987
0.000286988
0.000286989
0.00028699
0.000286991
0.000286992
0.000286992
0.000286993
0.000286993
0.000286994
0.000286994
0.000286994
0.000286994
0.000286995
0.000286995
0.000286995
0.000286995
0.000286995
0.000286995
0.000286995
0.000286995
0.000286995
0.000286995
0.000286996
0.000286996
0.000286996
0.000286996
0.000286996
0.000286996
0.000286996
0.000286996
0.000286996
0.000286996
0.000286996
0.000286996
0.000286996
0.000286996
0.000286996
0.000286996
0.000286996
0.000286996
0.000286996
0.000286996
0.000286996
0.000286996
0.000286996
0.000286996
0.000286996
0.000286996
0.000286996
0.000286996
0.000286996
0.000286996
0.000286996
0.000286996
0.000286996
0.000286996
0.000286996
0.000286996
0.000286996
0.000286996
0.000286996
0.000286996
0.000286996
0.000286996
0.000286996
0.000286996
0.000286996
0.000286996
0.000286996
0.000286996
0.000286996
0.000286996
0.000286996
0.000286996
0.000286996
0.000286996
0.000286996
0.000286996
0.000286996
0.000286996
0.000286996
0.000286996
0.000286996
0.000286996
0.000286996
0.000286996
0.000286996
0.000286996
0.000286996
0.000286996
0.000286996
0.000286996
0.000286996
0.000286996
0.000286996
0.000286996
0.000286996
0.000286996
0.000286996
0.000286996
0.000286996
0.000286996
0.000286996
0.000286996
0.000286996
0.000286996
0.000286996
0.000286996
0.000286996
0.000286996
0.000286996
0.000286996
0.000286996
0.000286996
0.000286996
0.000286996
0.000286996
0.000286996
0.000286996
0.000286996
0.000286996
0.000286996
0.000286996
0.000286996
0.000286996
0.000286996
0.000286996
0.000286996
0.000286996
0.000286996
0.000286996
0.000286996
0.000286996
0.000286996
0.000286996
0.000286996
0.000286996
0.000286996
0.000286996
0.000286996
0.000286996
0.000286996
0.000286996
0.000286996
0.000286996
0.000286996
0.000286996
0.000286996
0.000286996
0.000286996
0.000286996
0.000286996
0.000286996
0.000286996
0.000286996
0.000286996
0.000286996
0.000286996
0.000286996
0.000286996
0.000286996
0.000286996
0.000286996
0.000286996
0.000286996
0.000286996
0.000286996
0.000286996
0.000286996
0.000286996
0.000286996
0.000286996
0.000286996
0.000286996
0.000286996
0.000286996
0.000286996
0.000286996
0.000286996
0.000286996
0.000286996
0.000286996
0.000286996
0.000286996
0.000286996
0.000286996
0.000286996
0.000286996
0.000286996
0.000286996
0.000286996
0.000286996
0.000286996
0.000286996
0.000286996
0.000286996
0.000286996
0.000286996
0.000286996
0.000286996
0.000286996
0.000286996
0.000286996
0.000286996
0.000286996
0.000286996
0.000286996
0.000286996
0.000286996
0.000286996
0.000286996
0.000141939
0.000283142
0.000443795
0.000387622
0.000303638
0.000242373
0.000194393
0.000155199
0.000122749
9.99806e-05
8.37751e-05
7.3573e-05
6.81485e-05
6.67813e-05
6.88975e-05
7.40198e-05
8.14268e-05
9.07361e-05
0.000101756
0.000114037
0.000127357
0.00014127
0.000155507
0.000169713
0.000183419
0.000196202
0.000207889
0.000218388
0.000227709
0.000235923
0.000243126
0.00024942
0.000254909
0.00025969
0.000263849
0.000267467
0.000270612
0.000273344
0.000275715
0.00027777
0.000279546
0.00028108
0.000282406
0.000283551
0.000284539
0.000285394
0.000286134
0.000286774
0.000287329
0.000287808
0.000288223
0.000288582
0.000288892
0.00028916
0.000289393
0.000289593
0.000289767
0.000289917
0.000290046
0.000290158
0.000290254
0.000290338
0.00029041
0.000290472
0.000290525
0.000290572
0.000290611
0.000290646
0.000290675
0.000290701
0.000290723
0.000290742
0.000290758
0.000290773
0.000290785
0.000290795
0.000290804
0.000290812
0.000290819
0.000290825
0.00029083
0.000290834
0.000290838
0.000290841
0.000290843
0.000290846
0.000290848
0.00029085
0.000290851
0.000290852
0.000290854
0.000290855
0.000290855
0.000290856
0.000290857
0.000290857
0.000290858
0.000290858
0.000290858
0.000290859
0.000290859
0.000290859
0.000290859
0.00029086
0.00029086
0.00029086
0.00029086
0.00029086
0.00029086
0.00029086
0.00029086
0.00029086
0.00029086
0.00029086
0.00029086
0.00029086
0.00029086
0.00029086
0.00029086
0.00029086
0.00029086
0.00029086
0.00029086
0.00029086
0.00029086
0.00029086
0.00029086
0.00029086
0.00029086
0.00029086
0.00029086
0.00029086
0.00029086
0.00029086
0.00029086
0.00029086
0.00029086
0.00029086
0.00029086
0.00029086
0.00029086
0.00029086
0.00029086
0.00029086
0.00029086
0.00029086
0.00029086
0.00029086
0.00029086
0.00029086
0.00029086
0.00029086
0.00029086
0.00029086
0.00029086
0.00029086
0.00029086
0.00029086
0.00029086
0.00029086
0.00029086
0.00029086
0.00029086
0.00029086
0.00029086
0.00029086
0.00029086
0.00029086
0.00029086
0.00029086
0.00029086
0.00029086
0.00029086
0.00029086
0.00029086
0.00029086
0.00029086
0.00029086
0.00029086
0.00029086
0.00029086
0.00029086
0.00029086
0.00029086
0.00029086
0.00029086
0.00029086
0.00029086
0.00029086
0.00029086
0.00029086
0.00029086
0.00029086
0.00029086
0.00029086
0.00029086
0.00029086
0.00029086
0.00029086
0.00029086
0.00029086
0.00029086
0.00029086
0.00029086
0.00029086
0.00029086
0.00029086
0.00029086
0.00029086
0.00029086
0.00029086
0.00029086
0.00029086
0.00029086
0.00029086
0.00029086
0.00029086
0.00029086
0.00029086
0.00029086
0.00029086
0.00029086
0.00029086
0.00029086
0.00029086
0.00029086
0.00029086
0.00029086
0.00029086
0.00029086
0.00029086
0.00029086
0.00029086
0.00029086
0.00029086
0.00029086
0.00029086
0.00029086
0.00029086
0.00029086
0.00029086
0.00029086
0.00029086
0.00029086
0.00029086
0.00029086
0.00029086
0.00029086
0.00029086
0.00029086
0.00029086
0.00029086
0.00029086
0.00029086
0.00029086
0.00029086
0.00029086
0.00029086
0.00029086
0.00029086
0.00029086
0.00029086
0.00029086
0.00029086
0.00029086
0.00029086
0.00029086
0.00029086
0.00029086
0.00029086
0.00029086
0.00029086
0.00029086
0.00029086
0.00029086
0.00029086
0.00029086
0.00029086
0.00029086
0.00029086
0.00029086
0.00029086
0.00029086
0.00029086
0.00029086
0.00029086
0.00029086
0.00029086
0.00029086
0.00029086
0.00029086
0.00029086
0.00029086
0.00029086
0.00029086
0.00029086
0.00029086
0.00029086
0.00029086
0.00029086
0.000185477
0.000283895
0.000440492
0.00040817
0.000320777
0.000258158
0.000209693
0.000170513
0.00013827
0.000113458
9.44236e-05
8.18319e-05
7.39848e-05
7.02082e-05
7.01265e-05
7.33819e-05
7.93521e-05
8.77182e-05
9.82047e-05
0.000110265
0.000123643
0.000137786
0.000152307
0.000166857
0.000181002
0.0001943
0.000206491
0.000217454
0.000227185
0.000235752
0.000243255
0.000249805
0.000255512
0.000260479
0.0002648
0.000268556
0.000271821
0.000274657
0.000277118
0.000279252
0.000281095
0.000282687
0.000284063
0.000285251
0.000286278
0.000287165
0.000287933
0.000288598
0.000289173
0.000289671
0.000290101
0.000290473
0.000290795
0.000291074
0.000291314
0.000291522
0.000291702
0.000291858
0.000291992
0.000292108
0.000292208
0.000292294
0.000292369
0.000292433
0.000292488
0.000292536
0.000292578
0.000292613
0.000292644
0.00029267
0.000292693
0.000292713
0.00029273
0.000292744
0.000292757
0.000292768
0.000292777
0.000292785
0.000292792
0.000292798
0.000292803
0.000292808
0.000292812
0.000292815
0.000292818
0.00029282
0.000292822
0.000292824
0.000292826
0.000292827
0.000292828
0.000292829
0.00029283
0.000292831
0.000292832
0.000292832
0.000292833
0.000292833
0.000292833
0.000292834
0.000292834
0.000292834
0.000292834
0.000292834
0.000292835
0.000292835
0.000292835
0.000292835
0.000292835
0.000292835
0.000292835
0.000292835
0.000292835
0.000292835
0.000292835
0.000292835
0.000292835
0.000292835
0.000292835
0.000292835
0.000292835
0.000292835
0.000292835
0.000292835
0.000292835
0.000292835
0.000292835
0.000292835
0.000292835
0.000292835
0.000292835
0.000292835
0.000292835
0.000292835
0.000292835
0.000292835
0.000292835
0.000292835
0.000292835
0.000292835
0.000292835
0.000292835
0.000292835
0.000292835
0.000292835
0.000292835
0.000292835
0.000292835
0.000292835
0.000292835
0.000292835
0.000292835
0.000292835
0.000292835
0.000292835
0.000292835
0.000292835
0.000292835
0.000292835
0.000292835
0.000292835
0.000292835
0.000292835
0.000292835
0.000292835
0.000292835
0.000292835
0.000292835
0.000292835
0.000292835
0.000292835
0.000292835
0.000292835
0.000292835
0.000292835
0.000292835
0.000292835
0.000292835
0.000292835
0.000292835
0.000292835
0.000292835
0.000292835
0.000292835
0.000292835
0.000292835
0.000292835
0.000292835
0.000292835
0.000292835
0.000292835
0.000292835
0.000292835
0.000292835
0.000292835
0.000292835
0.000292835
0.000292835
0.000292835
0.000292835
0.000292835
0.000292835
0.000292835
0.000292835
0.000292835
0.000292835
0.000292835
0.000292835
0.000292835
0.000292835
0.000292835
0.000292835
0.000292835
0.000292835
0.000292835
0.000292835
0.000292835
0.000292835
0.000292835
0.000292835
0.000292835
0.000292835
0.000292835
0.000292835
0.000292835
0.000292835
0.000292835
0.000292835
0.000292835
0.000292835
0.000292835
0.000292835
0.000292835
0.000292835
0.000292835
0.000292835
0.000292835
0.000292835
0.000292835
0.000292835
0.000292835
0.000292835
0.000292835
0.000292835
0.000292835
0.000292835
0.000292835
0.000292835
0.000292835
0.000292835
0.000292835
0.000292835
0.000292835
0.000292835
0.000292835
0.000292835
0.000292835
0.000292835
0.000292835
0.000292835
0.000292835
0.000292835
0.000292835
0.000292835
0.000292835
0.000292835
0.000292835
0.000292835
0.000292835
0.000292835
0.000292835
0.000292835
0.000292835
0.000292835
0.000292835
0.000292835
0.000292835
0.000292835
0.000292835
0.000292835
0.000292835
0.000292835
0.000292835
0.000292835
0.000292835
0.000292835
0.000292835
0.000292835
0.000292835
0.000292835
0.000292835
0.000292835
0.000292835
0.000292835
0.000292835
0.000292835
0.000292835
0.000292835
0.000292835
0.000292835
)
;

boundaryField
{
    inlet
    {
        type            calculated;
        value           nonuniform List<scalar> 
18
(
8.24697e-07
2.48483e-06
5.74434e-06
1.34821e-05
7.19035e-05
0.000171233
0.000170823
0.000187768
0.000182663
0.000179233
0.000172258
0.000157282
0.000134256
0.000135839
0.000137576
0.000135605
0.000137558
0.000179394
)
;
    }
    outlet
    {
        type            calculated;
        value           nonuniform List<scalar> 
18
(
2.28691e-05
5.61821e-05
8.75938e-05
0.000116095
0.000141515
0.000164062
0.000184053
0.000201813
0.000217635
0.000231767
0.0002444
0.000255661
0.000265604
0.000274211
0.00028139
0.000286996
0.00029086
0.000292835
)
;
    }
    sideWall
    {
        type            empty;
    }
    bed
    {
        type            nutRoughWallFunction;
        Cmu             0.09;
        kappa           0.41;
        E               9.8;
        Cs              uniform 0.5;
        Ks              uniform 0.005;
        value           nonuniform List<scalar> 
300
(
2.60163e-05
2.06037e-05
1.76078e-05
1.76469e-05
1.73508e-05
1.73564e-05
1.72142e-05
1.72088e-05
1.71572e-05
1.71772e-05
1.71813e-05
1.7215e-05
1.7248e-05
1.7301e-05
1.73502e-05
1.74128e-05
1.7476e-05
1.75468e-05
1.76165e-05
1.76935e-05
1.77737e-05
1.78563e-05
1.79407e-05
1.80262e-05
1.81124e-05
1.81989e-05
1.82787e-05
1.83482e-05
1.84067e-05
1.84556e-05
1.84963e-05
1.85302e-05
1.85582e-05
1.85816e-05
1.8601e-05
1.86172e-05
1.86307e-05
1.8642e-05
1.86515e-05
1.86595e-05
1.86662e-05
1.86719e-05
1.86768e-05
1.8681e-05
1.86846e-05
1.86875e-05
1.869e-05
1.86922e-05
1.86941e-05
1.86957e-05
1.86971e-05
1.86983e-05
1.86994e-05
1.87003e-05
1.87011e-05
1.87018e-05
1.87025e-05
1.8703e-05
1.87035e-05
1.87039e-05
1.87042e-05
1.87045e-05
1.87048e-05
1.8705e-05
1.87052e-05
1.87054e-05
1.87055e-05
1.87057e-05
1.87058e-05
1.87059e-05
1.87059e-05
1.8706e-05
1.87061e-05
1.87061e-05
1.87062e-05
1.87062e-05
1.87063e-05
1.87063e-05
1.87063e-05
1.87063e-05
1.87063e-05
1.87064e-05
1.87064e-05
1.87064e-05
1.87064e-05
1.87064e-05
1.87064e-05
1.87064e-05
1.87064e-05
1.87064e-05
1.87064e-05
1.87064e-05
1.87064e-05
1.87065e-05
1.87065e-05
1.87065e-05
1.87065e-05
1.87065e-05
1.87065e-05
1.87065e-05
1.87065e-05
1.87065e-05
1.87065e-05
1.87065e-05
1.87065e-05
1.87065e-05
1.87065e-05
1.87065e-05
1.87065e-05
1.87065e-05
1.87065e-05
1.87065e-05
1.87065e-05
1.87065e-05
1.87065e-05
1.87065e-05
1.87065e-05
1.87065e-05
1.87065e-05
1.87065e-05
1.87065e-05
1.87065e-05
1.87065e-05
1.87065e-05
1.87065e-05
1.87065e-05
1.87065e-05
1.87065e-05
1.87065e-05
1.87065e-05
1.87065e-05
1.87065e-05
1.87065e-05
1.87065e-05
1.87065e-05
1.87065e-05
1.87065e-05
1.87065e-05
1.87065e-05
1.87065e-05
1.87065e-05
1.87065e-05
1.87065e-05
1.87065e-05
1.87065e-05
1.87065e-05
1.87065e-05
1.87065e-05
1.87065e-05
1.87065e-05
1.87065e-05
1.87065e-05
1.87065e-05
1.87065e-05
1.87065e-05
1.87065e-05
1.87065e-05
1.87065e-05
1.87065e-05
1.87065e-05
1.87065e-05
1.87065e-05
1.87065e-05
1.87065e-05
1.87065e-05
1.87065e-05
1.87065e-05
1.87065e-05
1.87065e-05
1.87065e-05
1.87065e-05
1.87065e-05
1.87065e-05
1.87065e-05
1.87065e-05
1.87065e-05
1.87065e-05
1.87065e-05
1.87065e-05
1.87065e-05
1.87065e-05
1.87065e-05
1.87065e-05
1.87065e-05
1.87065e-05
1.87065e-05
1.87065e-05
1.87065e-05
1.87065e-05
1.87065e-05
1.87065e-05
1.87065e-05
1.87065e-05
1.87065e-05
1.87065e-05
1.87065e-05
1.87065e-05
1.87065e-05
1.87065e-05
1.87065e-05
1.87065e-05
1.87065e-05
1.87065e-05
1.87065e-05
1.87065e-05
1.87065e-05
1.87065e-05
1.87065e-05
1.87065e-05
1.87065e-05
1.87065e-05
1.87065e-05
1.87065e-05
1.87065e-05
1.87065e-05
1.87065e-05
1.87065e-05
1.87065e-05
1.87065e-05
1.87065e-05
1.87065e-05
1.87065e-05
1.87065e-05
1.87065e-05
1.87065e-05
1.87065e-05
1.87065e-05
1.87065e-05
1.87065e-05
1.87065e-05
1.87065e-05
1.87065e-05
1.87065e-05
1.87065e-05
1.87065e-05
1.87065e-05
1.87065e-05
1.87065e-05
1.87065e-05
1.87065e-05
1.87065e-05
1.87065e-05
1.87065e-05
1.87065e-05
1.87065e-05
1.87065e-05
1.87065e-05
1.87065e-05
1.87065e-05
1.87065e-05
1.87065e-05
1.87065e-05
1.87065e-05
1.87065e-05
1.87065e-05
1.87065e-05
1.87065e-05
1.87065e-05
1.87065e-05
1.87065e-05
1.87065e-05
1.87065e-05
1.87065e-05
1.87065e-05
1.87065e-05
1.87065e-05
1.87065e-05
1.87065e-05
1.87065e-05
1.87065e-05
1.87065e-05
1.87065e-05
1.87065e-05
1.87065e-05
1.87065e-05
1.87065e-05
1.87065e-05
1.87065e-05
1.87065e-05
1.87065e-05
1.87065e-05
1.87065e-05
1.87065e-05
1.87065e-05
1.87065e-05
1.87065e-05
1.87065e-05
1.87065e-05
1.87065e-05
1.87065e-05
1.87065e-05
1.87065e-05
1.87065e-05
1.87065e-05
1.87065e-05
1.87065e-05
1.87065e-05
1.87065e-05
1.87065e-05
1.87065e-05
)
;
    }
    topWall
    {
        type            slip;
        value           nonuniform List<scalar> 
300
(
0.000185477
0.000283895
0.000440492
0.00040817
0.000320777
0.000258158
0.000209693
0.000170513
0.00013827
0.000113458
9.44236e-05
8.18319e-05
7.39848e-05
7.02082e-05
7.01265e-05
7.33819e-05
7.93521e-05
8.77182e-05
9.82047e-05
0.000110265
0.000123643
0.000137786
0.000152307
0.000166857
0.000181002
0.0001943
0.000206491
0.000217454
0.000227185
0.000235752
0.000243255
0.000249805
0.000255512
0.000260479
0.0002648
0.000268556
0.000271821
0.000274657
0.000277118
0.000279252
0.000281095
0.000282687
0.000284063
0.000285251
0.000286278
0.000287165
0.000287933
0.000288598
0.000289173
0.000289671
0.000290101
0.000290473
0.000290795
0.000291074
0.000291314
0.000291522
0.000291702
0.000291858
0.000291992
0.000292108
0.000292208
0.000292294
0.000292369
0.000292433
0.000292488
0.000292536
0.000292578
0.000292613
0.000292644
0.00029267
0.000292693
0.000292713
0.00029273
0.000292744
0.000292757
0.000292768
0.000292777
0.000292785
0.000292792
0.000292798
0.000292803
0.000292808
0.000292812
0.000292815
0.000292818
0.00029282
0.000292822
0.000292824
0.000292826
0.000292827
0.000292828
0.000292829
0.00029283
0.000292831
0.000292832
0.000292832
0.000292833
0.000292833
0.000292833
0.000292834
0.000292834
0.000292834
0.000292834
0.000292834
0.000292835
0.000292835
0.000292835
0.000292835
0.000292835
0.000292835
0.000292835
0.000292835
0.000292835
0.000292835
0.000292835
0.000292835
0.000292835
0.000292835
0.000292835
0.000292835
0.000292835
0.000292835
0.000292835
0.000292835
0.000292835
0.000292835
0.000292835
0.000292835
0.000292835
0.000292835
0.000292835
0.000292835
0.000292835
0.000292835
0.000292835
0.000292835
0.000292835
0.000292835
0.000292835
0.000292835
0.000292835
0.000292835
0.000292835
0.000292835
0.000292835
0.000292835
0.000292835
0.000292835
0.000292835
0.000292835
0.000292835
0.000292835
0.000292835
0.000292835
0.000292835
0.000292835
0.000292835
0.000292835
0.000292835
0.000292835
0.000292835
0.000292835
0.000292835
0.000292835
0.000292835
0.000292835
0.000292835
0.000292835
0.000292835
0.000292835
0.000292835
0.000292835
0.000292835
0.000292835
0.000292835
0.000292835
0.000292835
0.000292835
0.000292835
0.000292835
0.000292835
0.000292835
0.000292835
0.000292835
0.000292835
0.000292835
0.000292835
0.000292835
0.000292835
0.000292835
0.000292835
0.000292835
0.000292835
0.000292835
0.000292835
0.000292835
0.000292835
0.000292835
0.000292835
0.000292835
0.000292835
0.000292835
0.000292835
0.000292835
0.000292835
0.000292835
0.000292835
0.000292835
0.000292835
0.000292835
0.000292835
0.000292835
0.000292835
0.000292835
0.000292835
0.000292835
0.000292835
0.000292835
0.000292835
0.000292835
0.000292835
0.000292835
0.000292835
0.000292835
0.000292835
0.000292835
0.000292835
0.000292835
0.000292835
0.000292835
0.000292835
0.000292835
0.000292835
0.000292835
0.000292835
0.000292835
0.000292835
0.000292835
0.000292835
0.000292835
0.000292835
0.000292835
0.000292835
0.000292835
0.000292835
0.000292835
0.000292835
0.000292835
0.000292835
0.000292835
0.000292835
0.000292835
0.000292835
0.000292835
0.000292835
0.000292835
0.000292835
0.000292835
0.000292835
0.000292835
0.000292835
0.000292835
0.000292835
0.000292835
0.000292835
0.000292835
0.000292835
0.000292835
0.000292835
0.000292835
0.000292835
0.000292835
0.000292835
0.000292835
0.000292835
0.000292835
0.000292835
0.000292835
0.000292835
0.000292835
0.000292835
0.000292835
0.000292835
0.000292835
0.000292835
0.000292835
0.000292835
0.000292835
0.000292835
0.000292835
0.000292835
0.000292835
0.000292835
0.000292835
0.000292835
0.000292835
0.000292835
0.000292835
0.000292835
0.000292835
)
;
    }
}


// ************************************************************************* //
