/*--------------------------------*- C++ -*----------------------------------*\
| =========                 |                                                 |
| \\      /  F ield         | foam-extend: Open Source CFD                    |
|  \\    /   O peration     | Version:     3.2                                |
|   \\  /    A nd           | Web:         http://www.foam-extend.org         |
|    \\/     M anipulation  | For copyright notice see file Copyright         |
\*---------------------------------------------------------------------------*/
FoamFile
{
    version     2.0;
    format      ascii;
    class       volScalarField;
    location    "83";
    object      p;
}
// * * * * * * * * * * * * * * * * * * * * * * * * * * * * * * * * * * * * * //

dimensions      [1 -1 -2 0 0 0 0];

internalField   nonuniform List<scalar> 
5400
(
2348.48
2296.06
2307.39
2290.05
2289.7
2280.34
2277.16
2270.3
2266.48
2260.81
2256.77
2251.78
2247.66
2243.09
2238.92
2234.6
2230.44
2226.2
2222.08
2217.9
2213.73
2209.5
2205.24
2200.91
2196.53
2192.04
2187.45
2182.74
2177.93
2173.03
2168.06
2163.02
2157.93
2152.8
2147.63
2142.43
2137.2
2131.95
2126.68
2121.4
2116.11
2110.81
2105.49
2100.17
2094.84
2089.51
2084.18
2078.84
2073.49
2068.15
2062.8
2057.45
2052.1
2046.74
2041.39
2036.03
2030.68
2025.32
2019.96
2014.6
2009.24
2003.88
1998.52
1993.16
1987.8
1982.43
1977.07
1971.71
1966.35
1960.98
1955.62
1950.26
1944.89
1939.53
1934.17
1928.81
1923.44
1918.08
1912.72
1907.35
1901.99
1896.62
1891.26
1885.9
1880.53
1875.17
1869.81
1864.44
1859.08
1853.72
1848.35
1842.99
1837.63
1832.26
1826.9
1821.53
1816.17
1810.81
1805.44
1800.08
1794.72
1789.35
1783.99
1778.63
1773.26
1767.9
1762.53
1757.17
1751.81
1746.44
1741.08
1735.72
1730.35
1724.99
1719.62
1714.26
1708.9
1703.53
1698.17
1692.81
1687.44
1682.08
1676.72
1671.35
1665.99
1660.62
1655.26
1649.9
1644.53
1639.17
1633.81
1628.44
1623.08
1617.72
1612.35
1606.99
1601.62
1596.26
1590.9
1585.53
1580.17
1574.81
1569.44
1564.08
1558.71
1553.35
1547.99
1542.62
1537.26
1531.9
1526.53
1521.17
1515.81
1510.44
1505.08
1499.71
1494.35
1488.99
1483.62
1478.26
1472.9
1467.53
1462.17
1456.81
1451.44
1446.08
1440.71
1435.35
1429.99
1424.62
1419.26
1413.9
1408.53
1403.17
1397.8
1392.44
1387.08
1381.71
1376.35
1370.99
1365.62
1360.26
1354.9
1349.53
1344.17
1338.8
1333.44
1328.08
1322.71
1317.35
1311.99
1306.62
1301.26
1295.9
1290.53
1285.17
1279.8
1274.44
1269.08
1263.71
1258.35
1252.99
1247.62
1242.26
1236.89
1231.53
1226.17
1220.8
1215.44
1210.08
1204.71
1199.35
1193.99
1188.62
1183.26
1177.89
1172.53
1167.17
1161.8
1156.44
1151.08
1145.71
1140.35
1134.99
1129.62
1124.26
1118.89
1113.53
1108.17
1102.8
1097.44
1092.08
1086.71
1081.35
1075.98
1070.62
1065.26
1059.89
1054.53
1049.17
1043.8
1038.44
1033.08
1027.71
1022.35
1016.98
1011.62
1006.26
1000.89
995.53
990.166
984.803
979.439
974.075
968.712
963.348
957.984
952.621
947.257
941.893
936.53
931.166
925.802
920.439
915.075
909.711
904.348
898.984
893.62
888.257
882.893
877.529
872.166
866.802
861.438
856.075
850.711
845.347
839.984
834.62
829.256
823.893
818.529
813.165
807.802
802.438
797.074
791.711
786.347
780.983
775.62
770.256
764.892
759.529
754.165
748.801
743.438
738.074
732.71
727.346
2332.1
2279.89
2291.15
2273.78
2273.42
2264.06
2260.88
2254.02
2250.2
2244.53
2240.48
2235.49
2231.37
2226.8
2222.64
2218.31
2214.16
2209.92
2205.79
2201.62
2197.44
2193.21
2188.96
2184.63
2180.24
2175.76
2171.17
2166.45
2161.64
2156.74
2151.77
2146.73
2141.65
2136.51
2131.34
2126.14
2120.91
2115.66
2110.4
2105.12
2099.82
2094.52
2089.21
2083.89
2078.56
2073.23
2067.89
2062.55
2057.21
2051.86
2046.51
2041.16
2035.81
2030.46
2025.1
2019.75
2014.39
2009.03
2003.67
1998.31
1992.95
1987.59
1982.23
1976.87
1971.51
1966.15
1960.79
1955.42
1950.06
1944.7
1939.34
1933.97
1928.61
1923.25
1917.88
1912.52
1907.16
1901.79
1896.43
1891.07
1885.7
1880.34
1874.98
1869.61
1864.25
1858.89
1853.52
1848.16
1842.8
1837.43
1832.07
1826.7
1821.34
1815.98
1810.61
1805.25
1799.89
1794.52
1789.16
1783.8
1778.43
1773.07
1767.7
1762.34
1756.98
1751.61
1746.25
1740.89
1735.52
1730.16
1724.79
1719.43
1714.07
1708.7
1703.34
1697.98
1692.61
1687.25
1681.89
1676.52
1671.16
1665.79
1660.43
1655.07
1649.7
1644.34
1638.98
1633.61
1628.25
1622.89
1617.52
1612.16
1606.79
1601.43
1596.07
1590.7
1585.34
1579.98
1574.61
1569.25
1563.88
1558.52
1553.16
1547.79
1542.43
1537.07
1531.7
1526.34
1520.98
1515.61
1510.25
1504.88
1499.52
1494.16
1488.79
1483.43
1478.07
1472.7
1467.34
1461.98
1456.61
1451.25
1445.88
1440.52
1435.16
1429.79
1424.43
1419.07
1413.7
1408.34
1402.97
1397.61
1392.25
1386.88
1381.52
1376.16
1370.79
1365.43
1360.07
1354.7
1349.34
1343.97
1338.61
1333.25
1327.88
1322.52
1317.16
1311.79
1306.43
1301.07
1295.7
1290.34
1284.97
1279.61
1274.25
1268.88
1263.52
1258.16
1252.79
1247.43
1242.06
1236.7
1231.34
1225.97
1220.61
1215.25
1209.88
1204.52
1199.16
1193.79
1188.43
1183.06
1177.7
1172.34
1166.97
1161.61
1156.25
1150.88
1145.52
1140.16
1134.79
1129.43
1124.06
1118.7
1113.34
1107.97
1102.61
1097.25
1091.88
1086.52
1081.15
1075.79
1070.43
1065.06
1059.7
1054.34
1048.97
1043.61
1038.25
1032.88
1027.52
1022.15
1016.79
1011.43
1006.06
1000.7
995.336
989.973
984.609
979.245
973.882
968.518
963.154
957.791
952.427
947.063
941.7
936.336
930.972
925.609
920.245
914.881
909.518
904.154
898.79
893.427
888.063
882.699
877.336
871.972
866.608
861.245
855.881
850.517
845.154
839.79
834.426
829.063
823.699
818.335
812.972
807.608
802.244
796.881
791.517
786.153
780.79
775.426
770.062
764.699
759.335
753.971
748.608
743.244
737.88
732.517
727.153
721.789
716.426
711.062
2315.51
2263.76
2274.93
2257.53
2257.16
2247.79
2244.61
2237.74
2233.92
2228.25
2224.2
2219.21
2215.09
2210.52
2206.35
2202.03
2197.87
2193.63
2189.51
2185.33
2181.16
2176.93
2172.67
2168.34
2163.95
2159.47
2154.88
2150.17
2145.36
2140.46
2135.49
2130.45
2125.36
2120.23
2115.06
2109.85
2104.63
2099.38
2094.11
2088.83
2083.54
2078.24
2072.92
2067.6
2062.28
2056.94
2051.61
2046.27
2040.92
2035.58
2030.23
2024.88
2019.53
2014.17
2008.82
2003.46
1998.11
1992.75
1987.39
1982.03
1976.67
1971.31
1965.95
1960.59
1955.23
1949.86
1944.5
1939.14
1933.78
1928.41
1923.05
1917.69
1912.33
1906.96
1901.6
1896.24
1890.87
1885.51
1880.15
1874.78
1869.42
1864.06
1858.69
1853.33
1847.96
1842.6
1837.24
1831.87
1826.51
1821.15
1815.78
1810.42
1805.06
1799.69
1794.33
1788.97
1783.6
1778.24
1772.87
1767.51
1762.15
1756.78
1751.42
1746.06
1740.69
1735.33
1729.96
1724.6
1719.24
1713.87
1708.51
1703.15
1697.78
1692.42
1687.06
1681.69
1676.33
1670.96
1665.6
1660.24
1654.87
1649.51
1644.15
1638.78
1633.42
1628.06
1622.69
1617.33
1611.96
1606.6
1601.24
1595.87
1590.51
1585.15
1579.78
1574.42
1569.05
1563.69
1558.33
1552.96
1547.6
1542.24
1536.87
1531.51
1526.15
1520.78
1515.42
1510.05
1504.69
1499.33
1493.96
1488.6
1483.24
1477.87
1472.51
1467.15
1461.78
1456.42
1451.05
1445.69
1440.33
1434.96
1429.6
1424.24
1418.87
1413.51
1408.14
1402.78
1397.42
1392.05
1386.69
1381.33
1375.96
1370.6
1365.24
1359.87
1354.51
1349.14
1343.78
1338.42
1333.05
1327.69
1322.33
1316.96
1311.6
1306.24
1300.87
1295.51
1290.14
1284.78
1279.42
1274.05
1268.69
1263.33
1257.96
1252.6
1247.23
1241.87
1236.51
1231.14
1225.78
1220.42
1215.05
1209.69
1204.33
1198.96
1193.6
1188.23
1182.87
1177.51
1172.14
1166.78
1161.42
1156.05
1150.69
1145.33
1139.96
1134.6
1129.23
1123.87
1118.51
1113.14
1107.78
1102.42
1097.05
1091.69
1086.32
1080.96
1075.6
1070.23
1064.87
1059.51
1054.14
1048.78
1043.42
1038.05
1032.69
1027.32
1021.96
1016.6
1011.23
1005.87
1000.51
995.143
989.779
984.415
979.052
973.688
968.324
962.961
957.597
952.233
946.87
941.506
936.142
930.779
925.415
920.051
914.688
909.324
903.96
898.597
893.233
887.869
882.506
877.142
871.778
866.415
861.051
855.687
850.324
844.96
839.596
834.233
828.869
823.505
818.142
812.778
807.414
802.051
796.687
791.323
785.96
780.596
775.232
769.869
764.505
759.141
753.778
748.414
743.05
737.687
732.323
726.959
721.596
716.232
710.868
705.505
700.141
694.778
2298.94
2247.67
2258.73
2241.29
2240.9
2231.52
2228.33
2221.46
2217.64
2211.97
2207.92
2202.93
2198.81
2194.23
2190.07
2185.74
2181.59
2177.34
2173.22
2169.05
2164.87
2160.64
2156.39
2152.05
2147.67
2143.18
2138.59
2133.88
2129.07
2124.17
2119.2
2114.16
2109.07
2103.94
2098.77
2093.57
2088.34
2083.09
2077.83
2072.55
2067.26
2061.95
2056.64
2051.32
2045.99
2040.66
2035.32
2029.98
2024.64
2019.29
2013.95
2008.6
2003.24
1997.89
1992.53
1987.18
1981.82
1976.46
1971.1
1965.75
1960.39
1955.02
1949.66
1944.3
1938.94
1933.58
1928.22
1922.85
1917.49
1912.13
1906.77
1901.4
1896.04
1890.68
1885.31
1879.95
1874.59
1869.22
1863.86
1858.5
1853.13
1847.77
1842.41
1837.04
1831.68
1826.32
1820.95
1815.59
1810.23
1804.86
1799.5
1794.14
1788.77
1783.41
1778.04
1772.68
1767.32
1761.95
1756.59
1751.23
1745.86
1740.5
1735.13
1729.77
1724.41
1719.04
1713.68
1708.32
1702.95
1697.59
1692.23
1686.86
1681.5
1676.13
1670.77
1665.41
1660.04
1654.68
1649.32
1643.95
1638.59
1633.23
1627.86
1622.5
1617.13
1611.77
1606.41
1601.04
1595.68
1590.32
1584.95
1579.59
1574.23
1568.86
1563.5
1558.13
1552.77
1547.41
1542.04
1536.68
1531.32
1525.95
1520.59
1515.22
1509.86
1504.5
1499.13
1493.77
1488.41
1483.04
1477.68
1472.32
1466.95
1461.59
1456.22
1450.86
1445.5
1440.13
1434.77
1429.41
1424.04
1418.68
1413.32
1407.95
1402.59
1397.22
1391.86
1386.5
1381.13
1375.77
1370.41
1365.04
1359.68
1354.31
1348.95
1343.59
1338.22
1332.86
1327.5
1322.13
1316.77
1311.41
1306.04
1300.68
1295.31
1289.95
1284.59
1279.22
1273.86
1268.5
1263.13
1257.77
1252.41
1247.04
1241.68
1236.31
1230.95
1225.59
1220.22
1214.86
1209.5
1204.13
1198.77
1193.4
1188.04
1182.68
1177.31
1171.95
1166.59
1161.22
1155.86
1150.5
1145.13
1139.77
1134.4
1129.04
1123.68
1118.31
1112.95
1107.59
1102.22
1096.86
1091.5
1086.13
1080.77
1075.4
1070.04
1064.68
1059.31
1053.95
1048.59
1043.22
1037.86
1032.49
1027.13
1021.77
1016.4
1011.04
1005.68
1000.31
994.949
989.585
984.222
978.858
973.494
968.131
962.767
957.403
952.04
946.676
941.312
935.949
930.585
925.221
919.858
914.494
909.13
903.767
898.403
893.039
887.676
882.312
876.948
871.585
866.221
860.857
855.494
850.13
844.766
839.403
834.039
828.675
823.312
817.948
812.584
807.221
801.857
796.493
791.13
785.766
780.402
775.039
769.675
764.311
758.948
753.584
748.22
742.857
737.493
732.129
726.766
721.402
716.038
710.675
705.311
699.947
694.584
689.22
683.856
678.493
2282.25
2231.65
2242.56
2225.04
2224.64
2215.26
2212.07
2205.19
2201.36
2195.69
2191.64
2186.65
2182.53
2177.95
2173.79
2169.46
2165.3
2161.06
2156.94
2152.76
2148.59
2144.36
2140.1
2135.77
2131.38
2126.9
2122.31
2117.59
2112.79
2107.88
2102.91
2097.88
2092.79
2087.66
2082.49
2077.28
2072.06
2066.81
2061.54
2056.26
2050.97
2045.67
2040.35
2035.03
2029.71
2024.37
2019.04
2013.7
2008.35
2003.01
1997.66
1992.31
1986.96
1981.6
1976.25
1970.89
1965.54
1960.18
1954.82
1949.46
1944.1
1938.74
1933.38
1928.02
1922.66
1917.29
1911.93
1906.57
1901.21
1895.85
1890.48
1885.12
1879.76
1874.39
1869.03
1863.67
1858.3
1852.94
1847.58
1842.21
1836.85
1831.49
1826.12
1820.76
1815.4
1810.03
1804.67
1799.31
1793.94
1788.58
1783.21
1777.85
1772.49
1767.12
1761.76
1756.4
1751.03
1745.67
1740.31
1734.94
1729.58
1724.21
1718.85
1713.49
1708.12
1702.76
1697.4
1692.03
1686.67
1681.3
1675.94
1670.58
1665.21
1659.85
1654.49
1649.12
1643.76
1638.4
1633.03
1627.67
1622.3
1616.94
1611.58
1606.21
1600.85
1595.49
1590.12
1584.76
1579.4
1574.03
1568.67
1563.3
1557.94
1552.58
1547.21
1541.85
1536.49
1531.12
1525.76
1520.39
1515.03
1509.67
1504.3
1498.94
1493.58
1488.21
1482.85
1477.49
1472.12
1466.76
1461.39
1456.03
1450.67
1445.3
1439.94
1434.58
1429.21
1423.85
1418.49
1413.12
1407.76
1402.39
1397.03
1391.67
1386.3
1380.94
1375.58
1370.21
1364.85
1359.48
1354.12
1348.76
1343.39
1338.03
1332.67
1327.3
1321.94
1316.58
1311.21
1305.85
1300.48
1295.12
1289.76
1284.39
1279.03
1273.67
1268.3
1262.94
1257.58
1252.21
1246.85
1241.48
1236.12
1230.76
1225.39
1220.03
1214.67
1209.3
1203.94
1198.57
1193.21
1187.85
1182.48
1177.12
1171.76
1166.39
1161.03
1155.67
1150.3
1144.94
1139.57
1134.21
1128.85
1123.48
1118.12
1112.76
1107.39
1102.03
1096.67
1091.3
1085.94
1080.57
1075.21
1069.85
1064.48
1059.12
1053.76
1048.39
1043.03
1037.66
1032.3
1026.94
1021.57
1016.21
1010.85
1005.48
1000.12
994.755
989.392
984.028
978.664
973.301
967.937
962.573
957.21
951.846
946.482
941.119
935.755
930.391
925.028
919.664
914.3
908.937
903.573
898.209
892.846
887.482
882.118
876.755
871.391
866.027
860.664
855.3
849.936
844.573
839.209
833.845
828.482
823.118
817.754
812.391
807.027
801.663
796.3
790.936
785.572
780.209
774.845
769.481
764.118
758.754
753.39
748.027
742.663
737.299
731.936
726.572
721.208
715.845
710.481
705.117
699.754
694.39
689.026
683.663
678.299
672.935
667.572
662.208
2265.67
2215.5
2226.41
2208.78
2208.37
2199
2195.8
2188.92
2185.09
2179.42
2175.37
2170.37
2166.25
2161.67
2157.51
2153.18
2149.02
2144.78
2140.65
2136.48
2132.3
2128.07
2123.81
2119.48
2115.09
2110.61
2106.02
2101.31
2096.5
2091.6
2086.63
2081.59
2076.5
2071.37
2066.2
2061
2055.77
2050.52
2045.26
2039.98
2034.69
2029.38
2024.07
2018.75
2013.42
2008.09
2002.75
1997.41
1992.07
1986.72
1981.38
1976.03
1970.67
1965.32
1959.97
1954.61
1949.25
1943.89
1938.54
1933.18
1927.82
1922.46
1917.09
1911.73
1906.37
1901.01
1895.65
1890.29
1884.92
1879.56
1874.2
1868.83
1863.47
1858.11
1852.75
1847.38
1842.02
1836.66
1831.29
1825.93
1820.57
1815.2
1809.84
1804.47
1799.11
1793.75
1788.38
1783.02
1777.66
1772.29
1766.93
1761.57
1756.2
1750.84
1745.48
1740.11
1734.75
1729.38
1724.02
1718.66
1713.29
1707.93
1702.57
1697.2
1691.84
1686.47
1681.11
1675.75
1670.38
1665.02
1659.66
1654.29
1648.93
1643.57
1638.2
1632.84
1627.47
1622.11
1616.75
1611.38
1606.02
1600.66
1595.29
1589.93
1584.57
1579.2
1573.84
1568.47
1563.11
1557.75
1552.38
1547.02
1541.66
1536.29
1530.93
1525.56
1520.2
1514.84
1509.47
1504.11
1498.75
1493.38
1488.02
1482.66
1477.29
1471.93
1466.56
1461.2
1455.84
1450.47
1445.11
1439.75
1434.38
1429.02
1423.66
1418.29
1412.93
1407.56
1402.2
1396.84
1391.47
1386.11
1380.75
1375.38
1370.02
1364.65
1359.29
1353.93
1348.56
1343.2
1337.84
1332.47
1327.11
1321.75
1316.38
1311.02
1305.65
1300.29
1294.93
1289.56
1284.2
1278.84
1273.47
1268.11
1262.75
1257.38
1252.02
1246.65
1241.29
1235.93
1230.56
1225.2
1219.84
1214.47
1209.11
1203.74
1198.38
1193.02
1187.65
1182.29
1176.93
1171.56
1166.2
1160.84
1155.47
1150.11
1144.74
1139.38
1134.02
1128.65
1123.29
1117.93
1112.56
1107.2
1101.84
1096.47
1091.11
1085.74
1080.38
1075.02
1069.65
1064.29
1058.93
1053.56
1048.2
1042.83
1037.47
1032.11
1026.74
1021.38
1016.02
1010.65
1005.29
999.926
994.562
989.198
983.835
978.471
973.107
967.744
962.38
957.016
951.653
946.289
940.925
935.562
930.198
924.834
919.471
914.107
908.743
903.38
898.016
892.652
887.289
881.925
876.561
871.198
865.834
860.47
855.107
849.743
844.379
839.016
833.652
828.288
822.925
817.561
812.197
806.834
801.47
796.106
790.743
785.379
780.015
774.652
769.288
763.924
758.561
753.197
747.833
742.47
737.106
731.742
726.379
721.015
715.651
710.288
704.924
699.56
694.197
688.833
683.469
678.106
672.742
667.378
662.015
656.651
651.287
645.924
2249.2
2199.28
2210.26
2192.51
2192.1
2182.73
2179.53
2172.65
2168.82
2163.15
2159.09
2154.1
2149.97
2145.39
2141.23
2136.9
2132.74
2128.5
2124.37
2120.2
2116.02
2111.79
2107.53
2103.2
2098.81
2094.32
2089.73
2085.02
2080.21
2075.31
2070.34
2065.31
2060.22
2055.08
2049.92
2044.71
2039.49
2034.24
2028.97
2023.69
2018.4
2013.1
2007.78
2002.46
1997.14
1991.8
1986.47
1981.13
1975.79
1970.44
1965.09
1959.74
1954.39
1949.04
1943.68
1938.32
1932.97
1927.61
1922.25
1916.89
1911.53
1906.17
1900.81
1895.45
1890.09
1884.73
1879.36
1874
1868.64
1863.28
1857.91
1852.55
1847.19
1841.82
1836.46
1831.1
1825.73
1820.37
1815.01
1809.64
1804.28
1798.92
1793.55
1788.19
1782.83
1777.46
1772.1
1766.74
1761.37
1756.01
1750.64
1745.28
1739.92
1734.55
1729.19
1723.83
1718.46
1713.1
1707.74
1702.37
1697.01
1691.64
1686.28
1680.92
1675.55
1670.19
1664.83
1659.46
1654.1
1648.74
1643.37
1638.01
1632.64
1627.28
1621.92
1616.55
1611.19
1605.83
1600.46
1595.1
1589.74
1584.37
1579.01
1573.64
1568.28
1562.92
1557.55
1552.19
1546.83
1541.46
1536.1
1530.73
1525.37
1520.01
1514.64
1509.28
1503.92
1498.55
1493.19
1487.83
1482.46
1477.1
1471.73
1466.37
1461.01
1455.64
1450.28
1444.92
1439.55
1434.19
1428.83
1423.46
1418.1
1412.73
1407.37
1402.01
1396.64
1391.28
1385.92
1380.55
1375.19
1369.82
1364.46
1359.1
1353.73
1348.37
1343.01
1337.64
1332.28
1326.92
1321.55
1316.19
1310.82
1305.46
1300.1
1294.73
1289.37
1284.01
1278.64
1273.28
1267.92
1262.55
1257.19
1251.82
1246.46
1241.1
1235.73
1230.37
1225.01
1219.64
1214.28
1208.91
1203.55
1198.19
1192.82
1187.46
1182.1
1176.73
1171.37
1166.01
1160.64
1155.28
1149.91
1144.55
1139.19
1133.82
1128.46
1123.1
1117.73
1112.37
1107.01
1101.64
1096.28
1090.91
1085.55
1080.19
1074.82
1069.46
1064.1
1058.73
1053.37
1048
1042.64
1037.28
1031.91
1026.55
1021.19
1015.82
1010.46
1005.1
999.732
994.368
989.005
983.641
978.277
972.914
967.55
962.186
956.823
951.459
946.095
940.732
935.368
930.004
924.641
919.277
913.913
908.55
903.186
897.822
892.459
887.095
881.731
876.368
871.004
865.64
860.277
854.913
849.549
844.186
838.822
833.458
828.095
822.731
817.367
812.004
806.64
801.276
795.913
790.549
785.185
779.822
774.458
769.094
763.731
758.367
753.003
747.64
742.276
736.912
731.549
726.185
720.821
715.458
710.094
704.73
699.367
694.003
688.639
683.276
677.912
672.548
667.185
661.821
656.457
651.094
645.73
640.366
635.003
629.639
2232.71
2183.1
2194.06
2176.23
2175.83
2166.45
2163.26
2156.38
2152.55
2146.87
2142.82
2137.82
2133.69
2129.12
2124.95
2120.62
2116.46
2112.22
2108.09
2103.91
2099.74
2095.5
2091.25
2086.91
2082.53
2078.04
2073.45
2068.74
2063.93
2059.03
2054.06
2049.02
2043.93
2038.8
2033.63
2028.43
2023.2
2017.95
2012.69
2007.41
2002.12
1996.81
1991.5
1986.18
1980.85
1975.52
1970.18
1964.84
1959.5
1954.15
1948.81
1943.46
1938.1
1932.75
1927.4
1922.04
1916.68
1911.33
1905.97
1900.61
1895.25
1889.89
1884.53
1879.16
1873.8
1868.44
1863.08
1857.72
1852.35
1846.99
1841.63
1836.27
1830.9
1825.54
1820.18
1814.81
1809.45
1804.09
1798.72
1793.36
1788
1782.63
1777.27
1771.91
1766.54
1761.18
1755.81
1750.45
1745.09
1739.72
1734.36
1729
1723.63
1718.27
1712.91
1707.54
1702.18
1696.81
1691.45
1686.09
1680.72
1675.36
1670
1664.63
1659.27
1653.91
1648.54
1643.18
1637.81
1632.45
1627.09
1621.72
1616.36
1611
1605.63
1600.27
1594.91
1589.54
1584.18
1578.81
1573.45
1568.09
1562.72
1557.36
1552
1546.63
1541.27
1535.9
1530.54
1525.18
1519.81
1514.45
1509.09
1503.72
1498.36
1493
1487.63
1482.27
1476.9
1471.54
1466.18
1460.81
1455.45
1450.09
1444.72
1439.36
1434
1428.63
1423.27
1417.9
1412.54
1407.18
1401.81
1396.45
1391.09
1385.72
1380.36
1374.99
1369.63
1364.27
1358.9
1353.54
1348.18
1342.81
1337.45
1332.09
1326.72
1321.36
1315.99
1310.63
1305.27
1299.9
1294.54
1289.18
1283.81
1278.45
1273.09
1267.72
1262.36
1256.99
1251.63
1246.27
1240.9
1235.54
1230.18
1224.81
1219.45
1214.08
1208.72
1203.36
1197.99
1192.63
1187.27
1181.9
1176.54
1171.18
1165.81
1160.45
1155.08
1149.72
1144.36
1138.99
1133.63
1128.27
1122.9
1117.54
1112.18
1106.81
1101.45
1096.08
1090.72
1085.36
1079.99
1074.63
1069.27
1063.9
1058.54
1053.17
1047.81
1042.45
1037.08
1031.72
1026.36
1020.99
1015.63
1010.27
1004.9
999.538
994.175
988.811
983.447
978.084
972.72
967.356
961.993
956.629
951.265
945.902
940.538
935.174
929.811
924.447
919.083
913.72
908.356
902.992
897.629
892.265
886.901
881.538
876.174
870.81
865.447
860.083
854.719
849.356
843.992
838.628
833.265
827.901
822.537
817.174
811.81
806.446
801.083
795.719
790.355
784.992
779.628
774.264
768.901
763.537
758.173
752.81
747.446
742.082
736.719
731.355
725.991
720.628
715.264
709.9
704.537
699.173
693.809
688.446
683.082
677.718
672.355
666.991
661.627
656.264
650.9
645.536
640.173
634.809
629.445
624.082
618.718
613.354
2216.19
2166.93
2177.8
2159.96
2159.56
2150.18
2146.98
2140.11
2136.28
2130.6
2126.54
2121.55
2117.42
2112.84
2108.67
2104.34
2100.18
2095.94
2091.81
2087.63
2083.46
2079.22
2074.97
2070.63
2066.24
2061.76
2057.17
2052.45
2047.64
2042.74
2037.77
2032.74
2027.65
2022.51
2017.35
2012.14
2006.92
2001.67
1996.41
1991.12
1985.83
1980.53
1975.22
1969.89
1964.57
1959.23
1953.9
1948.56
1943.22
1937.87
1932.52
1927.17
1921.82
1916.47
1911.11
1905.76
1900.4
1895.04
1889.68
1884.32
1878.96
1873.6
1868.24
1862.88
1857.52
1852.16
1846.79
1841.43
1836.07
1830.71
1825.34
1819.98
1814.62
1809.25
1803.89
1798.53
1793.17
1787.8
1782.44
1777.07
1771.71
1766.35
1760.98
1755.62
1750.26
1744.89
1739.53
1734.17
1728.8
1723.44
1718.08
1712.71
1707.35
1701.98
1696.62
1691.26
1685.89
1680.53
1675.17
1669.8
1664.44
1659.08
1653.71
1648.35
1642.98
1637.62
1632.26
1626.89
1621.53
1616.17
1610.8
1605.44
1600.08
1594.71
1589.35
1583.98
1578.62
1573.26
1567.89
1562.53
1557.17
1551.8
1546.44
1541.08
1535.71
1530.35
1524.98
1519.62
1514.26
1508.89
1503.53
1498.17
1492.8
1487.44
1482.07
1476.71
1471.35
1465.98
1460.62
1455.26
1449.89
1444.53
1439.17
1433.8
1428.44
1423.07
1417.71
1412.35
1406.98
1401.62
1396.26
1390.89
1385.53
1380.17
1374.8
1369.44
1364.07
1358.71
1353.35
1347.98
1342.62
1337.26
1331.89
1326.53
1321.16
1315.8
1310.44
1305.07
1299.71
1294.35
1288.98
1283.62
1278.26
1272.89
1267.53
1262.16
1256.8
1251.44
1246.07
1240.71
1235.35
1229.98
1224.62
1219.26
1213.89
1208.53
1203.16
1197.8
1192.44
1187.07
1181.71
1176.35
1170.98
1165.62
1160.25
1154.89
1149.53
1144.16
1138.8
1133.44
1128.07
1122.71
1117.35
1111.98
1106.62
1101.25
1095.89
1090.53
1085.16
1079.8
1074.44
1069.07
1063.71
1058.35
1052.98
1047.62
1042.25
1036.89
1031.53
1026.16
1020.8
1015.44
1010.07
1004.71
999.345
993.981
988.617
983.254
977.89
972.526
967.163
961.799
956.435
951.072
945.708
940.344
934.981
929.617
924.253
918.89
913.526
908.162
902.799
897.435
892.071
886.708
881.344
875.98
870.617
865.253
859.889
854.526
849.162
843.798
838.435
833.071
827.707
822.344
816.98
811.616
806.253
800.889
795.525
790.162
784.798
779.434
774.071
768.707
763.343
757.98
752.616
747.252
741.889
736.525
731.161
725.798
720.434
715.07
709.707
704.343
698.979
693.616
688.252
682.888
677.525
672.161
666.797
661.434
656.07
650.706
645.343
639.979
634.615
629.252
623.888
618.524
613.161
607.797
602.433
597.07
2199.71
2150.73
2161.56
2143.69
2143.27
2133.89
2130.72
2123.83
2120
2114.32
2110.27
2105.27
2101.14
2096.57
2092.4
2088.06
2083.9
2079.66
2075.53
2071.36
2067.18
2062.94
2058.68
2054.35
2049.96
2045.48
2040.88
2036.17
2031.36
2026.46
2021.49
2016.45
2011.36
2006.23
2001.06
1995.86
1990.63
1985.39
1980.12
1974.84
1969.55
1964.24
1958.93
1953.61
1948.28
1942.95
1937.61
1932.27
1926.93
1921.59
1916.24
1910.89
1905.54
1900.18
1894.83
1889.47
1884.11
1878.76
1873.4
1868.04
1862.68
1857.32
1851.96
1846.6
1841.23
1835.87
1830.51
1825.15
1819.78
1814.42
1809.06
1803.7
1798.33
1792.97
1787.61
1782.24
1776.88
1771.52
1766.15
1760.79
1755.43
1750.06
1744.7
1739.34
1733.97
1728.61
1723.25
1717.88
1712.52
1707.15
1701.79
1696.43
1691.06
1685.7
1680.34
1674.97
1669.61
1664.25
1658.88
1653.52
1648.15
1642.79
1637.43
1632.06
1626.7
1621.34
1615.97
1610.61
1605.25
1599.88
1594.52
1589.15
1583.79
1578.43
1573.06
1567.7
1562.34
1556.97
1551.61
1546.25
1540.88
1535.52
1530.15
1524.79
1519.43
1514.06
1508.7
1503.34
1497.97
1492.61
1487.24
1481.88
1476.52
1471.15
1465.79
1460.43
1455.06
1449.7
1444.34
1438.97
1433.61
1428.24
1422.88
1417.52
1412.15
1406.79
1401.43
1396.06
1390.7
1385.34
1379.97
1374.61
1369.24
1363.88
1358.52
1353.15
1347.79
1342.43
1337.06
1331.7
1326.33
1320.97
1315.61
1310.24
1304.88
1299.52
1294.15
1288.79
1283.43
1278.06
1272.7
1267.33
1261.97
1256.61
1251.24
1245.88
1240.52
1235.15
1229.79
1224.43
1219.06
1213.7
1208.33
1202.97
1197.61
1192.24
1186.88
1181.52
1176.15
1170.79
1165.42
1160.06
1154.7
1149.33
1143.97
1138.61
1133.24
1127.88
1122.52
1117.15
1111.79
1106.42
1101.06
1095.7
1090.33
1084.97
1079.61
1074.24
1068.88
1063.52
1058.15
1052.79
1047.42
1042.06
1036.7
1031.33
1025.97
1020.61
1015.24
1009.88
1004.51
999.151
993.787
988.424
983.06
977.696
972.333
966.969
961.605
956.242
950.878
945.514
940.151
934.787
929.423
924.06
918.696
913.332
907.969
902.605
897.241
891.878
886.514
881.15
875.787
870.423
865.059
859.696
854.332
848.968
843.605
838.241
832.877
827.514
822.15
816.786
811.423
806.059
800.695
795.332
789.968
784.604
779.241
773.877
768.513
763.15
757.786
752.422
747.059
741.695
736.331
730.968
725.604
720.24
714.877
709.513
704.149
698.786
693.422
688.058
682.695
677.331
671.967
666.604
661.24
655.876
650.513
645.149
639.785
634.422
629.058
623.694
618.331
612.967
607.603
602.24
596.876
591.512
586.149
580.785
2183.31
2134.48
2145.3
2127.41
2126.99
2117.61
2114.44
2107.55
2103.72
2098.05
2093.99
2089
2084.87
2080.29
2076.12
2071.79
2067.63
2063.38
2059.25
2055.08
2050.9
2046.66
2042.41
2038.08
2033.68
2029.19
2024.6
2019.89
2015.08
2010.18
2005.2
2000.17
1995.08
1989.95
1984.78
1979.58
1974.35
1969.1
1963.84
1958.56
1953.26
1947.96
1942.65
1937.33
1932
1926.67
1921.33
1915.99
1910.65
1905.3
1899.95
1894.6
1889.25
1883.9
1878.54
1873.19
1867.83
1862.47
1857.11
1851.75
1846.39
1841.03
1835.67
1830.31
1824.95
1819.59
1814.23
1808.86
1803.5
1798.14
1792.77
1787.41
1782.05
1776.69
1771.32
1765.96
1760.6
1755.23
1749.87
1744.51
1739.14
1733.78
1728.42
1723.05
1717.69
1712.32
1706.96
1701.6
1696.23
1690.87
1685.51
1680.14
1674.78
1669.42
1664.05
1658.69
1653.32
1647.96
1642.6
1637.23
1631.87
1626.51
1621.14
1615.78
1610.42
1605.05
1599.69
1594.32
1588.96
1583.6
1578.23
1572.87
1567.51
1562.14
1556.78
1551.42
1546.05
1540.69
1535.32
1529.96
1524.6
1519.23
1513.87
1508.51
1503.14
1497.78
1492.41
1487.05
1481.69
1476.32
1470.96
1465.6
1460.23
1454.87
1449.51
1444.14
1438.78
1433.41
1428.05
1422.69
1417.32
1411.96
1406.6
1401.23
1395.87
1390.51
1385.14
1379.78
1374.41
1369.05
1363.69
1358.32
1352.96
1347.6
1342.23
1336.87
1331.5
1326.14
1320.78
1315.41
1310.05
1304.69
1299.32
1293.96
1288.6
1283.23
1277.87
1272.5
1267.14
1261.78
1256.41
1251.05
1245.69
1240.32
1234.96
1229.6
1224.23
1218.87
1213.5
1208.14
1202.78
1197.41
1192.05
1186.69
1181.32
1175.96
1170.59
1165.23
1159.87
1154.5
1149.14
1143.78
1138.41
1133.05
1127.69
1122.32
1116.96
1111.59
1106.23
1100.87
1095.5
1090.14
1084.78
1079.41
1074.05
1068.69
1063.32
1057.96
1052.59
1047.23
1041.87
1036.5
1031.14
1025.78
1020.41
1015.05
1009.68
1004.32
998.958
993.594
988.23
982.867
977.503
972.139
966.776
961.412
956.048
950.685
945.321
939.957
934.594
929.23
923.866
918.503
913.139
907.775
902.412
897.048
891.684
886.321
880.957
875.593
870.23
864.866
859.502
854.139
848.775
843.411
838.048
832.684
827.32
821.957
816.593
811.229
805.866
800.502
795.138
789.775
784.411
779.047
773.684
768.32
762.956
757.593
752.229
746.865
741.502
736.138
730.774
725.411
720.047
714.683
709.32
703.956
698.592
693.229
687.865
682.501
677.138
671.774
666.41
661.047
655.683
650.319
644.956
639.592
634.228
628.865
623.501
618.137
612.774
607.41
602.046
596.683
591.319
585.955
580.592
575.228
569.864
564.501
2166.97
2118.22
2129.02
2111.11
2110.69
2101.32
2098.15
2091.27
2087.45
2081.77
2077.71
2072.72
2068.59
2064.01
2059.84
2055.51
2051.35
2047.1
2042.98
2038.8
2034.62
2030.39
2026.13
2021.8
2017.4
2012.91
2008.32
2003.6
1998.79
1993.89
1988.92
1983.88
1978.8
1973.66
1968.49
1963.29
1958.07
1952.82
1947.55
1942.27
1936.98
1931.67
1926.36
1921.04
1915.71
1910.38
1905.05
1899.71
1894.36
1889.02
1883.67
1878.32
1872.97
1867.61
1862.26
1856.9
1851.54
1846.19
1840.83
1835.47
1830.11
1824.75
1819.39
1814.03
1808.66
1803.3
1797.94
1792.58
1787.22
1781.85
1776.49
1771.13
1765.76
1760.4
1755.04
1749.67
1744.31
1738.95
1733.58
1728.22
1722.86
1717.49
1712.13
1706.77
1701.4
1696.04
1690.68
1685.31
1679.95
1674.59
1669.22
1663.86
1658.49
1653.13
1647.77
1642.4
1637.04
1631.68
1626.31
1620.95
1615.59
1610.22
1604.86
1599.49
1594.13
1588.77
1583.4
1578.04
1572.68
1567.31
1561.95
1556.59
1551.22
1545.86
1540.49
1535.13
1529.77
1524.4
1519.04
1513.68
1508.31
1502.95
1497.58
1492.22
1486.86
1481.49
1476.13
1470.77
1465.4
1460.04
1454.68
1449.31
1443.95
1438.58
1433.22
1427.86
1422.49
1417.13
1411.77
1406.4
1401.04
1395.68
1390.31
1384.95
1379.58
1374.22
1368.86
1363.49
1358.13
1352.77
1347.4
1342.04
1336.67
1331.31
1325.95
1320.58
1315.22
1309.86
1304.49
1299.13
1293.77
1288.4
1283.04
1277.67
1272.31
1266.95
1261.58
1256.22
1250.86
1245.49
1240.13
1234.77
1229.4
1224.04
1218.67
1213.31
1207.95
1202.58
1197.22
1191.86
1186.49
1181.13
1175.76
1170.4
1165.04
1159.67
1154.31
1148.95
1143.58
1138.22
1132.86
1127.49
1122.13
1116.76
1111.4
1106.04
1100.67
1095.31
1089.95
1084.58
1079.22
1073.86
1068.49
1063.13
1057.76
1052.4
1047.04
1041.67
1036.31
1030.95
1025.58
1020.22
1014.85
1009.49
1004.13
998.764
993.4
988.037
982.673
977.309
971.946
966.582
961.218
955.855
950.491
945.127
939.764
934.4
929.036
923.673
918.309
912.945
907.582
902.218
896.854
891.491
886.127
880.763
875.4
870.036
864.672
859.309
853.945
848.581
843.218
837.854
832.49
827.127
821.763
816.399
811.036
805.672
800.308
794.945
789.581
784.217
778.854
773.49
768.126
762.763
757.399
752.035
746.672
741.308
735.944
730.581
725.217
719.853
714.49
709.126
703.762
698.399
693.035
687.671
682.308
676.944
671.58
666.217
660.853
655.489
650.126
644.762
639.398
634.035
628.671
623.307
617.944
612.58
607.216
601.853
596.489
591.125
585.762
580.398
575.034
569.671
564.307
558.943
553.58
548.216
2150.65
2101.98
2112.74
2094.81
2094.39
2085.03
2081.87
2074.98
2071.16
2065.49
2061.43
2056.44
2052.31
2047.73
2043.56
2039.23
2035.07
2030.83
2026.7
2022.53
2018.35
2014.11
2009.86
2005.52
2001.12
1996.63
1992.04
1987.32
1982.51
1977.61
1972.64
1967.6
1962.51
1957.38
1952.21
1947.01
1941.78
1936.53
1931.27
1925.99
1920.69
1915.39
1910.08
1904.76
1899.43
1894.1
1888.76
1883.42
1878.08
1872.73
1867.38
1862.03
1856.68
1851.33
1845.97
1840.62
1835.26
1829.9
1824.54
1819.18
1813.82
1808.46
1803.1
1797.74
1792.38
1787.02
1781.66
1776.29
1770.93
1765.57
1760.21
1754.84
1749.48
1744.12
1738.75
1733.39
1728.03
1722.66
1717.3
1711.94
1706.57
1701.21
1695.85
1690.48
1685.12
1679.76
1674.39
1669.03
1663.66
1658.3
1652.94
1647.57
1642.21
1636.85
1631.48
1626.12
1620.76
1615.39
1610.03
1604.66
1599.3
1593.94
1588.57
1583.21
1577.85
1572.48
1567.12
1561.76
1556.39
1551.03
1545.66
1540.3
1534.94
1529.57
1524.21
1518.85
1513.48
1508.12
1502.75
1497.39
1492.03
1486.66
1481.3
1475.94
1470.57
1465.21
1459.85
1454.48
1449.12
1443.75
1438.39
1433.03
1427.66
1422.3
1416.94
1411.57
1406.21
1400.85
1395.48
1390.12
1384.75
1379.39
1374.03
1368.66
1363.3
1357.94
1352.57
1347.21
1341.84
1336.48
1331.12
1325.75
1320.39
1315.03
1309.66
1304.3
1298.94
1293.57
1288.21
1282.84
1277.48
1272.12
1266.75
1261.39
1256.03
1250.66
1245.3
1239.94
1234.57
1229.21
1223.84
1218.48
1213.12
1207.75
1202.39
1197.03
1191.66
1186.3
1180.93
1175.57
1170.21
1164.84
1159.48
1154.12
1148.75
1143.39
1138.03
1132.66
1127.3
1121.93
1116.57
1111.21
1105.84
1100.48
1095.12
1089.75
1084.39
1079.03
1073.66
1068.3
1062.93
1057.57
1052.21
1046.84
1041.48
1036.12
1030.75
1025.39
1020.02
1014.66
1009.3
1003.93
998.57
993.207
987.843
982.479
977.116
971.752
966.388
961.025
955.661
950.297
944.934
939.57
934.206
928.843
923.479
918.115
912.752
907.388
902.024
896.661
891.297
885.933
880.57
875.206
869.842
864.479
859.115
853.751
848.388
843.024
837.66
832.297
826.933
821.569
816.206
810.842
805.478
800.115
794.751
789.387
784.024
778.66
773.296
767.933
762.569
757.205
751.842
746.478
741.114
735.751
730.387
725.023
719.66
714.296
708.932
703.569
698.205
692.841
687.478
682.114
676.75
671.387
666.023
660.659
655.296
649.932
644.568
639.205
633.841
628.477
623.114
617.75
612.386
607.023
601.659
596.295
590.932
585.568
580.204
574.841
569.477
564.113
558.75
553.386
548.022
542.659
537.295
531.931
2134.32
2085.76
2096.45
2078.51
2078.09
2068.73
2065.58
2058.69
2054.88
2049.2
2045.15
2040.16
2036.03
2031.45
2027.28
2022.95
2018.79
2014.55
2010.42
2006.25
2002.07
1997.84
1993.58
1989.24
1984.84
1980.35
1975.75
1971.04
1966.23
1961.33
1956.36
1951.32
1946.23
1941.1
1935.93
1930.72
1925.5
1920.25
1914.98
1909.7
1904.41
1899.11
1893.79
1888.47
1883.14
1877.81
1872.48
1867.14
1861.79
1856.45
1851.1
1845.75
1840.4
1835.04
1829.69
1824.33
1818.98
1813.62
1808.26
1802.9
1797.54
1792.18
1786.82
1781.46
1776.1
1770.73
1765.37
1760.01
1754.65
1749.28
1743.92
1738.56
1733.2
1727.83
1722.47
1717.11
1711.74
1706.38
1701.02
1695.65
1690.29
1684.92
1679.56
1674.2
1668.83
1663.47
1658.11
1652.74
1647.38
1642.02
1636.65
1631.29
1625.93
1620.56
1615.2
1609.83
1604.47
1599.11
1593.74
1588.38
1583.02
1577.65
1572.29
1566.93
1561.56
1556.2
1550.83
1545.47
1540.11
1534.74
1529.38
1524.02
1518.65
1513.29
1507.93
1502.56
1497.2
1491.83
1486.47
1481.11
1475.74
1470.38
1465.02
1459.65
1454.29
1448.92
1443.56
1438.2
1432.83
1427.47
1422.11
1416.74
1411.38
1406.02
1400.65
1395.29
1389.92
1384.56
1379.2
1373.83
1368.47
1363.11
1357.74
1352.38
1347.02
1341.65
1336.29
1330.92
1325.56
1320.2
1314.83
1309.47
1304.11
1298.74
1293.38
1288.01
1282.65
1277.29
1271.92
1266.56
1261.2
1255.83
1250.47
1245.11
1239.74
1234.38
1229.01
1223.65
1218.29
1212.92
1207.56
1202.2
1196.83
1191.47
1186.11
1180.74
1175.38
1170.01
1164.65
1159.29
1153.92
1148.56
1143.2
1137.83
1132.47
1127.1
1121.74
1116.38
1111.01
1105.65
1100.29
1094.92
1089.56
1084.2
1078.83
1073.47
1068.1
1062.74
1057.38
1052.01
1046.65
1041.29
1035.92
1030.56
1025.2
1019.83
1014.47
1009.1
1003.74
998.377
993.013
987.649
982.286
976.922
971.558
966.195
960.831
955.467
950.104
944.74
939.376
934.013
928.649
923.285
917.922
912.558
907.194
901.831
896.467
891.103
885.74
880.376
875.012
869.649
864.285
858.921
853.558
848.194
842.83
837.467
832.103
826.739
821.376
816.012
810.648
805.285
799.921
794.557
789.194
783.83
778.466
773.103
767.739
762.375
757.012
751.648
746.284
740.921
735.557
730.193
724.83
719.466
714.102
708.739
703.375
698.011
692.648
687.284
681.92
676.557
671.193
665.829
660.466
655.102
649.738
644.375
639.011
633.647
628.284
622.92
617.556
612.193
606.829
601.465
596.102
590.738
585.374
580.011
574.647
569.283
563.92
558.556
553.192
547.829
542.465
537.101
531.738
526.374
521.01
515.647
2118.01
2069.53
2080.15
2062.2
2061.79
2052.43
2049.28
2042.4
2038.59
2032.92
2028.87
2023.88
2019.75
2015.17
2011
2006.67
2002.51
1998.27
1994.14
1989.97
1985.79
1981.56
1977.3
1972.96
1968.56
1964.07
1959.47
1954.76
1949.95
1945.04
1940.07
1935.03
1929.95
1924.81
1919.64
1914.44
1909.21
1903.97
1898.7
1893.42
1888.13
1882.82
1877.51
1872.19
1866.86
1861.53
1856.19
1850.85
1845.51
1840.16
1834.82
1829.46
1824.11
1818.76
1813.4
1808.05
1802.69
1797.33
1791.97
1786.61
1781.25
1775.89
1770.53
1765.17
1759.81
1754.45
1749.09
1743.72
1738.36
1733
1727.64
1722.27
1716.91
1711.55
1706.18
1700.82
1695.46
1690.09
1684.73
1679.37
1674
1668.64
1663.28
1657.91
1652.55
1647.19
1641.82
1636.46
1631.1
1625.73
1620.37
1615
1609.64
1604.28
1598.91
1593.55
1588.19
1582.82
1577.46
1572.1
1566.73
1561.37
1556
1550.64
1545.28
1539.91
1534.55
1529.19
1523.82
1518.46
1513.1
1507.73
1502.37
1497
1491.64
1486.28
1480.91
1475.55
1470.19
1464.82
1459.46
1454.09
1448.73
1443.37
1438
1432.64
1427.28
1421.91
1416.55
1411.19
1405.82
1400.46
1395.09
1389.73
1384.37
1379
1373.64
1368.28
1362.91
1357.55
1352.19
1346.82
1341.46
1336.09
1330.73
1325.37
1320
1314.64
1309.28
1303.91
1298.55
1293.18
1287.82
1282.46
1277.09
1271.73
1266.37
1261
1255.64
1250.28
1244.91
1239.55
1234.18
1228.82
1223.46
1218.09
1212.73
1207.37
1202
1196.64
1191.28
1185.91
1180.55
1175.18
1169.82
1164.46
1159.09
1153.73
1148.37
1143
1137.64
1132.27
1126.91
1121.55
1116.18
1110.82
1105.46
1100.09
1094.73
1089.37
1084
1078.64
1073.27
1067.91
1062.55
1057.18
1051.82
1046.46
1041.09
1035.73
1030.37
1025
1019.64
1014.27
1008.91
1003.55
998.183
992.819
987.456
982.092
976.728
971.365
966.001
960.637
955.274
949.91
944.546
939.183
933.819
928.455
923.092
917.728
912.364
907.001
901.637
896.273
890.91
885.546
880.182
874.819
869.455
864.091
858.728
853.364
848
842.637
837.273
831.909
826.546
821.182
815.818
810.455
805.091
799.727
794.364
789
783.636
778.273
772.909
767.545
762.182
756.818
751.454
746.091
740.727
735.363
730
724.636
719.272
713.909
708.545
703.181
697.818
692.454
687.09
681.727
676.363
670.999
665.636
660.272
654.908
649.545
644.181
638.817
633.454
628.09
622.726
617.363
611.999
606.635
601.272
595.908
590.544
585.181
579.817
574.453
569.09
563.726
558.362
552.999
547.635
542.271
536.908
531.544
526.18
520.817
515.453
510.089
504.726
499.362
2101.73
2053.29
2063.86
2045.89
2045.49
2036.13
2032.98
2026.11
2022.3
2016.63
2012.58
2007.59
2003.46
1998.89
1994.72
1990.39
1986.24
1981.99
1977.86
1973.69
1969.51
1965.28
1961.02
1956.68
1952.28
1947.79
1943.19
1938.47
1933.66
1928.76
1923.79
1918.75
1913.66
1908.53
1903.36
1898.16
1892.93
1887.68
1882.42
1877.13
1871.84
1866.54
1861.22
1855.9
1850.58
1845.24
1839.91
1834.57
1829.22
1823.88
1818.53
1813.18
1807.83
1802.47
1797.12
1791.76
1786.41
1781.05
1775.69
1770.33
1764.97
1759.61
1754.25
1748.89
1743.53
1738.16
1732.8
1727.44
1722.08
1716.71
1711.35
1705.99
1700.63
1695.26
1689.9
1684.54
1679.17
1673.81
1668.45
1663.08
1657.72
1652.36
1646.99
1641.63
1636.27
1630.9
1625.54
1620.17
1614.81
1609.45
1604.08
1598.72
1593.36
1587.99
1582.63
1577.27
1571.9
1566.54
1561.17
1555.81
1550.45
1545.08
1539.72
1534.36
1528.99
1523.63
1518.27
1512.9
1507.54
1502.17
1496.81
1491.45
1486.08
1480.72
1475.36
1469.99
1464.63
1459.26
1453.9
1448.54
1443.17
1437.81
1432.45
1427.08
1421.72
1416.36
1410.99
1405.63
1400.26
1394.9
1389.54
1384.17
1378.81
1373.45
1368.08
1362.72
1357.36
1351.99
1346.63
1341.26
1335.9
1330.54
1325.17
1319.81
1314.45
1309.08
1303.72
1298.35
1292.99
1287.63
1282.26
1276.9
1271.54
1266.17
1260.81
1255.45
1250.08
1244.72
1239.35
1233.99
1228.63
1223.26
1217.9
1212.54
1207.17
1201.81
1196.45
1191.08
1185.72
1180.35
1174.99
1169.63
1164.26
1158.9
1153.54
1148.17
1142.81
1137.44
1132.08
1126.72
1121.35
1115.99
1110.63
1105.26
1099.9
1094.54
1089.17
1083.81
1078.44
1073.08
1067.72
1062.35
1056.99
1051.63
1046.26
1040.9
1035.54
1030.17
1024.81
1019.44
1014.08
1008.72
1003.35
997.99
992.626
987.262
981.899
976.535
971.171
965.808
960.444
955.08
949.717
944.353
938.989
933.626
928.262
922.898
917.535
912.171
906.807
901.444
896.08
890.716
885.353
879.989
874.625
869.262
863.898
858.534
853.171
847.807
842.443
837.08
831.716
826.352
820.989
815.625
810.261
804.898
799.534
794.17
788.807
783.443
778.079
772.716
767.352
761.988
756.625
751.261
745.897
740.534
735.17
729.806
724.443
719.079
713.715
708.352
702.988
697.624
692.261
686.897
681.533
676.17
670.806
665.442
660.079
654.715
649.351
643.988
638.624
633.26
627.897
622.533
617.169
611.806
606.442
601.078
595.715
590.351
584.987
579.624
574.26
568.896
563.533
558.169
552.805
547.442
542.078
536.714
531.351
525.987
520.623
515.26
509.896
504.532
499.169
493.805
488.441
483.078
2085.45
2037.03
2047.58
2029.59
2029.19
2019.83
2016.69
2009.81
2006.01
2000.34
1996.29
1991.3
1987.18
1982.61
1978.44
1974.11
1969.95
1965.71
1961.58
1957.41
1953.23
1948.99
1944.73
1940.39
1936
1931.5
1926.91
1922.19
1917.38
1912.48
1907.51
1902.47
1897.38
1892.24
1887.07
1881.87
1876.65
1871.4
1866.13
1860.85
1855.56
1850.25
1844.94
1839.62
1834.29
1828.96
1823.62
1818.28
1812.94
1807.59
1802.25
1796.9
1791.54
1786.19
1780.84
1775.48
1770.12
1764.76
1759.41
1754.05
1748.69
1743.33
1737.96
1732.6
1727.24
1721.88
1716.52
1711.16
1705.79
1700.43
1695.07
1689.7
1684.34
1678.98
1673.61
1668.25
1662.89
1657.52
1652.16
1646.8
1641.43
1636.07
1630.71
1625.34
1619.98
1614.62
1609.25
1603.89
1598.53
1593.16
1587.8
1582.44
1577.07
1571.71
1566.34
1560.98
1555.62
1550.25
1544.89
1539.53
1534.16
1528.8
1523.44
1518.07
1512.71
1507.34
1501.98
1496.62
1491.25
1485.89
1480.53
1475.16
1469.8
1464.43
1459.07
1453.71
1448.34
1442.98
1437.62
1432.25
1426.89
1421.53
1416.16
1410.8
1405.43
1400.07
1394.71
1389.34
1383.98
1378.62
1373.25
1367.89
1362.53
1357.16
1351.8
1346.43
1341.07
1335.71
1330.34
1324.98
1319.62
1314.25
1308.89
1303.52
1298.16
1292.8
1287.43
1282.07
1276.71
1271.34
1265.98
1260.62
1255.25
1249.89
1244.52
1239.16
1233.8
1228.43
1223.07
1217.71
1212.34
1206.98
1201.62
1196.25
1190.89
1185.52
1180.16
1174.8
1169.43
1164.07
1158.71
1153.34
1147.98
1142.61
1137.25
1131.89
1126.52
1121.16
1115.8
1110.43
1105.07
1099.71
1094.34
1088.98
1083.61
1078.25
1072.89
1067.52
1062.16
1056.8
1051.43
1046.07
1040.71
1035.34
1029.98
1024.61
1019.25
1013.89
1008.52
1003.16
997.796
992.432
987.069
981.705
976.341
970.978
965.614
960.25
954.887
949.523
944.159
938.796
933.432
928.068
922.705
917.341
911.977
906.614
901.25
895.886
890.523
885.159
879.795
874.432
869.068
863.704
858.341
852.977
847.613
842.25
836.886
831.522
826.159
820.795
815.431
810.068
804.704
799.34
793.977
788.613
783.249
777.886
772.522
767.158
761.795
756.431
751.067
745.704
740.34
734.976
729.613
724.249
718.885
713.522
708.158
702.794
697.431
692.067
686.703
681.34
675.976
670.612
665.249
659.885
654.521
649.158
643.794
638.43
633.067
627.703
622.339
616.976
611.612
606.248
600.885
595.521
590.157
584.794
579.43
574.066
568.703
563.339
557.975
552.612
547.248
541.884
536.521
531.157
525.793
520.43
515.066
509.702
504.339
498.975
493.611
488.248
482.884
477.52
472.157
466.793
2069.19
2020.76
2031.3
2013.3
2012.9
2003.54
2000.4
1993.52
1989.72
1984.05
1980
1975.02
1970.89
1966.32
1962.15
1957.83
1953.67
1949.42
1945.3
1941.13
1936.95
1932.71
1928.45
1924.11
1919.71
1915.22
1910.62
1905.91
1901.1
1896.19
1891.22
1886.18
1881.09
1875.96
1870.79
1865.59
1860.36
1855.11
1849.85
1844.57
1839.27
1833.97
1828.66
1823.33
1818.01
1812.67
1807.34
1802
1796.66
1791.31
1785.96
1780.61
1775.26
1769.91
1764.55
1759.19
1753.84
1748.48
1743.12
1737.76
1732.4
1727.04
1721.68
1716.32
1710.96
1705.6
1700.23
1694.87
1689.51
1684.15
1678.78
1673.42
1668.06
1662.69
1657.33
1651.97
1646.6
1641.24
1635.88
1630.51
1625.15
1619.79
1614.42
1609.06
1603.7
1598.33
1592.97
1587.61
1582.24
1576.88
1571.51
1566.15
1560.79
1555.42
1550.06
1544.7
1539.33
1533.97
1528.61
1523.24
1517.88
1512.51
1507.15
1501.79
1496.42
1491.06
1485.7
1480.33
1474.97
1469.6
1464.24
1458.88
1453.51
1448.15
1442.79
1437.42
1432.06
1426.7
1421.33
1415.97
1410.6
1405.24
1399.88
1394.51
1389.15
1383.79
1378.42
1373.06
1367.7
1362.33
1356.97
1351.6
1346.24
1340.88
1335.51
1330.15
1324.79
1319.42
1314.06
1308.69
1303.33
1297.97
1292.6
1287.24
1281.88
1276.51
1271.15
1265.79
1260.42
1255.06
1249.69
1244.33
1238.97
1233.6
1228.24
1222.88
1217.51
1212.15
1206.79
1201.42
1196.06
1190.69
1185.33
1179.97
1174.6
1169.24
1163.88
1158.51
1153.15
1147.78
1142.42
1137.06
1131.69
1126.33
1120.97
1115.6
1110.24
1104.88
1099.51
1094.15
1088.78
1083.42
1078.06
1072.69
1067.33
1061.97
1056.6
1051.24
1045.88
1040.51
1035.15
1029.78
1024.42
1019.06
1013.69
1008.33
1002.97
997.602
992.239
986.875
981.511
976.148
970.784
965.42
960.057
954.693
949.329
943.966
938.602
933.238
927.875
922.511
917.147
911.784
906.42
901.056
895.693
890.329
884.965
879.602
874.238
868.874
863.511
858.147
852.783
847.42
842.056
836.692
831.329
825.965
820.601
815.238
809.874
804.51
799.147
793.783
788.419
783.056
777.692
772.328
766.965
761.601
756.237
750.874
745.51
740.146
734.783
729.419
724.055
718.692
713.328
707.964
702.601
697.237
691.873
686.51
681.146
675.782
670.419
665.055
659.691
654.328
648.964
643.6
638.237
632.873
627.509
622.146
616.782
611.418
606.055
600.691
595.327
589.964
584.6
579.236
573.873
568.509
563.145
557.782
552.418
547.054
541.691
536.327
530.963
525.6
520.236
514.872
509.509
504.145
498.781
493.418
488.054
482.69
477.327
471.963
466.599
461.236
455.872
450.508
)
;

boundaryField
{
    inlet
    {
        type            calculated;
        value           nonuniform List<scalar> 
18
(
2347.26
2330.88
2314.29
2297.71
2281.03
2264.45
2247.98
2231.49
2214.97
2198.49
2182.09
2165.75
2149.43
2133.1
2116.79
2100.51
2084.23
2067.96
)
;
    }
    outlet
    {
        type            calculated;
        value           nonuniform List<scalar> 
18
(
724.665
708.38
692.096
675.811
659.526
643.242
626.957
610.672
594.388
578.103
561.819
545.534
529.249
512.965
496.68
480.396
464.111
447.827
)
;
    }
    sideWall
    {
        type            empty;
    }
    bed
    {
        type            calculated;
        value           nonuniform List<scalar> 
300
(
2356.62
2304.21
2315.53
2298.2
2297.84
2288.49
2285.31
2278.44
2274.62
2268.96
2264.91
2259.92
2255.8
2251.23
2247.07
2242.74
2238.58
2234.34
2230.22
2226.05
2221.87
2217.64
2213.39
2209.05
2204.67
2200.18
2195.59
2190.88
2186.07
2181.17
2176.2
2171.16
2166.07
2160.94
2155.77
2150.57
2145.34
2140.09
2134.83
2129.54
2124.25
2118.95
2113.64
2108.31
2102.99
2097.65
2092.32
2086.98
2081.64
2076.29
2070.94
2065.59
2060.24
2054.89
2049.53
2044.17
2038.82
2033.46
2028.1
2022.74
2017.38
2012.02
2006.66
2001.3
1995.94
1990.58
1985.21
1979.85
1974.49
1969.13
1963.76
1958.4
1953.04
1947.67
1942.31
1936.95
1931.58
1926.22
1920.86
1915.49
1910.13
1904.77
1899.4
1894.04
1888.68
1883.31
1877.95
1872.59
1867.22
1861.86
1856.49
1851.13
1845.77
1840.4
1835.04
1829.68
1824.31
1818.95
1813.59
1808.22
1802.86
1797.49
1792.13
1786.77
1781.4
1776.04
1770.68
1765.31
1759.95
1754.59
1749.22
1743.86
1738.49
1733.13
1727.77
1722.4
1717.04
1711.68
1706.31
1700.95
1695.59
1690.22
1684.86
1679.49
1674.13
1668.77
1663.4
1658.04
1652.68
1647.31
1641.95
1636.58
1631.22
1625.86
1620.49
1615.13
1609.77
1604.4
1599.04
1593.68
1588.31
1582.95
1577.58
1572.22
1566.86
1561.49
1556.13
1550.77
1545.4
1540.04
1534.68
1529.31
1523.95
1518.58
1513.22
1507.86
1502.49
1497.13
1491.77
1486.4
1481.04
1475.67
1470.31
1464.95
1459.58
1454.22
1448.86
1443.49
1438.13
1432.77
1427.4
1422.04
1416.67
1411.31
1405.95
1400.58
1395.22
1389.86
1384.49
1379.13
1373.77
1368.4
1363.04
1357.67
1352.31
1346.95
1341.58
1336.22
1330.86
1325.49
1320.13
1314.76
1309.4
1304.04
1298.67
1293.31
1287.95
1282.58
1277.22
1271.86
1266.49
1261.13
1255.76
1250.4
1245.04
1239.67
1234.31
1228.95
1223.58
1218.22
1212.86
1207.49
1202.13
1196.76
1191.4
1186.04
1180.67
1175.31
1169.95
1164.58
1159.22
1153.85
1148.49
1143.13
1137.76
1132.4
1127.04
1121.67
1116.31
1110.95
1105.58
1100.22
1094.85
1089.49
1084.13
1078.76
1073.4
1068.04
1062.67
1057.31
1051.95
1046.58
1041.22
1035.85
1030.49
1025.13
1019.76
1014.4
1009.04
1003.67
998.309
992.945
987.581
982.218
976.854
971.49
966.127
960.763
955.399
950.036
944.672
939.308
933.945
928.581
923.217
917.854
912.49
907.126
901.763
896.399
891.035
885.672
880.308
874.944
869.581
864.217
858.853
853.49
848.126
842.762
837.399
832.035
826.671
821.308
815.944
810.58
805.217
799.853
794.489
789.126
783.762
778.398
773.035
767.671
762.307
756.944
751.58
746.216
740.853
735.488
)
;
    }
    topWall
    {
        type            calculated;
        value           nonuniform List<scalar> 
300
(
2061.04
2012.61
2023.16
2005.16
2004.76
1995.4
1992.25
1985.38
1981.57
1975.91
1971.86
1966.88
1962.75
1958.18
1954.01
1949.68
1945.53
1941.28
1937.16
1932.99
1928.81
1924.57
1920.31
1915.97
1911.57
1907.08
1902.48
1897.76
1892.95
1888.05
1883.08
1878.04
1872.95
1867.82
1862.65
1857.45
1852.22
1846.97
1841.7
1836.42
1831.13
1825.83
1820.51
1815.19
1809.86
1804.53
1799.2
1793.86
1788.51
1783.17
1777.82
1772.47
1767.12
1761.76
1756.41
1751.05
1745.69
1740.34
1734.98
1729.62
1724.26
1718.9
1713.54
1708.18
1702.81
1697.45
1692.09
1686.73
1681.37
1676
1670.64
1665.28
1659.91
1654.55
1649.19
1643.82
1638.46
1633.1
1627.73
1622.37
1617.01
1611.64
1606.28
1600.92
1595.55
1590.19
1584.83
1579.46
1574.1
1568.74
1563.37
1558.01
1552.64
1547.28
1541.92
1536.55
1531.19
1525.83
1520.46
1515.1
1509.74
1504.37
1499.01
1493.64
1488.28
1482.92
1477.55
1472.19
1466.83
1461.46
1456.1
1450.74
1445.37
1440.01
1434.64
1429.28
1423.92
1418.55
1413.19
1407.83
1402.46
1397.1
1391.74
1386.37
1381.01
1375.64
1370.28
1364.92
1359.55
1354.19
1348.83
1343.46
1338.1
1332.73
1327.37
1322.01
1316.64
1311.28
1305.92
1300.55
1295.19
1289.83
1284.46
1279.1
1273.73
1268.37
1263.01
1257.64
1252.28
1246.92
1241.55
1236.19
1230.83
1225.46
1220.1
1214.73
1209.37
1204.01
1198.64
1193.28
1187.92
1182.55
1177.19
1171.82
1166.46
1161.1
1155.73
1150.37
1145.01
1139.64
1134.28
1128.92
1123.55
1118.19
1112.82
1107.46
1102.1
1096.73
1091.37
1086.01
1080.64
1075.28
1069.92
1064.55
1059.19
1053.82
1048.46
1043.1
1037.73
1032.37
1027.01
1021.64
1016.28
1010.91
1005.55
1000.19
994.824
989.46
984.096
978.733
973.369
968.005
962.642
957.278
951.914
946.551
941.187
935.823
930.46
925.096
919.732
914.369
909.005
903.641
898.278
892.914
887.55
882.187
876.823
871.459
866.096
860.732
855.368
850.005
844.641
839.277
833.914
828.55
823.186
817.823
812.459
807.095
801.732
796.368
791.004
785.641
780.277
774.913
769.55
764.186
758.822
753.459
748.095
742.731
737.368
732.004
726.64
721.277
715.913
710.549
705.186
699.822
694.458
689.095
683.731
678.367
673.004
667.64
662.276
656.913
651.549
646.185
640.822
635.458
630.094
624.731
619.367
614.003
608.64
603.276
597.912
592.549
587.185
581.821
576.458
571.094
565.73
560.367
555.003
549.639
544.276
538.912
533.548
528.185
522.821
517.457
512.094
506.73
501.366
496.003
490.639
485.275
479.912
474.548
469.184
463.821
458.457
453.093
447.73
442.366
)
;
    }
}


// ************************************************************************* //
